4.517485839370118583e+01
1.450154403178221685e+02
1.652575580230824528e+02
7.535430846794427850e+01
1.703139658408655421e+01
6.671242201112556813e+01
5.307349366366891275e+01
7.901608130208381908e+01
1.106083206668447190e+02
7.417832983507406652e+01
1.087902821542082137e+02
6.697689797670146561e+01
9.563594985463197418e+01
8.638244873300182292e+01
3.421853866665369281e+01
8.990888414864528499e+01
9.400307903644991825e+01
3.168961348189764937e+00
1.047850119692577238e+02
1.650622945201243112e+02
3.929050439073432699e+01
1.309615730640832965e+02
1.596026189029367970e+02
7.791507890851177898e+00
1.619780861903632001e+02
1.732202155174010159e+02
1.041301708260918844e+02
3.190765839243990243e+01
7.954290435292018913e+01
7.039580876769677786e+01
1.673007854318292402e+02
1.037395368364533823e+02
7.818800719614515060e+01
4.422726438450334285e+01
9.296817131407722457e+01
1.107916109102606868e+02
1.212801531436753635e+02
6.747373102664539601e+00
8.089466716216325892e+01
1.034093304557116682e+02
8.313388566189466644e+01
1.664903854182271914e+02
1.715793767201983542e+02
3.143258701920922604e+01
4.337842630936281196e+00
1.356652910445041300e+02
1.177409644860073854e+02
1.369753589764912078e+02
3.518671214654155222e+01
1.123853997823621285e+02
2.853515977209262289e+01
3.781881693249101062e+01
5.869059261538280481e+01
5.181327938448159642e+01
3.059405205840845454e+01
8.031320095036370788e+00
9.085921130378503108e+01
5.209750987238308539e+00
8.188194552665227377e+01
6.949130623203414459e+00
5.612138061752363427e+01
1.310397895548460099e+02
8.602962251400953164e+01
1.611840801871154270e+02
4.362763868057648153e+01
3.619671180148247203e+01
8.549023794258262399e+01
8.913039546785340406e+01
1.633589332139622456e+02
1.244141386160089802e+01
6.775277426554524141e+01
1.043990723432136178e+02
5.700069031670309982e+01
1.632677446652500635e+02
3.331184018265074798e+01
1.213128498673775226e+02
7.162616511298408284e+01
4.247066173542011569e+01
1.057658449713171365e+02
1.526325234334202605e+02
1.644925949875299125e+02
8.074324309467177940e+00
1.044984621219659573e+02
9.663095257637414193e+01
5.307813175521552296e+01
1.417371365212582930e+02
1.558515930257889863e+02
1.341744698682330217e+01
1.166329712861879742e+01
1.144140461624382112e+02
3.264416027072591930e+00
1.292067183192039010e+02
6.594846002793033790e+01
9.422292276329798710e+01
1.406378381519818390e+02
2.215275384424192850e+01
6.925069243818727216e+01
1.221039553418474242e+02
7.288266063172842735e+01
5.883468914256513926e+01
1.017597434109027148e+02
1.771947839846344550e+02
5.348880154357414796e+01
1.181303358668440069e+02
1.771391155964877839e+02
6.069070480806119861e+01
1.797774380137253445e+02
1.242350758707651153e+02
1.539253855227870247e+02
6.699015851254431198e+01
3.630222372706884215e+01
4.231445620272396724e+01
1.363807794168809551e+02
1.078063311797476871e+02
4.232261644000238476e+01
7.058718602874731118e+01
4.492427920419592624e+01
8.155258625666810701e+01
1.683936271328073815e+02
1.635212112536063103e+02
1.321414633251132784e+02
1.253185094182829573e+02
1.537526402653881803e+02
1.765993153922134073e+00
7.728517533060094991e+01
7.133830048228389842e+01
7.256777268119124358e+01
1.457461606138863033e+02
1.509624926421932685e+02
1.202453391027256799e+02
1.434582228312137602e+02
9.099362963469914689e+01
2.894054955113028171e+01
1.240183306400518006e+02
1.238027361223529681e+02
1.686199928152823446e+01
5.548973866142683065e+00
1.339547297565762278e+02
8.588249665147590406e+01
1.521559590628803562e+02
8.031985023271980140e+01
1.644512204385707719e+02
1.236045908801484128e+00
9.086133364445674943e+01
1.502552290578065879e+02
1.050902379534322790e+02
6.483982810686599407e+01
8.559247669928016933e+01
4.802846841121790611e+00
1.412776169304201233e+02
