1.733747880678370734e+02
1.656421017763735506e+02
1.500402711849481818e+02
2.708887750566965025e+01
6.723144314777161412e+01
1.712668102341593226e+02
1.138803373503837548e+02
8.901596272518256114e+01
9.177702140080207016e+00
9.535514812898253467e+01
2.460456055640194961e+01
1.511166964550754130e+02
1.467772909310271245e+02
1.271891954120646417e+01
1.775568295819919058e+02
4.278311903043555020e+01
1.399982099535266400e+01
2.699664965085279178e+01
1.124505000402815540e+02
2.835193550800750018e+01
1.162834657980698552e+02
4.391392408379299894e+01
9.160790033044618497e+01
1.404694939112535224e+02
6.491406399046171316e+01
2.669480000876944814e-01
1.219215670152645430e+02
4.346175347738637385e+01
1.166316925920906868e+02
3.314123675485670617e+01
2.525362761112304177e-01
1.632477544484156056e+02
3.724173431977417437e+01
9.188712925210282378e+01
9.139406345839449841e+01
1.526702198840245046e+02
1.944494751797874343e+01
8.155474486598085093e+01
1.697505195306500525e+01
1.317063642056101003e+02
7.069186302463812410e+01
1.787934057868007471e+02
1.400529533570475849e+02
5.010078389079223626e+01
1.274391764256867958e+02
2.539630485157477224e+01
1.094611252169657263e+02
2.155858877549700026e+01
2.732267511483830802e+01
1.388246396781464398e+01
5.840139564247548876e+00
4.498522469718320593e+00
1.236905215530456701e+02
6.743513329231728903e+01
1.663210152569294564e+02
1.598214961694704925e+02
1.248947724296781132e+02
5.449909157564604811e+01
1.538542812497684338e+02
1.071540201328009800e+02
2.890064646089835065e+01
4.014689893152041833e+01
6.760512256333375092e+01
3.206321448046259093e+01
6.813992956887283015e+01
1.047194675030084312e+02
8.418170812842622297e+01
1.439852480985922796e+02
1.098699752402709890e+02
1.655085849703162069e+02
6.329184251263713179e+01
9.157509991767388158e+01
1.258039878808189940e+02
1.634530391816448969e+02
6.795696392612020986e+01
1.011157341154275713e+02
1.174385632762081570e+02
6.949202264887992442e+01
7.694614317967263162e+01
1.575859544618956534e+02
1.889575922056799584e+01
2.285608219154170584e+01
1.641996884948130457e+02
1.617387136319356955e+02
4.691356647119399526e+01
4.073300217696694858e+01
2.649690532861199710e+00
4.529113040893791009e+01
1.006361424572621388e+02
1.060625399149103458e+02
1.403046178636361958e+02
1.162665346363562691e+02
3.361525379403956038e+01
8.454474728624197155e+01
4.327240717053549446e+01
1.515395132262522679e+02
1.046049201321152538e+02
1.412354378046545378e+02
1.678990461671270964e+02
3.665163228001019036e+01
5.469802886612575321e+01
1.719501514058962641e+02
2.431933867235180902e+00
1.626737400236773965e+02
9.977552973034360662e+01
1.296134095487423963e+02
1.089022677881679613e+02
5.053970765164447698e+01
1.005509913724200146e+02
1.443922092166002074e+02
1.521481134628926952e+02
1.087355259123349498e+02
1.405192702461227441e+02
6.494326363357207299e+01
1.107577985604745265e+02
1.404778666768942763e+01
4.977450300933048766e+01
5.374973166413682435e+01
6.451829892577052306e+01
7.077839987288359680e+01
1.310301782886267574e+02
1.589408364232914437e+02
3.819171193919952856e+01
1.393926368040399382e+02
6.123155067471370216e+01
4.156219917931004204e+01
1.342230281276070230e+02
1.783369116326799713e+02
2.497357290508650518e+00
1.724065799373227890e+02
6.045208271372591469e+01
1.650786195685527957e+02
1.508938132909721332e+02
6.142338941700228361e+01
2.145927276117554072e+01
7.830118157284302072e+01
1.574358702995761519e+02
2.109634799784995352e+01
1.345209998854856792e+02
5.407482375055627699e+01
3.997585531213321275e+01
2.815529816287758447e+00
9.666634821551147638e+01
1.214080579847065025e+02
1.579788773459487459e+02
8.255801340839572333e+01
8.452970840751541459e+01
1.994620232546477823e+01
6.805274732687277606e+01
1.201174040106517538e+02
