5.788194466171880492e+01
7.050170589293557555e+01
1.799646268184561393e+02
1.090617282342044660e+02
8.416039485803501918e+01
1.647488259119659801e+02
1.513600332047863617e+02
6.492851913499453076e+01
1.254366808425627369e+02
8.923087370020182618e+01
3.829188693196743998e+01
5.750252980871650266e+00
1.778603395848053594e+02
1.514978519335257658e+02
2.335382883755767836e+01
2.239530000024103984e+01
9.168656057678285265e+01
1.180569677122006453e+02
1.672573754441808092e+02
9.726048273066450633e+01
4.624475401571262978e+01
1.898036711956950739e+01
1.160362549116866120e+02
1.295454721501982078e+02
6.944433872040238498e+01
9.770741799208016687e+01
1.197542146683521196e+02
5.580929647168554908e+01
2.633292287242828067e+01
3.767812215224098082e+01
1.988626919683980177e+01
3.129846706840343984e+01
5.829834817979151040e+01
3.856752409787294056e+01
1.400091216147134610e+01
4.471746442028840818e+01
9.268925916048798008e-01
1.031371557482599286e+02
4.973983339425078043e+01
1.154490171081230532e+00
6.161101560164495794e+01
3.971987283506572197e+01
1.419150777237377099e+02
1.494379825944723450e+02
7.976898467060904352e+01
9.968388818545454555e+00
1.607887818022809370e+02
4.838232300008548648e-01
4.362274698519512128e+01
1.793121925746278862e+02
1.333898355236580180e+01
1.218542004401985110e+02
1.245612850737912680e+02
6.075584439230801337e+01
9.011509355416131939e+01
5.335068732960682070e+01
9.951398278872089520e+01
1.471776459276322555e+02
7.957101056749278811e+00
5.189111398139869635e+01
1.662605832136480331e+02
9.819664643992570063e+01
6.774161478621267918e+01
7.543738695617524570e+01
3.571581084960012475e+01
1.525497043600246911e+02
1.467254906879575458e+02
1.256623490488513255e+02
1.727361529480615161e+02
6.536160656668440083e+01
9.747895016796564960e+01
8.068736987352723489e+00
1.024130589544052867e+02
1.485032805840490369e+02
1.620033377695567935e+02
1.274304811408900093e+02
9.878190353232774612e+01
9.212842679230769249e+01
6.664475877638784596e+01
4.018372804905582285e+01
5.310648492068679616e+01
1.769380287510320571e+01
1.061856284219164763e+02
1.372411761807233859e+02
4.835419403116900128e+01
8.211250833725625142e+00
9.538346359815884057e+01
1.225335568603928920e+02
1.100631555317612538e+02
6.416181276910290876e+01
1.505485793713097280e+02
8.134468895444587133e+01
9.214407769919635882e+01
8.041985126680157236e+01
6.957744961918246318e+00
1.758204665277168317e+02
7.439154952189687720e+01
1.189937959550318993e+02
1.677108228984091909e+01
1.733930779886453877e+02
1.528281614292859842e+02
1.073213511044092598e+02
5.488915750370205160e+01
9.693587586346069429e+01
8.230812272365440663e+01
9.390028728996249185e+01
3.434345948535697346e+01
3.905302312729092673e+00
1.502938784576350599e+02
4.195638520425857720e+00
9.381233386932345297e+01
3.533899462074415965e+01
1.659367785595940461e+02
1.713702921160176516e+02
1.171339713556733386e+02
1.410099780650450612e+02
3.520207816323100758e+01
1.212314569861590741e+02
9.686537887401586033e+01
1.538928977707179797e+02
8.975443340248519064e+01
8.899754072787533232e+01
3.059593649693357520e+01
1.093123808035573461e+02
3.113506730105330433e+01
1.057612769262235020e+02
1.608939076656615441e+02
9.710909831906437262e+01
1.351575391356454077e+02
1.180667680639789268e+02
3.047169131334235281e+00
2.696337823291608871e+01
7.375302457944144408e+01
5.577225450663087969e+01
2.924758296199263441e+01
1.798003497340076251e+02
4.826498941992998226e+01
1.716222176904122989e+02
3.553051377948930423e+01
1.434953459676851217e+01
5.748618488158794726e+00
1.686909254070274145e+01
8.573982049503765523e+00
1.492737526474213610e+02
2.572037971602019724e+01
4.279288361529427931e+01
1.464033630666509964e+02
1.716849557211194792e+02
7.747653843815380981e+01
3.168432369108874624e+01
