1.082706868416279775e+02
2.299993367903991270e+01
1.341137289182628081e+02
1.417603623143713421e+01
1.640691634226776046e+02
4.969222770252785182e+01
1.556871944426613936e+02
5.749884093885353487e+00
3.908596361936853469e+01
1.162157769721437575e+02
1.556311620270796823e+02
1.232999808277847897e+01
5.844525290338822288e+00
1.034840202888323262e+02
1.459477013508854100e+02
1.850406083958369052e+01
1.419953918713772794e+02
1.271739489207970308e+02
8.124748011098057532e+01
1.033341555174063160e+02
1.321702804065737098e+02
5.673380811544880942e+01
1.107657031572178141e+02
8.312791375171792652e+01
1.254173001796219040e+02
7.117843124963966872e+00
1.979885787579154766e+01
1.137972479139550046e+02
1.570833536150508394e+02
1.524333882887682137e+02
1.622916670369217798e+02
1.399926778293280165e+02
5.244166373746669763e+01
2.068006742564663369e+01
1.405111448174428403e+02
1.229895579053798400e+02
1.719270279329982429e+02
5.720985267759451887e+01
1.166362820373465325e+02
9.648759708455575890e+01
8.986283168880447647e+01
1.755621919121554697e+02
8.885445258395808565e+00
5.343976571306354373e+01
3.221904582360069469e+01
8.198986950262465712e+01
5.395289622492008874e+01
6.592930969505341920e+01
9.047315345159667288e+01
5.943663050515615254e+01
1.242226635448567009e+02
9.139808033344351657e+01
6.091374870427384991e+01
4.053677276778675065e+01
4.321277785558238094e+01
1.711662403724645856e+02
4.563157024065057499e+01
1.305493218417456660e+02
1.646637578964092654e+02
1.653249452788064673e+02
1.009082645813298740e+02
7.081428239593468277e+01
1.736786738915728634e+01
9.602007730777594929e+01
4.380617691817422354e+01
1.717492759256646195e+02
1.569901842714552629e+02
5.883911862049839669e+01
1.324524680062718573e+02
6.245805372843560122e+01
8.960269399722922401e+01
3.761779625727195508e+01
9.134976240478314935e+01
1.296531987320361168e+02
1.197216828971743467e+02
1.228362511323287549e+02
1.109563635238413060e+00
1.612972125493001272e+02
7.344872413355355434e+01
7.642647014692465746e+01
8.904313890791189579e+01
5.116417674146343586e+01
9.343462113617654552e+01
7.155322582767557549e+01
6.279376530241424348e+01
9.867054551742734603e+00
6.104596882114600476e+01
3.978467770482439647e+01
1.167678783759375705e+01
5.668973225041833786e+01
6.207218948930746194e+01
1.275540052571449792e+02
1.629791411769308809e+02
9.100806357988606976e+01
2.721069327586967290e+01
6.429448489633189467e+01
1.479563116111795296e+02
4.904619434477456252e+01
6.892054763391639938e+01
1.302825036335658382e+01
1.146425428034548233e+01
1.088228669492066274e+02
1.632529031114794975e+02
1.575928331595775376e+02
9.219964229585579574e+01
1.317007236652507629e+02
2.392584914432219989e+01
1.553226244167322250e+02
4.139761668811686945e+01
1.593829332778094852e+02
6.979906631270567630e+01
6.614729880645573701e+01
1.186865412139236042e+02
1.153964215178718291e+02
2.194996094943767062e+01
6.157355736824730030e+01
1.788538596962172562e+02
5.530159608860130049e+01
1.903537965819838007e+01
6.228904682007081028e+00
1.786958132939176949e+02
6.470641726855488685e+01
6.955950085481757128e+01
1.650592997983550276e+02
6.614676481270365116e-01
1.101688913971043888e+02
9.922543553320372212e+01
5.999392065554220466e+01
7.057563902392040234e+01
2.349487704613063599e+01
9.258904722996017256e+01
5.855901098863713905e+00
7.522980831720245476e+01
3.494056841637495125e+01
3.267385401906644660e+01
9.210566957031433333e+01
1.664111044993060204e+02
2.681773161768595770e+01
3.905137489430173758e+01
1.386847511128252961e+02
8.566824026832097161e+01
1.015034248086173676e+02
1.490517939962677829e+01
1.250974146898044523e+02
3.376408513725377958e+01
8.694588953403432185e+01
1.100355629604150778e+02
4.212531968431055418e+01
1.657440108868576658e+02
1.360659811772056003e+02
