0
11.25
Alice: 0, Bob: 0
[728]
0
56.25
Alice: 0, Bob: 1
[5715]
0
-11.25
Alice: 0, Bob: 2
[1361]
0
33.75
Alice: 0, Bob: 3
[5291]
45
11.25
Alice: 1, Bob: 0
[7185]
45
56.25
Alice: 1, Bob: 1
[683]
45
-11.25
Alice: 1, Bob: 2
[5706]
45
33.75
Alice: 1, Bob: 3
[1581]
22.5
11.25
Alice: 2, Bob: 0
[5865]
22.5
56.25
Alice: 2, Bob: 1
[1476]
22.5
-11.25
Alice: 2, Bob: 2
[1075]
22.5
33.75
Alice: 2, Bob: 3
[6359]
67.5
11.25
Alice: 3, Bob: 0
[1611]
67.5
56.25
Alice: 3, Bob: 1
[5092]
67.5
-11.25
Alice: 3, Bob: 2
[5316]
67.5
33.75
Alice: 3, Bob: 3
[639]