array([[ 152.3983506 , 6590.96282145, 2950.17338047, 3899.04704548,
        2883.58966076, 4199.26487478],
       [7277.92270043,  111.07373249, 4396.63303826, 3029.81660896,
        5598.38538028, 3046.96507669],
       [3518.3107591 , 4263.56963466, 7660.45620632,  212.66647206,
        8233.48610004,  328.70897766],
       [4376.39802073, 2818.28496422,  269.16385668, 6768.95641274,
         370.28056931, 8028.65059962],
       [3067.82701594, 4755.95726265, 7150.575302  ,  250.36322017,
        8135.61960473,  232.90995002],
       [4561.20737044, 2464.64460845,  405.96905085, 6595.03599767,
         492.42541266, 6930.05052139]])