6.945241179579999979e+00 1.889390671939999988e+00 8.824716440639999604e+00 1.779903508689000091e+01 9.551497645900000055e-01
6.687968145280000165e+00 6.035185039299999943e+01 7.397069142351000437e+01 6.487831182179999701e+01 1.075220407505000075e+01
1.812360109339999914e+00 2.358102179112000130e+01 2.840667279032000181e+01 5.235300868976000288e+01 5.847809002800000044e+00
3.957909617649999934e+00 2.915964087599999921e+00 8.883333499229999930e+00 2.085510825300000093e+01 -3.291891839999999680e-02
5.965219409999999556e+00 9.288843611499999486e-01 2.887679503200000219e+00 2.882863554240000070e+00 -2.540576582999999958e-02
1.883135111599999911e+00 1.280131810672000015e+01 3.647885432679999695e+01 1.481823496724999956e+01 9.867969786159999757e+00
2.708865886889999963e+00 4.650786481294999675e+01 8.565674760105000018e+01 7.537315441759999679e+00 2.566910092867999893e+01
1.792469240660000018e+00 2.765860988320000047e+01 5.704914039250000002e+01 2.067056789861999988e+01 1.575389412142000012e+01
3.878132807560000117e+00 9.778616170299999411e+00 4.940835017071999857e+01 7.806769661059999699e+00 9.851870098179999147e+00
2.962569535500000129e+00 9.355576838500000436e-01 8.212106115999999734e-01 3.937031576049999870e+00 -4.523504048999999611e-02
5.867594730240000445e+00 9.458027485300000148e-01 -1.659399955199999943e-01 7.872080350670000115e+00 -4.001379668999999889e-02
6.228686553074999921e+01 2.767794053563000034e+01 9.199797349035000593e+01 5.617560335564999718e+01 2.576255542711999880e+01
2.662551065879999967e+01 1.583007333189999954e+01 3.344862511384000214e+01 3.455822331080000254e+01 5.866089463499999823e+00
2.169619263255999897e+01 8.854043318460000478e+00 1.653145658216000058e+01 3.762636329314999983e+01 8.926799750199999606e-01
2.775806803360000075e+01 4.887835071799999653e+00 2.466301063750000111e+01 2.171993797129000114e+01 6.913574112130000060e+00
-6.831514403999999763e-02 5.852324037569999859e+00 1.777579134551999829e+01 5.842225747319999662e+00 4.945204301899999599e+00
1.769788563299999851e+01 6.633361516269999925e+01 4.802313078219999909e+01 2.728739677005999908e+01 1.076176067131999936e+01
1.488288435179999958e+01 1.975883803337000089e+01 1.264935460611999929e+01 1.573733509540000064e+01 1.903200172400000056e+00
9.188151920200000600e-01 4.830972388160000186e+00 1.276223241693999988e+01 1.584098573776000052e+01 9.356375134000000093e-01
-3.367296197999999907e-02 9.314586723700000181e-01 4.902318701239999577e+00 3.923466106719999846e+00 1.975699382780000013e+00
1.180696458351000011e+01 4.890477627950000183e+00 7.761183236900000004e+00 1.379441549731999928e+01 1.938780005599999967e+00
3.442704612416000032e+01 3.968859005680000251e+01 7.932950635669999429e+01 1.839719196549999936e+01 1.581914798709999914e+01
1.777890832920000008e+01 9.878703852699999288e+00 4.733918620699999913e+00 1.076725534844000087e+01 1.931244663890000046e+00
8.884379989259999277e+00 9.366760054899999632e-01 4.859323980620000150e+00 1.087594042591999965e+01 9.623765627200000505e-01
2.068669669475999839e+01 1.281820237366000015e+01 3.462802340516000044e+01 2.465338704370000045e+01 5.900064867330000240e+00
1.977132417608000026e+01 3.857344957840000088e+00 7.869247211240000262e+00 1.880907976972000029e+01 1.952805677239999982e+00
4.349636863685000066e+01 3.870411669407999966e+01 5.270550520094000291e+01 1.353479326699999952e+01 8.898292991519999973e+00
-1.147700663999999954e-01 7.932264569720000047e+00 8.933624225999999169e+00 9.113129250400000547e-01 2.976768619230000024e+00
2.077452440832000136e+01 4.864631302310000294e+00 5.875208686499999722e+00 1.579314408243999956e+01 1.955037645200000007e+00
2.871878732903000042e+01 1.483673440335000038e+01 2.838893478600000186e+00 1.477018748849999952e+01 1.944271666279999922e+00
9.811132146100000284e+00 9.111616899400000191e-01 9.131351010399999524e-01 1.382087507800999937e+01 -3.264863112000000039e-02
6.433248111896000410e+01 3.267174941807999744e+01 4.168542852069000304e+01 2.435275709080000084e+01 9.885531538720000455e+00
-8.024832971999999731e-02 1.952742398420000081e+00 2.950835690819999968e+00 4.904525449850000385e+00 9.826309367200000144e-01
3.879663795039999918e+00 -5.788216097999999976e-02 9.428092858000000076e-01 5.905894647930000296e+00 -2.038299714000000110e-02
2.076243423168000035e+01 5.872604406899999852e+00 -1.288989879299999863e-01 1.674271412395999903e+01 1.955136096649999988e+00
9.659623873599999522e-01 -4.059226709999999572e-02 1.859816842130000092e+00 -6.860407590000000555e-02 -3.191948370000000090e-02
2.936693112446999976e+01 8.026314955290000341e+01 2.724626391340099758e+02 7.377739281776999292e+01 6.241873274099999946e+01
3.881107108120000149e+00 7.856422460180000122e+00 4.051007998232000062e+01 1.676297631365000029e+01 8.880097375080000077e+00
9.904345611220000123e+00 2.895360231000000173e+00 2.760391499608000032e+01 2.080182491400000089e+01 5.901781703640000210e+00
8.936398362600000311e+00 1.926728371999999911e+00 1.274209353436000036e+01 7.874633238200000385e+00 3.940186745560000148e+00
1.680682659514999955e+01 1.178740584156000004e+01 8.548574121999999997e-01 2.674642505795999980e+01 1.937018644399999934e+00
1.968243288877999930e+01 3.269140457999999683e+01 3.178774251481999968e+01 1.966064841992000112e+01 6.909643511799999693e+00
1.924338434600000092e+00 9.207320489200000457e-01 5.944927503029999727e+00 6.921803799610000141e+00 1.978220404099999996e+00
8.848002953250000857e+00 3.851436308349999837e+00 8.999515216000000262e-01 1.983846385784000077e+01 9.536130042399999507e-01
8.836636611239999439e+00 1.285197680839000078e+01 2.888520503520000116e+00 3.836378929179999897e+00 4.952610516650000072e+00
-4.751936279999999929e-02 1.088405026579999912e+01 1.584667066929999990e+01 9.259042334500000582e-01 2.960084017289999814e+00
2.571508037779999967e+01 5.532661210519999884e+01 4.212280819555000022e+01 1.954915077944000146e+01 6.775604510109999978e+00
9.388390853800000491e-01 5.844126300540000152e+00 5.811294745499999692e+00 7.910335813939999738e+00 -4.789566935999999692e-02
3.942716006199999956e+00 6.858247034589999735e+00 6.823068540190000419e+00 4.916828788520000160e+00 -4.514791932000000035e-02
-4.167791415000000194e-02 4.889832582020000373e+00 1.486895009919000010e+01 5.936774347590000112e+00 -3.404598965999999782e-02
1.948429932500000072e+00 8.871338651489999449e+00 1.584559847715999936e+01 4.882714830950000362e+00 3.933396823359999850e+00
2.764171917999999906e+01 7.205108814604000145e+01 6.787127864930999976e+01 4.218172828000000152e+01 3.064969327197999860e+01
7.909961489449999661e+00 7.766424834380000419e+00 8.733860868509999875e+00 2.079236964629999918e+01 1.188819338340000087e+01
4.922894526980000407e+00 1.791253996040000018e+00 1.677958269470000019e+01 1.582354132180000050e+01 6.901213252119999808e+00
3.968547086020000059e+00 3.920599456780000214e+00 6.906827580819999923e+00 4.926340624999999918e+00 9.611521991200000503e-01
2.281292227040000142e+01 1.904312818369999993e+00 7.808040890450000049e+00 1.678472599382000041e+01 9.627351723999999500e-01
4.238740145904999679e+01 6.567207682656000145e+01 6.232701865634999905e+01 3.825922178190000267e+01 1.587077097351999910e+01
1.084324542230000077e+01 3.924497346879999959e+00 -1.606459392000000042e-01 1.281215127675999987e+01 9.688347737200000420e-01
4.885170823040000165e+00 1.935618951439999957e+00 -1.301232599999999906e-01 9.855608470929999143e+00 -2.418797699999999939e-02
1.675905782119999898e+01 3.876720920049999908e+00 4.744018784479999695e+00 2.370215178636000175e+01 9.505716972400000131e-01
2.938999010159999870e+00 9.159318463600000237e-01 1.277809322781999946e+01 2.931879329670000089e+00 1.951606549999999940e+00
4.153980959700000142e+01 9.033632858331999671e+01 1.462956287314000008e+02 2.744610428773000166e+01 4.260955276779999679e+01
1.381557772741999912e+01 2.280607986668000109e+01 7.133707751903999394e+01 3.078503124555999904e+01 6.856869039100000229e+00
5.854258081860000296e+00 1.979812258300999872e+01 4.147816366005000077e+01 1.983595424294000154e+01 5.882329568220000304e+00
5.868696225749999940e+00 1.185051129240000023e+01 3.550706995590000048e+01 1.584634529230000055e+01 6.894426812919999925e+00
-4.956850079999999825e-02 3.838905738759999853e+00 9.856030578940000453e+00 6.953854338880000263e+00 5.944410688199999626e+00
4.372260363025999652e+01 7.507240792599999679e+01 4.516930525005999897e+01 5.743807383390000076e+00 1.568568500475999983e+01
7.882310264300000036e+00 3.358579103224000306e+01 2.364075204405000008e+01 8.940655350999999751e-01 1.786263152652000130e+01
1.883399884399999946e+00 3.357491068131999867e+01 2.862062634421999974e+01 2.891093251440000067e+00 1.485809707199999963e+01
-7.692859979999999709e-02 2.073240429491999848e+01 1.476387229919999911e+01 4.932928589900000382e+00 6.908597494000000339e+00
4.896674387960000097e+00 2.887899283739999934e+00 9.778467859299999176e+00 1.289593835500000019e+01 1.970519053699999912e+00
3.051968686824999821e+01 5.747730806596000264e+01 1.039748821391399929e+02 3.040429101367000086e+01 9.860955166720000165e+00
1.080806933360000066e+01 5.842094481150000185e+00 1.558420926099999981e+01 2.779897113819999888e+01 9.469741600000000092e-01
2.574020690665999922e+01 1.371613946413999940e+01 4.347157694821999740e+01 3.073674283960000153e+01 -7.057532592000000105e-02
1.882082604141999838e+01 8.806194258930000629e+00 3.663021068217999954e+01 1.778285994335999831e+01 9.522981685000000418e-01
4.892477100799999867e+00 1.381862517260000089e+01 1.384841194979000001e+01 9.181891835200000074e-01 4.941713806160000111e+00
3.372181204479999650e+01 1.051999622263999967e+01 2.361970977089999835e+01 3.979428144556000291e+01 -1.491629547599999939e-01
7.881282313549999863e+00 7.801713144529999866e+00 7.821453043790000059e+00 2.910019902600000208e+00 4.932793966280000220e+00
7.900273266560000174e+00 3.833561047719999948e+00 8.579421092800000315e-01 4.928969987060000335e+00 2.948102247000000009e+00
3.852657225399999774e+00 2.175034163799999831e+01 1.879653567717999962e+01 -1.070729036999999995e-01 1.191748734605999971e+01
5.885170013039999759e+00 7.905478629500000132e+00 1.881996383124999994e+01 1.284509743141000015e+01 1.974662973200000060e+00
4.938509955164000331e+01 4.451023383777000220e+01 9.201553292549999696e+01 6.224798976408000328e+01 3.866493770950000020e+00
3.177990245839999872e+01 4.831252949479999614e+00 1.865612437795000034e+01 2.370598654667999838e+01 -4.547381552999999604e-02
1.979327837720000005e+01 -1.648817207999999923e-01 2.068557737033999899e+01 4.075668441103999839e+01 -4.220990999999999632e-02
1.483431644400000060e+01 2.863927601849999949e+00 1.074034736876000018e+01 2.677499710812000089e+01 -3.666582773999999684e-02
2.877737760840000103e+00 1.380823379599999967e+01 8.839672006860000764e+00 1.381478163835999950e+01 5.921805441480000098e+00
3.670460862651999889e+01 4.454606979215999729e+01 1.156275232455000079e+01 4.355143874027000095e+01 1.678761311164999981e+01
6.931654092159999614e+00 -1.086204265199999935e-01 4.910514327409999602e+00 1.089237454184000065e+01 -4.704557759999999922e-02
5.917795029419999686e+00 1.866488951450000044e+00 8.884536573600000153e+00 1.887107849650000091e+01 2.947144566179999980e+00
9.312426186400000194e-01 6.890123224599999929e+00 1.390597561390999992e+01 8.901276969150000440e+00 2.955791427959999940e+00
4.919343512900000270e+00 1.282580316984999946e+01 2.578428932525000050e+01 1.284972840958000084e+01 5.908553472120000372e+00
2.265436572943999849e+01 6.631377251979999699e+01 4.011199853899999823e+01 4.538360140479999671e+01 2.662133366052000127e+01
1.391113108489999917e+01 3.823315193290000025e+00 4.780667188309999815e+00 1.484831530463999982e+01 2.911140051599999889e+00
7.926360453800000094e+00 2.854374103020000053e+00 1.181950411008000046e+01 1.486702184640000013e+01 2.920102408380000014e+00
3.963311866479999779e+00 4.924643397979999726e+00 1.390078176107000019e+01 9.348684346000000200e-01 9.618421862799999555e-01
-4.968213003000000044e-02 1.284032040862000024e+01 1.284432594285999940e+01 2.947500559559999900e+00 1.957680335000000049e+00
2.270344437221000078e+01 9.006648039297999730e+01 5.719188114832000025e+01 5.703114701399999653e+00 2.676544874306999944e+01
1.087692514373000030e+01 5.061186929894999764e+01 3.461326417970000335e+01 8.867154200399999908e+00 1.189716199823999965e+01
7.909292247199999792e+00 2.975154710916000056e+01 1.574193940674999936e+01 9.093867863500000315e-01 2.932061537550000097e+00
3.902172282400000025e+00 3.870157269306000103e+01 2.871047123479999996e+01 4.899366611689999651e+00 5.924605023419999839e+00
9.111869287299999565e-01 4.931990378240000084e+00 9.522907245999999715e-01 9.913237614639999862e+00 -2.545259436000000056e-02
5.062128685305000175e+01 3.269667747263999757e+01 1.378028047243999943e+01 2.758658300649999973e+01 4.886663160560000385e+00
7.910405234179999745e+00 1.932522990500000093e+00 9.536055433300000272e-01 5.911317130559999633e+00 9.736232588200000038e-01
2.936096564700000133e+00 -5.028722513999999560e-02 9.638304511599999902e-01 7.939045583539999562e+00 -1.879168004999999878e-02
8.909498684800000179e-01 1.191576738396000046e+01 9.390468082599999766e-01 9.893773151019999545e+00 3.968798982250000051e+00
-5.427012149999999556e-03 -9.865877759999999025e-03 -2.740706361000000077e-02 2.965771518960000019e+00 -9.800516429999999585e-03
2.180353284678999870e+01 4.865852103348999691e+01 1.053178194215499985e+02 3.643259818330000144e+01 1.287002671878999926e+01
2.076069116513999901e+01 2.175322675270000161e+01 3.357448721493999955e+01 7.706687608160000202e+00 3.942690175300000099e+00
1.883095673248000068e+01 3.851366438559999938e+00 7.717384819700000342e+00 7.826839520300000075e+00 9.672685075000000410e-01
2.673566880714000149e+01 1.475224156752000049e+01 2.459486059981000139e+01 1.876681397539000073e+01 9.445351155400000254e-01
1.781498251917000175e+01 1.578520530483999984e+01 1.376636245547000037e+01 3.857375990560000023e+00 4.934104165579999979e+00
2.255993975911999883e+01 4.750056151356000100e+01 1.746059991570000136e+01 7.665693564049999686e+00 1.185068509733999953e+01
3.570082893405000135e+01 1.965708555229999988e+01 1.461431089653000015e+01 5.765920644210000390e+00 6.894351869290000323e+00
9.869809712500000387e+00 6.851264819199999856e+00 6.832834939419999642e+00 6.897340023279999954e+00 4.955518010839999654e+00
2.373447470270999915e+01 2.569127266988000002e+01 4.165453109255999919e+01 9.806157621820000614e+00 6.909447880600000147e+00
1.290855176626000045e+01 1.079866683334999955e+01 2.768454601839999896e+01 3.071908030036000170e+01 -4.617524879999999887e-02
9.668261903950000402e+00 6.034250615199999856e+01 1.359017043415400110e+02 8.094230084980000584e+01 1.184134344347999956e+01
1.671811948159999872e+01 4.143358438583999970e+01 1.120603866609200026e+02 7.309893554183000219e+01 1.286119924401999981e+01
4.935557349319999787e+00 4.862408203040000210e+00 1.778584949460000075e+01 1.579053317298999914e+01 -3.184958069999999780e-02
-7.356957515999999753e-02 1.085060191844000066e+01 1.275529180963000009e+01 1.676811198176000062e+01 -3.631691699999999717e-02
9.890133041800000413e+00 -4.357739655000000129e-02 2.895261245759999991e+00 4.860168271160000053e+00 -3.275485127999999690e-02
7.022857197320000466e+01 2.774921459589999984e+01 5.340382696142999919e+01 3.816348670739999704e+01 2.481440018992000063e+01
5.846154076680000422e+00 2.945937882449999989e+00 3.869451406570000085e+00 3.827674550109999796e+00 9.594280452700000295e-01
2.917877581379999974e+00 -2.553191198999999953e-02 2.935472910870000174e+00 7.922009648959999595e+00 1.981145902159999972e+00
3.174220701320000160e+01 5.908275599999999628e+00 1.477048228800000018e+01 1.669418667647000021e+01 1.931322076400000087e+00
1.482188665380000003e+01 7.895015114299999581e+00 2.067229902900000127e+01 2.770962514444000035e+01 1.923604578650000008e+00
3.647078615656000267e+01 3.170285387491999884e+01 9.411730300624999757e+01 5.321610481607999787e+01 1.779851816352000071e+01
5.444106329323000182e+01 1.970828088140000034e+01 8.304397015035000607e+01 4.319033663681000235e+01 1.879335675684999885e+01
4.907170442480000006e+00 -4.851024552000000184e-02 1.838886743450000028e+00 1.086524721091999979e+01 9.658062436600000078e-01
1.478586258258000008e+01 8.877568346100000340e+00 3.561938218745999762e+01 3.467152921795999987e+01 4.911917661320000406e+00
4.906334491700000022e+00 1.086866914826000041e+01 3.879788768320000081e+00 1.282137533805999929e+01 2.961686874449999785e+00
2.281535753864000071e+01 1.773199848329999995e+01 9.765832550229999853e+00 3.653557213360000056e+00 6.922391369559999674e+00
1.872918754920999973e+01 3.462589422215000212e+01 1.065135010510999969e+01 2.950118322257999992e+01 1.884928953800000029e+00
1.953858049489999971e+00 8.937277408619999974e+00 5.941743527489999899e+00 3.916143292000000109e+00 -1.889009100000000121e-02
9.507357513999999954e-01 3.931621141359999960e+00 4.938003500719999828e+00 6.911574424630000379e+00 -2.007830106000000128e-02
2.924849888039999790e+00 5.876196910800000062e+00 7.829594989640000335e+00 1.767382910766000137e+01 9.639944502399999671e-01
2.828588682899999984e+00 2.672295229881000012e+01 1.357138357520000049e+01 3.128819879155999928e+01 2.917145116199999944e+00
3.802940309919999873e+00 2.065970647740000032e+01 1.855117114624000152e+01 9.910687251474999471e+01 1.896087801349999991e+00
9.557729761600000096e-01 6.926485798059999865e+00 4.902374110100000237e+00 1.380518624309000053e+01 9.771026842900000231e-01
5.974075449419999906e+00 -4.429131840000000153e-02 9.443511288999999476e-01 1.881054464600000031e+00 -1.346131142999999926e-02
1.285539112120000027e+01 3.949373278749999994e+00 2.894234485710000193e+00 9.768616644159999751e+00 3.928789077609999847e+00
3.758116824964999836e+01 8.580467758599999994e-01 2.168163897214000002e+01 3.836687662199999949e+01 1.880171087248000106e+01
9.805039248339999958e+00 9.937387399329999482e+00 1.286468093020000047e+01 3.704522374479999769e+00 6.904255262200000409e+00
1.929495118159999967e+00 9.765000531999999955e-01 9.486504136900000272e-01 5.887032155250000010e+00 1.966214677249999987e+00
9.853399473759999694e+00 9.506771381799999920e-01 2.891284737869999955e+00 2.476918870017999907e+01 3.926823274839999822e+00
1.489571789865000007e+01 1.929458050130000046e+00 6.926666680780000362e+00 1.383770403491000067e+01 -2.791051829999999928e-02
2.867250899315000012e+01 1.078207076360000016e+01 2.770687972110000175e+00 2.250521656249999936e+01 4.918053385400000366e+00
3.675734845875999923e+01 3.834755770990000201e+00 1.481336281319999948e+01 2.759498963200000077e+01 4.933797773360000249e+00
1.184501290871999934e+01 2.899327922039999894e+00 8.862946915599999587e-01 2.874799126505000046e+01 -4.130269379999999824e-02
-7.488578384999999837e-02 5.947804377599999803e+00 3.946616751550000135e+00 8.804911379500000024e-01 3.979317937899999880e+00
3.874522928350000228e+00 6.854413398550000203e+00 2.831604893669999790e+00 9.843435654040000315e+00 -5.132283443999999945e-02
1.986506543072000142e+01 6.855052401880000090e+00 2.182378142362000162e+01 1.483245579299999939e+01 5.947989908100000278e+00
2.477226529888000073e+01 1.474010079341999990e+01 3.684138361600000078e+00 1.770532847999999859e+01 1.901543337649999943e+00
7.886872058749999859e+00 8.871066851129999264e+00 8.848420063560000770e+00 8.558776363600000270e-01 1.955479203739999949e+00
-6.949736819999999260e-02 4.920223009279999893e+00 3.910189309240000188e+00 9.909818909200000192e+00 9.719632432000000488e-01
7.843749865190000392e+00 1.956691563139999923e+00 3.885500612109999974e+00 1.793585202770000109e+00 -3.469876704000000173e-02
4.451117851080000065e+01 5.858456195219999607e+00 3.465009043604000283e+01 5.432924482228000329e+01 6.890120133639999978e+00
2.864902988603000011e+01 1.489542630593999917e+01 2.471544805705000059e+01 7.499899967120000177e+00 8.916224486400000870e+00
3.877504489750000172e+00 2.965699407899999862e+00 8.908933449599999221e+00 1.284092675517999993e+01 9.720796045599999768e-01
1.176976905707999954e+01 -5.967961010999999621e-02 6.833678662959999706e+00 1.171375634207999994e+01 9.521478470799999982e-01
1.983572460955999972e+01 2.954211451679999989e+00 3.879200711559999792e+00 6.693712010799999668e+00 9.281341634499999937e-01
2.869735383155000008e+01 2.895506549399999852e+00 2.470665441759999936e+01 7.227853971409000167e+01 1.183144303865999980e+01
2.378523459767999881e+01 8.946015689430000251e+00 1.284643423920999972e+01 4.617453745129999731e+00 6.911179433800000105e+00
8.887464318599999302e+00 9.702779507200000042e-01 6.916714899279999607e+00 1.679575269229999890e+01 1.952824998979999949e+00
9.873877167999999926e+00 -3.170106072000000025e-02 9.144358897600000091e-01 2.678686353116999896e+01 2.951111955900000083e+00
1.089037174879999981e+01 9.436798867600000307e-01 8.419571991099999986e-01 3.258256469532000210e+01 7.903917177920000370e+00
7.788981307760000306e+00 1.089320571362000045e+01 3.070334847550000035e+01 6.321088974447999931e+01 9.813860724250000445e+00
1.872703979290000120e+01 -1.315496343600000007e-01 3.359391353808999980e+01 1.029882595531999954e+02 2.476022347600000018e+01
9.360946773999999637e-01 -3.280284540000000248e-02 5.909000956619999911e+00 1.775456806085999872e+01 4.943033578849999721e+00
1.960545584449999934e+00 9.806021669800000229e-01 9.432004461399999817e-01 2.849479175819999988e+00 -3.404637683999999637e-02
-8.695843127999999811e-02 1.083574566631999936e+01 2.366994811740000060e+01 2.562939989323999868e+01 1.911588396319999994e+00
3.950180898160000176e+00 6.899049890349999714e+00 5.777331440640000260e+00 2.768672871929999779e+00 1.946822028229999946e+00
-2.054014588799999985e-01 3.258750307740000096e+01 7.521308969800000455e+01 7.323665589146000343e+01 9.790225944039999462e+00
1.944471411469999911e+00 4.895444905159999749e+00 2.279547071509999867e+01 1.177395613824000087e+01 4.942270125500000333e+00
9.757837459000000546e-01 9.536011620400000055e-01 1.900868247200000027e+00 1.089498626696000017e+01 9.736649916399999771e-01
9.833435670249999205e+00 1.087792722712999982e+01 3.369028078518999791e+01 3.560084170703999717e+01 1.585630171428999979e+01
1.887048341479999891e+00 1.391127389114000046e+01 2.079440891201999975e+01 1.771913570759999956e+01 6.899445239200000302e+00
3.465938623904000337e+01 2.374283744159999898e+01 5.835905222126000069e+01 5.416793302986999947e+01 2.569548925691000107e+01
9.692619377500000244e-01 9.770005748800000278e-01 -5.828786729999999722e-02 -6.734994209999999037e-02 9.737278597899999832e-01
3.930178797850000016e+00 5.946959134500000133e+00 5.867295683910000115e+00 1.982997315920000148e+01 4.940994127639999789e+00
-7.159932549000000424e-02 1.187805002232000007e+01 7.843433292080000285e+00 1.168013011386000066e+01 -5.778455274000000169e-02
4.955128826090000160e+00 7.927662775039999943e+00 7.899529866379999987e+00 3.797199052599999902e+00 -3.559463999999999684e-02
6.769103159320000174e+00 3.363421046541999715e+01 3.949770380764000066e+01 7.993392527160000327e+01 7.807616083520000139e+00
9.639394682499999867e-01 5.941960898279999626e+00 1.920883776499999973e+00 5.846049326400000190e+00 1.970141875579999979e+00
9.780355969299999730e-01 9.617787851500000373e-01 -4.903446455999999759e-02 4.901983311829999579e+00 1.982247686840000078e+00
9.341963921800000570e-01 3.911896888059999799e+00 -6.644407805999999472e-02 1.278842470168000034e+01 9.785887783300000198e-01
8.896046887440000717e+00 1.385874360833000019e+01 4.897510254500000215e+00 8.675073084599999262e+00 5.965933993620000209e+00
9.789695418339999122e+00 1.371717898250000012e+01 1.784960616800000066e+00 4.633205215267999932e+01 -7.202710998000000364e-02
4.929720001699999798e+00 8.907325288559999166e+00 1.925880054140000075e+00 8.778401874269999183e+00 -2.335047750000000116e-02
4.974490474789999617e+00 1.966746324799999890e+00 2.975831560200000059e+00 3.922503094480000119e+00 -7.966985039999999185e-03
1.888640066000000006e+00 9.846644204980000481e+00 1.476346257446999921e+01 1.377310389350000008e+01 2.921174769809999905e+00
5.955554653620000138e+00 -5.738811200999999890e-02 -9.838135421999999464e-02 3.906132774160000043e+00 -3.185298674999999941e-02
1.274368390779999949e+01 2.864007948728000130e+01 4.546169885727999826e+01 2.248535960690000124e+01 7.825426334360000347e+00
3.946935069399999829e+00 4.926466878080000278e+00 8.883837757440000260e+00 2.890881834149999996e+00 1.961613805160000057e+00
9.488649430000000162e-01 3.929656496079999783e+00 6.889815720249999664e+00 1.089714900098000072e+01 1.964207694079999955e+00
-9.341937036000000361e-02 1.684862546821999985e+01 2.975233276947000149e+01 4.251941459889999919e+01 2.921361078719999949e+00
3.964457809119999787e+00 3.943020841600000104e+00 5.901050642999999596e+00 1.828791007940000046e+00 1.968987883160000063e+00
3.795795785920000220e+00 3.165398632544000179e+01 4.341660108181999789e+01 1.028831745296299971e+02 3.818099997760000086e+00
5.943683000400000083e+00 1.909738419500000006e+00 1.584391164730000057e+01 1.869604111477000075e+01 2.952324806160000037e+00
-3.078600209999999768e-02 4.949733663950000029e+00 3.916051494700000024e+00 7.836375386240000296e+00 9.744664153600000045e-01
5.884899532979999570e+00 2.971826956650000184e+00 4.935456045859999641e+00 2.817549982650000118e+00 1.974072654920000058e+00
2.172682988788000102e+01 -9.475745795999999943e-02 1.178884594055999990e+01 5.041818830030999976e+01 5.917149964050000044e+00
2.472378908065000047e+01 7.932543356330000073e+00 1.984856296538000109e+01 2.258326158367999881e+01 3.939203177140000012e+00
8.819801365500000045e+00 -4.374230850000000032e-02 3.906359233149999888e+00 2.074173801320999999e+01 1.960246244899999990e+00
4.881168823640000376e+00 -2.992476150000000085e-02 -6.491503619999999808e-02 5.810936736840000449e+00 9.741515715999999880e-01
7.896166423999999573e+00 9.586932124600000549e-01 1.914327962120000004e+00 3.064037618217999892e+01 5.893220500980000054e+00
7.813342628000000012e+00 9.229960248399999845e-01 6.850743883899999886e+00 6.234257005613999780e+01 1.380451328942000089e+01
1.680477271135999828e+01 -8.022386609999999918e-02 1.183144784519999959e+01 5.827673840612000333e+01 2.878330162988000041e+01
8.910098477460000055e+00 9.622090790199999688e-01 3.926676504460000050e+00 2.867523120713000040e+01 6.901450748980000327e+00
9.615577887999999795e-01 -1.545513371999999996e-02 9.671415108399999960e-01 9.859644599679999288e+00 -4.324581819000000021e-02
1.783578843432000127e+01 -4.025785374000000194e-02 4.881836564960000402e+00 1.464678674249999979e+01 6.916779012400000148e+00
2.369094898739999877e+01 -7.771977701999999155e-02 7.775739409939999902e+00 6.230249693585999893e+01 1.184131629552000042e+01
3.177833703377000063e+01 -5.461058070000000125e-02 1.883823198400000010e+01 2.950074560550000058e+01 1.088411928104000026e+01
3.865299330370000064e+00 -3.553530425999999742e-02 6.901486387360000307e+00 1.573136143612000026e+01 4.930863029960000254e+00
9.233132759200000095e-01 -1.969556471999999933e-02 1.942956257060000080e+00 1.182786113442000087e+01 3.960005958400000026e+00
1.383736962559999917e+01 4.946493619399999986e+00 5.876885619780000347e+00 8.791311016799999933e+00 5.908004817810000198e+00
2.665771887753000158e+01 3.885195913600000051e+00 1.774540386504000011e+01 4.151141286000000008e+01 1.580086644991000000e+01
1.871420648499999828e+01 1.391520930044000082e+01 1.680950201623999973e+01 7.674187198400000298e+00 9.855286635249999705e+00
9.293904775000000340e-01 9.761920879600000100e-01 2.946919383750000065e+00 3.903339395200000173e+00 2.959326118919999971e+00
8.852137480799999736e+00 1.951121100800000008e+00 1.884102443570000007e+00 1.878822675063999981e+01 5.915472482400000231e+00
3.883738773820000212e+00 6.963653083029999635e+00 1.938463975999999978e+00 -1.079160667199999951e-01 9.653021992900000514e-01
3.759528967220000339e+01 1.087199502446000032e+01 1.377938702299999996e+01 1.757794708457999988e+01 1.287011638335999919e+01
1.479122051711999930e+01 6.936599749660000036e+00 1.088707405655000038e+01 2.798848330050000222e+00 3.935534011600000159e+00
3.881542036809999985e+00 9.633362377599999915e-01 6.936109014400000383e+00 1.688267949955999825e+01 -3.732644429999999736e-02
2.382928258964999912e+01 1.944261839359999966e+00 -9.322501977000000051e-02 6.827921955699999934e+00 3.945848745999999796e+00
1.916796762739999993e+00 2.924784132240000112e+00 9.190205335000000142e-01 7.944010008740000295e+00 9.690651361000000019e-01
1.081646918264000057e+01 8.837946758699999350e+00 2.781709700392000073e+01 1.870744964420000045e+00 7.930897295390000323e+00
4.857158831179999581e+00 3.870468247359999836e+00 8.536580370999999889e-01 1.789694165475000176e+01 1.945685893879999906e+00
1.188782767650000061e+01 1.899215030719999975e+00 7.885855051910000135e+00 2.923377691979999859e+00 9.593618909500000180e-01
4.905031807580000347e+00 7.914831616879999920e+00 5.902745568000000276e+00 4.933919205319999612e+00 1.964025006680000018e+00
3.881837731360000099e+00 8.866166276800000468e-01 1.379507064152000062e+01 3.755627361892999971e+01 5.897117254650000362e+00
3.936907771600000050e+00 7.937035709479999923e+00 3.889019261020000062e+00 8.759966140619999564e+00 -5.462675639999999694e-02
1.174209489677999940e+01 2.075604822975000019e+01 3.465176978312000244e+01 7.702134229409999477e+01 8.776985713200000205e+00
3.950065120000000096e+00 4.951912879039999993e+00 8.908699760550000235e+00 9.811545053319999710e+00 1.953982109900000097e+00
9.576377046999999809e-01 9.594568351000000161e-01 3.925725732940000157e+00 8.844919920720000661e+00 5.963958704939999578e+00
9.890764270749999199e+00 1.954050212270000086e+00 2.923290975000000014e+00 1.562134626735999987e+01 5.890376673599999613e+00
8.812108000080000281e+00 2.922976798680000154e+00 4.873919464580000138e+00 3.846239121773999869e+01 1.780569636407999923e+01
1.682753217155000058e+01 6.929012648949999686e+00 6.881229952720000043e+00 2.648636955539999960e+01 1.382721267109999985e+01
3.898375332880000155e+00 -4.241340143999999812e-02 8.928535275450000697e+00 1.770238811924999922e+01 1.589542020258999955e+01
9.539143331499999601e-01 1.980492312350000006e+00 -3.162299939999999726e-02 1.872182049410000104e+00 -4.724745875999999956e-02
3.884804063949999886e+00 2.955321455430000022e+00 1.932464455849999929e+00 7.764438262399999680e+00 7.900628250679999631e+00
8.782982823599999378e+00 -8.377639325999999831e-02 6.870871697830000180e+00 4.755195973469999871e+01 2.181675815904999993e+01
1.585091288797000075e+01 6.939099825999999638e+00 1.491504136800000069e+01 1.168902919263000051e+01 7.869246159860000311e+00
3.897226043319999889e+00 -4.056510942000000203e-02 5.940665353500000023e+00 1.878831967221999832e+01 2.913026476799999820e+00
2.936554224420000025e+00 9.764478243999999973e-01 -3.579940799999999784e-02 1.850931371359999966e+00 2.949282677819999865e+00
9.407437242399999677e-01 2.941900093200000121e+00 -5.159040659999999945e-02 6.940532498919999682e+00 -1.989531071999999998e-02
7.903133549899999721e+00 3.907642248040000155e+00 8.917915606019999331e+00 5.895994384859999826e+00 4.965313617859999695e+00
1.179273443061000037e+01 8.802423188100000573e+00 6.818305426720000284e+00 1.578401956689999963e+01 9.301133215000000343e-01
7.935844213250000223e+00 -6.072089589000000120e-02 -4.887142532999999567e-02 -6.511078080000000379e-02 2.978308559639999853e+00
1.941393335329999914e+00 5.943571937249999770e+00 5.948311398719999588e+00 6.938156564799999870e+00 1.979930590309999960e+00
7.904283950780000012e+00 2.959109087519999903e+00 1.949537405000000057e+00 -1.285869945600000008e-01 1.955803237760000091e+00
2.866659796712000130e+01 7.860289810850000336e+00 9.827687144800000496e+00 3.556657769616000309e+01 9.848097587979999901e+00
1.285655722635999965e+01 4.942243181660000317e+00 1.492985904468000058e+01 6.818895806559999606e+00 4.936008198559999727e+00
4.899081202519999678e+00 9.584305926399999676e-01 2.949188372760000121e+00 3.873604914039999958e+00 1.952146657189999912e+00
6.891565798960000322e+00 2.953780078079999871e+00 9.440074280800000439e-01 5.857779239340000110e+00 1.947733304960000078e+00
1.182404916507000081e+01 6.904914087039999870e+00 2.274864695600000175e+01 1.076389821595999940e+01 5.877917665890000087e+00
7.855965307519999996e+00 9.237555391599999721e-01 1.179922104101999913e+01 1.279544710765000026e+01 8.901011949300000836e+00
2.063618952627000169e+01 1.179559248240000002e+01 5.444455355488000237e+01 2.349115082663999843e+01 1.674672685910000069e+01
1.940528656279999931e+00 2.967633190559999967e+00 -8.878356864000000459e-02 2.920756856790000189e+00 -4.062201515999999679e-02
1.087138278920000012e+01 9.267606845200000443e-01 1.880924769730000179e+01 1.280115833908000056e+01 6.907482835989999792e+00
9.215346973600000435e-01 9.862121299420000042e+00 2.071143524820000081e+01 1.677727946779999968e+01 1.920267850879999960e+00
4.967534645959999828e+00 3.942241816000000121e+00 3.879765733540000205e+00 3.903590858079999837e+00 9.662073653799999606e-01
8.221378777300000218e-01 1.269665355010000063e+01 3.635590541986000090e+01 4.553909413696000286e+01 9.816455012500000521e+00
9.359440425099999628e-01 1.088647313861000043e+01 1.776879955755000040e+01 6.798758326899999815e+00 1.935177533839999908e+00
1.972362452510000086e+00 9.529980238899999900e-01 2.898068702519999817e+00 6.919858386159999597e+00 2.971630670970000221e+00
4.939726459820000137e+00 3.921211072390000218e+00 4.828221728599999985e+00 2.368118745383999979e+01 4.910272629079999618e+00
-5.255955620999999689e-02 1.093209034520000067e+01 1.085746208545999991e+01 7.747583976799999661e+00 -7.851396905999999398e-02
3.829971948249999869e+00 9.776658894400000577e+00 2.951928543953999906e+01 7.813853954898999632e+01 2.574945512540000081e+01
-4.632305840999999952e-02 2.940941837280000026e+00 9.864841801869999927e+00 1.276129349248000011e+01 3.929646868419999883e+00
-1.437831000000000005e-02 -1.825283322000000041e-02 -4.110053400000000107e-02 9.267937746400000121e-01 9.781655995000000381e-01
9.583152121900000431e-01 2.931062963070000027e+00 9.453302431300000253e-01 1.087729670288000072e+01 9.773847028000000048e-01
5.910840173400000452e+00 7.856071590049999998e+00 1.088564288132000080e+01 4.747262726749999828e+00 9.513386821899999513e-01
1.386423413420000017e+01 1.278085111096000048e+01 1.825964498360000077e+00 2.159794300296999836e+01 3.925998725619999963e+00
2.938792654559999828e+00 7.898776809380000152e+00 3.923029279390000124e+00 1.381721157355999985e+01 -3.270710016000000220e-02
-2.502158850000000059e-02 9.591362395300000454e-01 9.699847736500000206e-01 4.930274552000000199e+00 9.869221611999999810e-01
4.938464386669999762e+00 2.902985296409999805e+00 1.080641410508000000e+01 1.078968406699999960e+01 9.448345935999999945e-01
2.961678170999999971e+00 4.935632099360000247e+00 9.865649913760000445e+00 -1.375117559999999850e-01 1.964500040899999966e+00
2.853060167999999841e+00 1.475368614257999944e+01 1.847114327098000075e+01 4.254296432128000305e+01 2.861715717840000117e+00
-7.853311584000000067e-02 6.868576139199999986e+00 2.573519068438999824e+01 8.725450694399999207e+00 9.264272528799999407e-01
-2.014444079999999984e-02 -3.320328024000000072e-02 -6.920127269999999664e-02 9.343039196800000390e-01 4.982322201979999754e+00
1.090547567299999976e+01 -3.456828332999999781e-02 3.955941293349999999e+00 6.834209901460000403e+00 9.796229790399999526e-01
1.672842495688999875e+01 3.903068894080000018e+00 8.711854691500000580e-01 3.651217269832000056e+01 3.937478327500000042e+00
1.978784835184999835e+01 9.237264212800000429e-01 1.090402715809999989e+01 2.062740150173999965e+01 5.953983182340000013e+00
1.480509221910000051e+01 2.926829949240000062e+00 1.907983899560000030e+00 3.767994079580000033e+01 -4.232095775999999976e-02
2.933682733920000008e+00 9.753714380800000416e-01 9.671340410200000015e-01 2.881809319799999880e+00 9.855809064999999647e-01
1.921702921400000097e+00 2.879808783420000129e+00 7.879351596740000296e+00 1.480199791703999956e+01 -3.949017624000000087e-02
5.950330343160000091e+00 3.925309946980000131e+00 5.924296019759999865e+00 2.869597082639999908e+00 1.974460379239999952e+00
1.375948175737999968e+01 3.766200598478000217e+01 1.663058828959999857e+01 4.337837174023999864e+01 4.880947474940000141e+00
3.952578331299999803e+00 5.927807266080000304e+00 5.927083014299999952e+00 1.869496704199999915e+00 1.975268227880000005e+00
9.700896111400000299e-01 3.954104259520000220e+00 9.533142373599999830e-01 8.918397165600000065e+00 -1.545855839999999912e-02
1.086296170520000004e+01 1.960719175549999971e+00 1.907896754900000102e+00 1.769965333649999906e+01 4.966173928579999952e+00
8.767469689020000345e+00 2.936038175849999821e+00 3.843762975040000196e+00 3.550794990264000006e+01 9.421153425999999609e-01
2.970307528193999858e+01 1.909071344000000003e+00 1.879149045771999837e+01 2.733358172751999859e+01 5.922459137399999740e+00
7.796509834940000161e+00 -5.902122995999999761e-02 1.086228757135999956e+01 5.359279505093999774e+01 4.948676967109999936e+00
9.381659259700000364e-01 9.812040601599999468e-01 9.572002885000000516e-01 -1.349585274600000051e-01 -1.542228579000000030e-02
7.828831772000000022e+00 6.892611092620000157e+00 3.371326945513000339e+01 3.954568485504999842e+01 1.089187231268000033e+01
1.903992974479999933e+00 4.939169567000000427e+00 4.822174562629999883e+00 1.974787875604999954e+01 9.406003712499999558e-01
2.162409884338000055e+01 1.976842647236000161e+01 6.338122280902000227e+01 6.202641148955999739e+01 3.076519262349999906e+01
1.934322663080000115e+00 2.960464546379999895e+00 2.887395411089999975e+00 2.831394689760000194e+00 -3.949219637999999699e-02
1.902112096970000055e+00 1.939540587500000024e+00 6.855904320999999690e+00 2.674109457755999841e+01 1.936194168080000111e+00
1.286751761500000057e+01 5.957467918979999943e+00 2.920940249700000102e+00 2.865956461500000163e+00 1.939587527000000033e+00
3.860711845536000197e+01 8.892004955850000059e+00 6.793593216099999665e+00 3.357260706481000057e+01 1.484538692865000087e+01
1.078865534432000040e+01 4.935720309979999776e+00 1.287675454719999912e+01 2.813109550500000111e+00 7.907069092849999592e+00
7.900483824440000191e+00 9.706323370599999611e-01 6.941779630000000090e+00 7.884865904209999776e+00 1.955696570480000007e+00
7.867797113600000003e+00 9.602478956800000187e-01 4.920375635960000160e+00 7.827894553400000177e+00 7.940361048649999809e+00
1.885582981820000059e+00 1.286659441425999972e+01 1.978822827020000119e+01 4.163828448435000240e+01 3.916147154079999915e+00
1.953694878230000098e+00 1.947031099759999995e+00 9.123182346700000611e-01 4.859940968150000096e+00 -3.251787119999999948e-02
1.573152028846000050e+01 3.068345827911999990e+01 5.050385437821000068e+01 6.115649308882999691e+01 9.799407004060000759e+00
3.962227958500000202e+00 2.955197729550000041e+00 2.924454053999999914e+00 8.812215222399999437e-01 1.972147485800000100e+00
-3.844702259999999844e-02 1.952449414940000016e+00 1.925524055089999909e+00 1.287516831852999921e+01 9.707797554399999473e-01
1.082065419020000085e+01 3.907981093720000132e+00 2.277498998012000087e+01 1.365295247140999990e+01 9.851769695439999808e+00
2.874748655099999883e+00 7.932439031570000409e+00 1.480456096844999969e+01 1.276954806720999969e+01 1.897282506800000101e+00
3.565965089843999891e+01 1.981671894775999831e+01 5.148574235782000130e+01 4.539867270327999904e+01 2.270117724296000006e+01
9.650114635600000046e-01 1.980906877640000063e+00 -5.584332617999999970e-02 -6.772052627999999852e-02 -3.084585624000000040e-02
4.915938592039999833e+00 9.578822858200000123e-01 9.874013209119999246e+00 1.285403649825999928e+01 6.932081366350000273e+00
1.184018062530000037e+01 5.900085495599999952e+00 1.570953813747999916e+01 4.044858990800000242e+01 6.898049985040000109e+00
1.911260825839999900e+00 9.944904836799999259e+00 9.838059186700000680e+00 1.768167925830000087e+01 9.408651480999999928e-01
2.662502849819999895e+01 1.377683297473999957e+01 5.636526599775000079e+01 9.873826606990000698e+01 2.776083089500000156e+01
2.933714576639999905e+00 4.961100236810000119e+00 1.288173992872000007e+01 1.077861087938000040e+01 2.958098194559999783e+00
1.922311320499999976e+00 9.511791356800000097e-01 5.865919950750000389e+00 1.973066921983999933e+01 3.947662509340000181e+00
5.888472479429999851e+00 7.858312318160000309e+00 1.476548179673999961e+01 2.961803050562999928e+01 4.911791252719999612e+00
7.945459306100000063e+00 3.935227511649999954e+00 2.889218195399999800e+00 1.819138319749999955e+00 -4.309858692000000102e-02
1.774296854090999886e+01 2.566310844499999888e+01 4.444370885285999861e+01 6.907351206210999806e+01 1.779571435013999903e+01
4.958503764799999658e+00 3.948009469600000099e+00 2.917151307840000207e+00 1.858890191600000019e+00 9.667362354399999802e-01
-3.876391080000000239e-02 -5.125017986999999553e-02 4.919718505639999684e+00 1.586823384939999926e+01 -3.005236080000000046e-02
4.937641339999999879e+00 4.896680369000000255e+00 8.918880121000000161e-01 8.865736922339999992e+00 -2.789339084999999802e-02
3.918126031059999903e+00 4.866995432300000424e+00 9.863997973840000100e+00 6.825741386289999824e+00 9.653850509500000454e-01
1.285293506836000077e+01 2.175808945648000048e+01 7.750850690600000092e+00 9.712705894389999983e+00 1.936591492520000068e+00
4.901277151400000420e+00 1.183684139868000074e+01 6.840650696650000029e+00 8.802164613420000450e+00 -4.132763207999999577e-02
9.683501669199999773e-01 1.951500334699999950e+00 4.947937158470000263e+00 6.938859029199999640e+00 9.868734226900000017e-01
5.903908687500000418e+00 1.930127622050000102e+00 1.936604365039999998e+00 4.940629430000000433e+00 9.720420432399999866e-01
1.978714560314000082e+01 1.383928199914999979e+01 1.885615733907999925e+01 3.860181180130000111e+00 6.935017325559999612e+00
7.816251616639999789e+00 2.864942412780000058e+00 1.877676288319999998e+00 1.388851023920000038e+01 9.465940067500000499e-01
8.863390195199999155e+00 2.899675933680000206e+00 4.908752761279999710e+00 9.159731110000000065e-01 2.960114864519999944e+00
4.888579703179999569e+00 6.913035509920000266e+00 5.926839863639999706e+00 5.929445892839999566e+00 -3.249912617999999725e-02
1.918273606579999901e+00 7.900610401519999826e+00 1.873592533900000134e+01 1.668314353255999904e+01 7.898252643800000250e+00
1.948008332359999928e+00 4.933138927459999934e+00 8.848325807100000162e+00 6.810747221139999752e+00 3.929281504960000060e+00
6.788653633600000070e+00 2.373628716600000033e+01 6.135915936319999986e+01 5.623962085920000220e+01 2.173960316344000177e+01
9.642192074200000018e-01 4.955071793180000128e+00 1.188537645449999935e+01 4.869723121879999894e+00 1.957558827710000005e+00
-2.745205019999999788e-02 9.659869797700000316e-01 1.917774158959999919e+00 6.919612815759999869e+00 9.680757348699999820e-01
3.945813348999999803e+00 9.646210808199999764e-01 2.976310388459999956e+00 4.936723140199999804e+00 1.987177055240000101e+00
1.877062421215000043e+01 1.685221396505000158e+01 6.903829275099999663e+00 3.731676782080000088e+00 2.945163181439999889e+00
2.080373540268000099e+01 2.879602012289999902e+00 2.920139634359999903e+00 2.578672898287999971e+01 5.956002112200000198e+00
5.886793006799999617e+00 1.927858427299999899e+00 1.951385552839999926e+00 5.869702525200000132e+00 1.973326746169999923e+00
9.306974497600000173e-01 2.954381625389999932e+00 -2.948646887999999827e-02 3.918692066350000225e+00 -1.624526927999999856e-02
1.384586614976000085e+01 9.590088200499999882e-01 3.868794725799999945e+00 2.167517113347999924e+01 4.898484940460000381e+00
1.271742033495999991e+01 -7.305609509999999585e-02 1.976731121899999977e+01 7.245233693289999621e+01 2.081066452499999997e+01
2.770864669279000125e+01 1.927274940560000038e+00 2.575654286840000040e+01 3.539046436875000268e+01 1.381174017422000055e+01
1.090375280623999998e+01 -2.355636005999999991e-02 4.920476510930000380e+00 1.579731759124000057e+01 7.933153778000000322e+00
3.928768612959999906e+00 -1.914135299999999984e-02 3.939645199000000098e+00 1.485043743660000004e+01 1.952160452300000015e+00
6.874005812200000065e+00 1.387018312736000070e+01 1.868328851284000081e+01 2.069641187283000150e+01 1.588228082080000014e+01
-6.236569728000000007e-02 6.932800972779999960e+00 5.811350368200000283e+00 3.814270474899999819e+00 9.336971705500000107e-01
2.170286480344000068e+01 2.371611651765000062e+01 7.328130704912000226e+01 4.630884443768000125e+01 1.872195587650000093e+01
5.968527577169999709e+00 3.966952728999999955e+00 6.918799233399999693e+00 2.921953892609999937e+00 9.700500653200000434e-01
9.555797117800000073e-01 -4.667889303000000156e-02 1.883648317070000022e+00 1.286971188799000032e+01 3.955173278080000188e+00
5.864589669119999904e+00 1.783193062868999945e+01 1.176918322619999913e+01 1.773995701679999826e+01 4.927811124919999841e+00
8.934544836360000630e+00 9.180878687200000332e-01 1.891949289410000068e+00 4.877488497919999944e+00 2.967491072010000064e+00
2.166908505753999847e+01 5.358772198151999788e+01 2.244412791365000004e+01 2.239606639112000153e+01 7.828100803699999943e+00
2.947525228920000018e+00 4.931766371120000159e+00 7.910853344000000398e+00 -9.577607265000000203e-02 9.724830242499999944e-01
9.432191644299999789e-01 5.923951998179999734e+00 1.089753946795999973e+01 1.189494050763000033e+01 1.969117555249999985e+00
8.913769698779999473e+00 1.922399194160000047e+00 1.912055656159999950e+00 1.779718486302000002e+01 -2.562897671999999835e-02
7.845200083519999978e+00 1.186085130446999969e+01 9.853816021120000102e+00 1.965596391695000023e+01 2.955366001379999830e+00
2.378631322445999885e+01 1.180821762272999997e+01 1.784833842080000066e+00 3.948843089847999721e+01 2.936807062679999802e+00
5.849129367599999796e+00 3.868196625039999947e+00 3.856709112699999942e+00 2.565040277609000086e+01 -4.272378452999999604e-02
-3.313682135999999889e-02 -2.910976380000000058e-02 1.965168613279999921e+00 9.212022441999999645e-01 9.904739042800000393e-01
7.859614610240000410e+00 1.961237600660000080e+00 1.918976107430000022e+00 3.818041739319999905e+00 1.951647933709999894e+00
4.552243968402999741e+01 1.859283244100000010e+00 3.169203254545999826e+01 5.634949610289000077e+01 1.482575613720000085e+01
2.664719766278999913e+01 1.391521614332000034e+01 8.809355347920000412e+00 6.589784827959999980e+00 9.892164801250000750e+00
3.904662559360000174e+00 9.715998974499999719e-01 7.938854527220000179e+00 8.870823895679999183e+00 -3.410451540000000031e-02
2.081083342295999827e+01 1.943559916039999891e+00 4.884317082229999940e+00 1.873990900000000082e+01 4.931625696800000291e+00
9.067114446399999750e-01 2.961708014640000108e+00 5.950395034619999635e+00 9.016366375000000044e-01 9.720462301300000219e-01
3.457057792327999834e+01 1.481363971170000049e+01 1.175794354794000007e+01 2.755532616597999862e+01 1.286745136348000074e+01
3.818173879480000199e+00 1.192119869639999941e+01 1.790002968417000062e+01 7.888633280200000319e-01 1.942802715890000087e+00
7.860236379199999845e+00 9.452587679199999648e-01 4.928681152400000265e+00 1.286540663511999938e+01 2.959210753859999876e+00
1.782816282539999975e+01 4.927664906959999591e+00 1.902668630149999984e+00 1.282918093384000002e+01 2.945771139090000101e+00
1.882292831480000039e+00 9.587695095999999584e-01 4.926145540550000312e+00 1.886275211060000068e+00 9.585095676399999487e-01
4.956135879245000098e+01 5.852130601469999860e+00 1.272990210610000084e+01 4.845231736275999879e+01 1.784807085311999941e+01
1.975981630196000083e+01 1.391149729075999986e+01 1.884028158207999937e+01 6.725124510400000144e-01 4.908357837679999669e+00
6.884210095000000251e+00 -3.616275698999999594e-02 4.929480833000000395e+00 1.386240731608999965e+01 1.964233124029999944e+00
1.481532727703999974e+01 1.939548126979999898e+00 3.885130763679999877e+00 1.877688642907000016e+01 2.936928937709999854e+00
2.893855768589999933e+00 9.887907165039999668e+00 1.776699520478999972e+01 2.865540181440000111e+00 5.914915344959999821e+00
9.393490233100000308e-01 9.385323424300000550e-01 2.894960664480000112e+00 1.892785555504000072e+01 9.530517933100000061e-01
2.676262770098999866e+01 1.575694655214999962e+01 2.751860922399999865e+01 4.720703605159999761e+00 6.824749415740000380e+00
-3.257122670999999803e-02 -3.415824513000000062e-02 -5.862149495999999932e-02 9.626228934399999604e-01 -2.536093313999999987e-02
4.931281400629999645e+00 3.928037221839999926e+00 8.850779399160000338e+00 2.919637397099999809e+00 1.947241604180000030e+00
2.905922083440000137e+00 1.285224329272000077e+01 3.837819523899999918e+00 1.277427757216000082e+01 1.954722810350000062e+00
5.931546207450000274e+00 7.891640418589999761e+00 9.875485559079999476e+00 -1.681733145600000090e-01 4.963088200369999647e+00
1.675918681855999992e+01 3.264510498810000172e+01 1.666678358024000062e+01 3.241825760796000111e+01 4.879212262160000257e+00
4.934548920380000148e+00 9.899376826599999291e+00 4.883302379839999929e+00 2.822599482150000227e+00 1.968038754319999972e+00
1.962951636799999955e+00 9.429472636300000321e-01 1.938168163999999916e+00 3.911204788420000078e+00 9.820231734700000104e-01
-6.411655844999999965e-02 5.893917195750000282e+00 5.828228443499999578e+00 3.068660242614999945e+01 9.383793763600000171e-01
3.944409129759999910e+00 2.914269020039999880e+00 9.857628202689999952e+00 3.724230525789999913e+00 2.945127242549999913e+00
-1.944590830200000064e-01 1.768541130575999887e+01 3.949086446734000333e+01 9.100733150863999299e+01 1.580673657174999924e+01
-4.105528172999999698e-02 4.935004887199999857e+00 6.893109134080000366e+00 4.793416320200000413e+00 2.961229814130000193e+00
3.982724325670000010e+00 -2.864648024999999834e-02 9.537143514400000521e-01 5.906036262659999814e+00 -1.849710249000000029e-02
5.925718671360000300e+00 6.919361639079999904e+00 9.199382805100000393e-01 1.487232540239999956e+01 -2.463945885000000044e-02
1.881644147416000123e+01 1.080599526866000026e+01 1.979567739794000047e+01 2.764103582549999771e+00 7.935547856120000354e+00
2.478657128236000062e+01 1.177307664347999960e+01 -2.341598811299999972e-01 3.463716940999999849e+01 1.925422919300000091e+00
9.223674146200000479e-01 3.921973461399999916e+00 3.917315546679999816e+00 9.873111674260000470e+00 -2.543597963999999836e-02
9.516444498999999668e-01 3.947419099479999804e+00 2.945583090299999984e+00 6.918613876240000238e+00 1.983812026879999912e+00
4.904887768520000080e+00 -5.626338407999999930e-02 1.674855396151999898e+01 3.276329469144000228e+01 4.898157209599999895e+00
2.774467193160000011e+00 1.186092287201999973e+01 6.641869194939999943e+01 3.445678681559000012e+01 1.577269184893000009e+01
2.770931732742999998e+01 3.832235570199999941e+00 6.418525086389000478e+01 7.428771208199999876e+01 3.068536637829999947e+01
1.962188956999999956e+00 9.796494271600000303e-01 6.892529692480000136e+00 3.913051638639999830e+00 3.962816593599999937e+00
1.954057322449999967e+00 9.745853460400000223e-01 1.879919107040000092e+00 3.880170843700000205e+00 1.949578758739999973e+00
-6.454153710000000432e-02 9.854035880230000544e+00 2.366393957304000040e+01 1.086102318080000018e+01 9.393872787999999474e-01
6.890631279279999966e+00 2.774408773735000011e+01 4.439954161187999659e+01 7.653057011199999593e-01 7.890372523159999929e+00
2.882729896139999859e+00 2.373057652992000044e+01 4.238117557953999892e+01 9.750920702949999352e+00 4.889482120940000343e+00
-5.537370923999999917e-02 9.869068263610000002e+00 2.170077021795999883e+01 5.877943076400000244e+00 4.945969467590000335e+00
2.981416830150000141e+00 -4.407075863999999898e-02 2.901690837839999926e+00 2.960308987499999933e+00 -1.961577323999999858e-02
1.085088804931999995e+01 4.907708100229999815e+00 1.078784577200000072e+01 1.185328486929000036e+01 6.933814368640000225e+00
2.055236194020000084e+01 4.170801426989999783e+01 7.132792302459000666e+01 4.560250068500000253e+00 1.378704544826000067e+01
2.171441719030000073e+01 1.780362561689999978e+01 2.757708559774000179e+01 1.970721273844999999e+01 8.864167179600000779e+00
1.983721993921999882e+01 5.897865739200000235e+00 6.768583628560000065e+00 1.084877367392000025e+01 1.927455088609999923e+00
1.181006590097999975e+01 1.087021025668999918e+01 3.171223292647999870e+01 1.681089502021999849e+01 5.910259605090000257e+00
9.395414623000000187e-01 1.919396041399999975e+00 1.088680299896000037e+01 6.876691717930000003e+00 3.969637489390000162e+00
2.761637450031999919e+01 3.953172095968000122e+01 3.026147053629999917e+01 7.219412852869000119e+01 9.790420983129999755e+00
8.881580851200000737e+00 5.834829543359999704e+00 7.764143280649999923e+00 2.074326876659999996e+01 -6.467769890999999771e-02
6.931912683040000189e+00 1.912509716239999991e+00 6.879683235039999900e+00 1.284994231924000019e+01 2.965118880899999976e+00
2.961645670559999832e+00 9.469967363200000321e-01 9.923983568740000649e+00 1.912615620500000002e+00 -2.129536331999999990e-02
2.924400483839999954e+00 1.954595352799999963e+00 4.798263566750000209e+00 1.890372402315999878e+01 -4.134676589999999874e-02
4.743964938719999935e+01 2.968267973628000078e+01 1.595479996432700034e+02 5.719293772420000010e+01 2.570318665855999996e+01
2.872989571439000045e+01 9.823706537499999669e+00 8.626419189815999289e+01 3.763103321719999883e+01 1.284471932583999987e+01
2.674271273804999893e+01 2.847087080580000151e+00 6.533252490755999986e+01 3.564194984208000250e+01 4.864470686599999816e+00
6.881918331219999629e+00 9.312527468800000374e-01 1.972470245527999921e+01 1.283413722745000030e+01 3.934541337160000207e+00
2.973140653529999788e+00 -4.875384734999999720e-02 3.873743517999999941e+00 2.952709804830000007e+00 -2.828159145000000083e-02
2.352590420550000161e+01 8.824100484301999359e+01 2.339128550884699962e+02 2.629176065720999844e+01 5.252503855930999777e+01
4.919407316600000080e+00 9.849509492499999297e+00 2.059245890688000102e+01 1.586160051639999935e+01 8.905746926610000003e+00
4.935794539999999841e+00 6.882931449250000000e+00 2.168489487487000034e+01 3.894622073139999863e+00 6.928111735359999912e+00
1.945815738499999892e+00 8.997702014799999759e-01 9.735387798699999706e+00 8.907676656030000473e+00 1.940721948199999991e+00
2.086076979174000101e+01 3.903199900240000186e+00 9.861788977479999829e+00 1.977566551039999965e+01 1.961117246809999992e+00
1.266313149111999969e+01 2.576958424100000045e+01 5.856793400795000082e+01 2.447615841189999841e+01 6.910625661100000094e+00
8.847244554299999564e+00 1.289693358148000080e+01 3.807540008320000169e+00 2.275775805307999988e+01 -4.199330141999999683e-02
1.582750483404999997e+01 3.879872703759999819e+00 8.770522206420000799e+00 3.071796749319999975e+01 9.536162596299999628e-01
1.381925130179000050e+01 7.875753970399999915e+00 1.579520072158000055e+01 2.570356741040000159e+01 9.493187017599999944e-01
8.872218115469999944e+00 -5.687774639999999826e-02 1.279114306978000037e+01 1.484336783192999931e+01 -3.554487602999999857e-02
4.043733484135999845e+01 3.972708766227999888e+01 1.150274988173599979e+02 5.028373864320000308e+01 8.837397185849999559e+00
1.582181918484999983e+01 5.918768779019999648e+00 1.770028770420000086e+01 1.677266863999999913e+01 -5.058776025000000232e-02
1.583509238511999939e+01 4.913321757440000326e+00 1.669173395110999891e+01 2.476486406320000100e+01 9.489121983999999621e-01
1.880375596372000047e+01 2.882183086199999966e+00 3.258723357014999777e+01 2.569703067152000031e+01 2.934608474820000090e+00
4.863344330570000373e+00 9.895593888460000542e+00 2.768850345079000164e+01 1.485533024160000082e+01 3.935162001280000155e+00
3.942464089071999922e+01 6.955973362708000707e+01 1.106854049142399958e+02 4.031266159183999775e+01 2.372189587656000143e+01
1.482396171423000020e+01 9.864582964749999405e+00 3.259957385940000307e+01 1.381298080180999932e+01 2.916835884120000166e+00
8.905865628060000816e+00 9.337877811999999444e-01 8.796606689880000829e+00 1.489264893258000022e+01 -4.281584670000000009e-02
1.779357888476999960e+01 7.851395455999999662e+00 4.155109699964999947e+01 1.473385383527999970e+01 5.905464871650000447e+00
9.460003261599999602e-01 7.872387130879999972e+00 2.682310635665999854e+01 4.885846648160000250e+00 3.936247484709999966e+00
1.272106550019999993e+01 6.936779099455000619e+01 2.715564714022000103e+01 4.447701412911000318e+01 2.567829527270000156e+01
8.926446649949999923e+00 3.833104039240000205e+00 5.787531258719999627e+00 1.586164828371999924e+01 5.921686961159999818e+00
7.927778639059999577e+00 6.832566133630000316e+00 1.578378958360000084e+01 1.686361661368999876e+01 9.160560971200000235e-01
-4.048833923999999723e-02 9.116967403000000303e-01 1.287711912820000038e+01 4.927516258999999899e+00 9.562154192199999736e-01
1.277615533360000022e+01 9.831401288020000351e+00 2.864336409965000030e+01 1.377222634598000006e+01 5.942787906659999564e+00
1.559345888590000051e+01 5.763721117360000079e+01 8.227039585583000303e+01 1.154740763999999942e+01 2.087946342696000102e+01
8.859686956199999130e+00 -1.202227676999999967e-01 6.754840993600000232e+00 1.686971884832000157e+01 9.593537723199999645e-01
6.943360519959999699e+00 -4.696826309999999755e-02 1.898576792839999916e+00 9.429497762499999824e-01 -1.484728784999999988e-02
3.373293162192999972e+01 1.675749089888000043e+01 3.453355532212999890e+01 2.170522825951000101e+01 8.922169253790000809e+00
3.908854101999999830e+00 9.867453676840000298e+00 1.275921050620000052e+01 1.923812278039999990e+00 7.937301854420000247e+00
8.832231382499999839e+00 1.376961214712000015e+01 1.553356171221999915e+01 1.184905203527999973e+01 1.880953196779999947e+00
9.860564691640000490e+00 1.179077353725000066e+01 3.560350720967999649e+01 4.876627765190000297e+00 3.898043415940000145e+00
3.943949093500000114e+00 5.916747600599999934e+00 8.838195347699999260e+00 9.501247870300000287e-01 -4.038077528999999694e-02
6.850043849500000448e+00 2.378854899779999954e+01 4.758532636844999786e+01 3.871170860799999947e+00 1.289209482535000006e+01
-2.728247022000000049e-02 4.920788471089999838e+00 1.084854571075999985e+01 9.659847506500000014e-01 -3.531144456000000209e-02
2.083253205855000090e+01 3.950878813599999972e+01 5.316851261592000100e+01 2.380342424118000011e+01 5.770754466629999690e+00
-6.924934376999999919e-02 2.180172635967999994e+01 2.463308024487999859e+01 9.098493611500000355e-01 5.908447878899999672e+00
-4.048862760000000033e-02 1.188370504703999941e+01 1.380415681490000068e+01 -5.187156731999999909e-02 3.948232748530000169e+00
-5.968927584000000008e-02 8.832570796800000679e+00 2.768829344451999930e+01 -7.680305303999999944e-02 7.926114456799999708e+00
9.618149313999999617e-01 6.895964968900000436e+00 1.586889642292000069e+01 1.928686668499999923e+00 5.953462302120000160e+00
1.573708585840000040e+01 6.425164013815999908e+01 4.212759548103999663e+01 4.850250687436000163e+01 1.769871230928000116e+01
3.940578203979999916e+00 7.828701125480000300e+00 1.796839329169999999e+00 1.188697042109999913e+01 4.929742391719999617e+00
4.939810255940000339e+00 5.853359064480000207e+00 6.795077228440000283e+00 1.488741982043999990e+01 1.928428037119999994e+00
3.959626667799999833e+00 8.813443636000000136e-01 6.864224308899999905e+00 5.925311461679999780e+00 5.949618957420000243e+00
3.943566127119999987e+00 1.880258726898999910e+01 3.766247804953999889e+01 1.935839648900000043e+00 1.091808956729000002e+01
7.859656911680000135e+00 3.057621418677999969e+01 3.412488996035000355e+01 2.083174850099999986e+01 1.978688660887999973e+01
-1.036091978999999913e-01 2.967930934409999821e+01 5.033054092919999789e+01 4.879993108639999910e+00 1.383800929879999941e+01
2.896338552240000030e+00 3.069642248139999907e+01 7.542444639027999642e+01 3.881805045430000156e+00 7.853325094699999731e+00
1.932859446679999982e+00 1.279868865717999959e+01 5.258805887348000141e+01 -7.544374344000000232e-02 6.899620816419999692e+00
6.871571683630000038e+00 9.572722748199999909e-01 1.079945470496000048e+01 1.776886914059999967e+01 9.643969359999999824e-01
1.060533532146500022e+02 4.673620953860000427e+00 1.415296535150600050e+02 1.722797979942000097e+02 1.374111100354999948e+01
9.424004350600000413e-01 9.815313195999999518e-01 -9.580920894000000132e-02 1.889002343360000058e+00 -1.633051367999999864e-02
3.951118606000000089e+00 -1.664975088000000131e-02 2.921697611849999987e+00 1.908450984439999942e+00 -1.366440191999999942e-02
3.889916023360000086e+00 9.623173436199999875e-01 5.824121396819999852e+00 1.180259331240000087e+01 1.968890325949999909e+00
-3.554284535999999856e-02 3.952089889149999813e+00 6.933563514880000334e+00 1.932266103049999906e+00 1.974503254160000054e+00
5.446010412361000164e+01 7.226244873765999444e+01 7.283827826030000097e+01 1.148891713298000070e+02 3.662168603319999960e+01
8.936555372189999957e+00 -9.187216344000000146e-02 3.865262215360000031e+00 1.185056397480000001e+01 -4.361191712999999692e-02
6.944203619799999672e+00 -7.937607878999999866e-02 1.907282663119999944e+00 9.882843382000000787e+00 -4.021766639999999754e-02
9.675238373200000241e-01 4.952619034609999638e+00 7.933533190910000421e+00 1.932798544399999985e+00 -2.246381180999999783e-02
9.669394709199999882e-01 -4.241972591999999820e-02 -7.951943663999999634e-02 1.905221365400000089e+00 -1.840335956999999967e-02
2.850451615468999833e+01 6.238547493560999868e+01 9.761212194623999494e+01 1.486034376632700003e+02 2.269422788278999903e+01
5.926414869600000301e+00 1.903600847000000096e+00 1.779864944346000044e+01 1.779699963383999872e+01 1.956947094650000052e+00
9.676504954000000325e-01 -3.893513912999999743e-02 5.913374660159999685e+00 1.915360266620000029e+00 -1.808135783999999940e-02
-2.912699087999999839e-02 3.962307413020000002e+00 9.199587646000000341e-01 -8.116175700000000104e-02 -1.580066432999999854e-02
1.386096191402000066e+01 -5.263274780999999819e-02 1.079722861111999954e+01 1.578515124705999995e+01 1.966236440329999891e+00
7.811447922879999339e+01 1.167682042146000043e+01 1.355580100752499959e+02 1.535460012558199878e+02 4.788886071200000316e+00
9.356701685499999588e-01 4.975844683820000114e+00 -9.070664148000000260e-02 8.997076678600000044e-01 9.853981227100000462e-01
2.953716091320000015e+00 9.828790672599999612e-01 3.927083404719999837e+00 1.921230150319999996e+00 -1.102818401999999982e-02
1.486012402895999962e+01 -5.229273735000000006e-02 1.180025889024000030e+01 2.077371966036000117e+01 9.668957414500000125e-01
1.483690282260000082e+01 1.481600548355999969e+01 1.875185895997000074e+01 6.849241270720000330e+00 9.455625956800000065e-01
1.799171357240000102e+00 2.577566527955000097e+01 2.170173114039999973e+01 2.828987972400000217e+00 1.193092594752000046e+01
1.387204149739999970e+01 5.827400297879999691e+00 5.802510364349999783e+00 9.887625788859999432e+00 9.584518964499999516e-01
1.946263478150000115e+00 1.939500472249999996e+00 9.281387245600000169e-01 9.585339664599999976e-01 -1.551248333999999916e-02
2.277822138844999955e+01 1.275491302042000008e+01 2.369405578694999903e+01 8.812222490339999936e+00 4.929120146479999853e+00
1.950696012799999934e+00 1.186611645270000004e+01 5.890623522720000338e+00 5.924745919680000306e+00 5.928240596640000248e+00
2.071835262147000023e+01 7.619023522400000559e+01 1.337230444495999926e+01 3.356854900287999754e+01 2.858218093027999984e+01
2.927091122399999801e+00 3.795484314999999942e+00 5.835179544359999859e+00 1.488841026899999953e+01 5.886854439630000435e+00
5.933244150510000203e+00 1.082726847200000009e+01 9.842187303910000296e+00 9.890940718719999580e+00 5.896045878179999811e+00
-4.426869509999999813e-02 7.905737358079999666e+00 1.390184028850999987e+01 5.930681608589999598e+00 9.304502531499999618e-01
1.936106756120000050e+00 1.482603345689999941e+01 1.786756175352000042e+01 9.307949154400000369e-01 5.935690375620000125e+00
2.685177817127999944e+01 2.559236903980999855e+01 1.063197935524999949e+01 2.883461401774999899e+01 5.861232618449999876e+00
1.191205927200000048e+01 2.075962491434999890e+01 1.078184398952000045e+01 4.905222812059999882e+00 6.912810146860000060e+00
2.929588446359999931e+00 1.580685363861999981e+01 5.825793356700000203e+00 -8.057763846000000341e-02 5.928205008479999982e+00
9.185247778599999746e-01 1.777689149885999953e+01 2.582311397551999832e+01 1.912307721679999961e+00 7.922725595000000176e+00
1.977026286709999914e+00 1.934912093599999938e+00 8.817298174900000118e-01 9.937997019100000884e+00 -3.335893470000000222e-02
7.718846365880000171e+00 9.789520268699999406e+01 8.860261690080000108e+01 2.726517651472000026e+01 3.365075550841000052e+01
1.918942502149999951e+00 2.868626459701999920e+01 4.060396629337999741e+01 1.079405696945000059e+01 1.587980341311999943e+01
-2.627582894999999988e-02 8.894833112160000610e+00 7.877074707800000297e+00 4.932194592200000116e+00 9.603059589100000348e-01
-2.569501440000000053e-02 2.885758141889999795e+00 4.872349922719999782e+00 2.932672577249999968e+00 -3.906105120000000208e-02
9.638248621599999622e-01 4.911373820029999671e+00 8.873335975410000742e+00 5.929494258750000135e+00 1.956117560690000090e+00
1.870728258879999828e+01 8.929497146399999963e+01 6.899459942401000490e+01 2.846641659292999904e+01 1.765420910459999959e+01
4.926592193990000368e+00 1.780608423662999940e+01 1.571652376539999985e+01 1.384733669909000042e+01 1.906317284060000006e+00
5.941559329440000425e+00 8.854709276159999476e+00 1.478454750384000072e+01 1.688052468896000136e+01 3.927041376250000049e+00
2.972393003280000112e+00 -7.118190089999999748e-02 1.900709736680000095e+00 4.947170738899999698e+00 -3.501346175999999616e-02
9.608391203499999644e-01 4.896125416940000363e+00 2.476712715864999836e+01 -4.285936800000000185e-02 4.926813260000000305e+00
4.742395661119999772e+00 7.132268312568000113e+01 1.284231061749999867e+02 1.472091789227999925e+01 4.456284628049999696e+01
2.892027562140000008e+00 1.274337591745000076e+01 6.335855157160000317e+01 3.886132581400000063e+00 1.580751971215000040e+01
5.928785610000000261e+00 9.807023735379999607e+00 4.757784874167000311e+01 3.920903909050000191e+00 1.186739996736000080e+01
4.971456296600000435e+00 9.212021567199999428e-01 3.831420702910000031e+00 1.966283954119999899e+00 1.943495281279999931e+00
-6.545142305999999965e-02 1.780278995448000146e+01 2.278455217429999990e+01 3.941291301250000156e+00 2.928276445619999890e+00
2.773366484932000020e+01 7.112126944422000463e+01 3.907095340495000357e+01 2.765642001779999859e+00 3.270722078418000223e+01
9.861062426920000235e+00 4.653146894599999683e+01 5.656591169634000238e+01 2.871038097750000073e+00 1.284600818650000065e+01
9.361043164000000250e-01 2.777133374137000033e+01 1.277325284035000053e+01 9.396507928599999726e-01 2.929627873919999903e+00
9.043405795000000191e-01 2.968299609960000041e+01 3.369089307633999653e+01 7.916707902499999783e+00 6.896692133440000205e+00
5.970291505259999632e+00 -4.000384583999999633e-02 9.036789585400000213e-01 2.916246414719999791e+00 -1.961840331000000090e-02
3.047510549371000010e+01 5.531477783023999706e+01 1.453520548703999964e+02 1.216223194120800031e+02 1.465629287253000079e+01
6.898551368559999730e+00 2.873278185959999842e+00 3.473018761814000044e+01 3.474120769568000355e+01 3.936438975999999812e+00
9.674405782299999590e-01 -4.220308818000000073e-02 4.898895281599999763e+00 9.145318375000000000e-01 9.785828774800000573e-01
1.968303394279999896e+00 3.958139007219999783e+00 2.909207613540000015e+00 2.916177030120000069e+00 9.785457292600000523e-01
9.856521589600000244e-01 9.458672261499999623e-01 5.874573401880000212e+00 3.976180725279999884e+00 9.698204497600000362e-01
-2.052478504799999937e-01 8.725384555269999964e+01 1.562258106355999985e+02 6.685202007999999640e-01 3.461515813951999831e+01
-4.706537723999999756e-02 1.582533801519999983e+01 3.861521083649999753e+01 5.926576539120000042e+00 5.904389120370000299e+00
9.731442345399999860e-01 1.897095216979999943e+00 1.277246824276000048e+01 -4.400308799999999576e-02 3.943154830990000193e+00
1.972767796759999914e+00 1.903775875850000077e+00 6.786560906260000081e+00 4.957365091099999788e+00 3.945531426880000136e+00
9.612603365499999830e-01 8.832901487399999141e+00 2.085068536464000033e+01 9.565525914400000440e-01 2.941446975149999865e+00
1.677710674744999864e+01 8.309891457740999954e+01 5.807584919479999996e+01 4.770735736999999865e+00 2.366385168156000063e+01
6.889502473000000293e+00 5.360750807184000166e+01 4.356626863660999760e+01 1.895095332649999964e+00 1.183764494298000081e+01
-5.106633659999999797e-02 8.787957394859999383e+00 1.578282654300999965e+01 9.458748020799999656e-01 9.922480299460000097e+00
1.941818338280000056e+00 2.476785572368000032e+01 2.975764903841999853e+01 2.943184247760000094e+00 8.915477834880000785e+00
1.915572757969999929e+00 1.956943511209999986e+00 5.902544007600000420e+00 6.885031736320000206e+00 2.973268601130000022e+00
9.228030781367999680e+01 1.561670563480000062e+01 6.219375757542000116e+01 1.180648785304999961e+02 2.778278943000000112e+00
8.943134680000000003e-01 6.942617850399999568e+00 9.866228684679999361e+00 8.817325682500000150e-01 -3.208759029000000235e-02
-7.273439712000000223e-02 1.963984620079999965e+00 4.913691021860000063e+00 9.038699557300000631e-01 9.786145484799999572e-01
9.822743642709999889e+00 2.906572730520000203e+00 2.780726973600000207e+00 2.379214945049999841e+01 3.945093088900000211e+00
1.925611336640000060e+00 1.681095344794999846e+01 2.874809851877000000e+01 5.908502925689999685e+00 6.933905833839999922e+00
2.267884900327999986e+01 7.618398649438999826e+01 7.891553711167999552e+01 3.620757575559999886e+00 2.371797485285999940e+01
1.585391863435000026e+01 4.161461255996999853e+01 4.649196954223999967e+01 5.817677277389999624e+00 1.686985281584000163e+01
4.943497251200000164e+00 1.885515448780000014e+01 1.481758686681000015e+01 6.933361941520000293e+00 9.519220587700000236e-01
4.908510966559999744e+00 1.278043039533999981e+01 2.769088824712000019e+01 7.891814767039999623e+00 5.922729333959999565e+00
9.820356758200000868e+00 1.284162264399999920e+01 2.868596173639999947e+01 1.379702697457999960e+01 3.933777756640000067e+00
2.357980639016999902e+01 4.566588357789999719e+01 6.033376053340000311e+01 4.565798402449999571e+00 1.685627173375999988e+01
1.683767080384999915e+01 9.863548041519999643e+00 2.734119545250000005e+00 1.481582141268000008e+01 1.945383057559999962e+00
1.949264046199999934e+00 -4.357823652000000075e-02 9.184335386499999920e-01 2.947597405589999831e+00 -1.693329462000000077e-02
2.976192020649000014e+01 1.380745815214999972e+01 4.060268118625999989e+01 2.975023483140000025e+01 3.917026438240000186e+00
9.393466005999999702e-01 8.854144059779999409e+00 2.669915314529999861e+01 2.913127879080000149e+00 5.906203761749999614e+00
3.817144682139999912e+00 4.757264697837000256e+01 4.113564234180000057e+01 2.274008580518000144e+01 1.772232682086000111e+01
1.893337741999999935e+00 2.274813855301999865e+01 2.647371877775999849e+01 1.284587767362999955e+01 1.183341539351999927e+01
1.934951794939999914e+00 1.483868416163999981e+01 2.667524204736000115e+01 8.906971103100000065e+00 1.189716527388000067e+01
9.735470993799999473e-01 9.397773099999999769e-01 9.873157149280000766e+00 4.961913476000000323e+00 9.616506876999999509e-01
9.863112127060000844e+00 6.877575099879999598e+00 1.774085371920000043e+01 8.864442482399999435e+00 2.939056312800000015e+00
1.170904009710000082e+01 2.765398071375999933e+01 3.629659670793999737e+01 5.686401778619999625e+00 1.883024664111999869e+01
1.579394705488000028e+01 2.280881381593999890e+01 2.659652219250000016e+01 1.578626207862999919e+01 8.909947378440000065e+00
8.890458072930000455e+00 1.892421994880000069e+00 1.378471733816000011e+01 7.888278352400000415e+00 1.951589572400000083e+00
2.279807769199999967e+01 1.579810957359999968e+01 5.058704875650000332e+01 1.278997546611999958e+01 7.905780573200000383e+00
1.383603304784000088e+01 7.878861831860000109e+00 6.779875508079999946e+00 7.843082020999999848e+00 9.371346631300000452e-01
4.696130210719999809e+00 1.680029631116000033e+01 3.764751622850000246e+01 6.750787079680000247e+00 1.189728313049999997e+01
1.382030619800000082e+01 6.871103986389999640e+00 7.733327913999999970e-01 1.584771355240000013e+01 2.937170051219999856e+00
9.344611487799999727e-01 1.949044390400000104e+00 1.911889398800000084e+00 6.938880523359999941e+00 9.732722088699999885e-01
1.879970179384000062e+01 2.283426964058000053e+01 2.470683449679999910e+01 1.179755725404000088e+01 3.915044788629999939e+00
6.920469599199999600e+00 3.932102538940000169e+00 1.775416268016000032e+01 6.880358382999999911e+00 2.945982762119999876e+00
3.445210424527999749e+01 5.364861780095999677e+01 1.932797088375000101e+02 4.917939277864999781e+01 5.460763712103999978e+01
1.583646653715999975e+01 3.861833213200000170e+00 5.550294758401999928e+01 2.280430262515999829e+01 3.889754227480000104e+00
1.956035850319999936e+00 1.964541109520000051e+00 9.865144396810000771e+00 9.422383370500000410e-01 -3.060565560000000004e-02
2.892944832059999971e+00 9.106546185999999654e-01 1.867442124115000013e+01 1.385406741515000029e+01 3.926035603299999899e+00
3.939105231940000174e+00 6.905591530539999745e+00 2.074584117270000050e+01 7.905321892879999979e+00 4.937755744400000424e+00
6.675554176000000339e+00 6.049402538865999901e+01 1.605891945204000137e+02 1.549568888079999951e+01 3.267222280637999887e+01
7.842288169159999711e+00 2.276229993124999851e+01 7.037424105533000329e+01 2.176547444031999845e+01 1.585020869745999939e+01
9.634735440999999678e-01 -5.334487388999999830e-02 1.485358455389999932e+01 4.948221715519999897e+00 2.965713420899999786e+00
3.929820795669999978e+00 1.897847394320000047e+00 1.874324148903999898e+01 9.894784159000000301e+00 1.931464765999999944e+00
1.941304080619999928e+00 2.891661275280000165e+00 5.894355567749999913e+00 2.928238984740000106e+00 9.581487968799999866e-01
3.172140150926000146e+01 5.446911153744999723e+01 2.351466187044000122e+01 1.066713207059000013e+01 1.179502974300000062e+01
1.482861458022000001e+01 3.065875309767999823e+01 8.686224395099999995e+00 1.579429639329999979e+01 2.870555834280000163e+00
-4.252172759999999635e-02 4.933579147879999738e+00 1.926152423930000079e+00 9.492405302799999944e-01 1.968988054880000060e+00
9.396867455199999775e-01 1.088741421523999975e+01 8.895815490689999550e+00 4.930601114029999898e+00 9.537082375600000050e-01
4.928595370160000044e+00 1.975397153959999930e+00 -1.180659110399999989e-01 3.897338764540000167e+00 -2.261067371999999839e-02
7.115157663264000121e+01 5.683513057799999935e+00 1.684894113907099893e+02 1.536936364031600135e+02 2.473804966200999900e+01
3.275927662649999661e+01 1.910113016960000021e+00 2.754465010191999852e+01 4.560917592663999898e+01 3.911903200389999835e+00
5.940289238100000091e+00 9.787175010999999980e-01 1.898316113779999981e+00 2.910399666240000016e+00 9.791471510200000505e-01
9.852217632729999508e+00 -4.715403821999999967e-02 9.763963881849999638e+00 1.279149146860000030e+01 1.953597368000000056e+00
