2.947240736669999972e+00 8.988184320400000038e-01 2.829063768150000158e+00 1.982088270659000173e+01 9.603844195599999800e-01
5.666271245519999944e+00 7.043537472559999912e+01 8.792445429800000056e+01 4.889777919170000331e+01 9.753893249049999881e+00
2.815294527119999834e+00 2.663769739716000018e+01 3.138439526149999992e+01 7.736036431109999967e+01 8.859404485709999832e+00
-4.490558918999999760e-02 9.148839525999999944e-01 1.585550761702000067e+01 9.848549179990000013e+00 1.966201878439999939e+00
8.968709006639999259e+00 1.936990503380000117e+00 8.957619035199999580e-01 -1.058326535700000043e-01 -2.354617188000000111e-02
3.902121761080000084e+00 8.797265067599999711e+00 3.851881621383000009e+01 1.484406485717999935e+01 1.186789824695999940e+01
1.740550030759999922e+00 6.448465715545999899e+01 7.175930639499999586e+01 4.581439126610000301e+00 2.368382719362000088e+01
1.812912574699999890e+00 2.664938739653999988e+01 7.010270611693999854e+01 2.070791364360000131e+01 1.376215600639999970e+01
3.877728523600000088e+00 9.769054368160000834e+00 4.341800211614000204e+01 2.581153576586000042e+01 6.848406345399999928e+00
9.673606020699999641e-01 9.349665126399999693e-01 -1.696833230400000003e-01 2.947246639949999913e+00 -4.428000674999999636e-02
6.896763350259999648e+00 1.939441430540000066e+00 8.199795055599999882e-01 1.287337574830000086e+01 -4.203880154999999758e-02
4.826991818505999987e+01 3.563208368811000071e+01 1.059220246576399944e+02 3.515624335692000102e+01 2.675495737034999877e+01
3.859790974842000111e+01 1.580471175723999977e+01 3.049391556400000169e+01 3.356492305569999957e+01 9.871679650149999929e+00
2.770201473759999899e+01 3.848134011249999986e+00 2.254454399192000125e+01 2.863617910724000026e+01 1.898334761599999920e+00
2.374009043190000057e+01 5.868453757920000236e+00 2.762919709435000115e+01 2.071423997040000131e+01 7.912522974319999847e+00
-6.650405127000000305e-02 5.864066002500000430e+00 1.578682429234000040e+01 1.083169206019999997e+01 1.945669351250000068e+00
2.771643368448999922e+01 5.944875969291000217e+01 4.511491359291999714e+01 1.737413865594000129e+01 1.279640095797999955e+01
1.890213239089999941e+00 9.781618953700000674e+00 9.657365361940000170e+00 2.074071442673999854e+01 -8.182098764999999607e-02
-8.321437395000000348e-02 4.847620468819999751e+00 9.760056486399999898e+00 1.581255388239999959e+01 2.942236189740000007e+00
1.964289505700000049e+00 2.934866442000000131e+00 5.894231988479999629e+00 2.918216090100000049e+00 9.735847287400000161e-01
1.680018738560000102e+01 6.894472783660000381e+00 1.174896535403999920e+01 1.178350003775999966e+01 9.363258092799999766e-01
2.442911730064000153e+01 4.568491208980000096e+01 6.331008461409999910e+01 1.539772755775000057e+01 1.581874534015000044e+01
1.977920135480000141e+01 9.875127276640000673e+00 7.733290162760000364e+00 7.783483019660000224e+00 1.928026726669999968e+00
9.866462557600000238e+00 9.269770565799999584e-01 1.836869387419999944e+00 5.863036315919999630e+00 9.594762151600000344e-01
3.366276462673000225e+01 7.809510869540000400e+00 4.462985578499999662e+01 2.363804099592000085e+01 5.893591926480000076e+00
2.577337781119999960e+01 8.626876400799999844e-01 4.867432241000000381e+00 1.579367153823999992e+01 9.528366524500000434e-01
3.848527415109000316e+01 4.768343276331000169e+01 5.469919738587999802e+01 2.454078948640000135e+01 8.891671468320000216e+00
-1.121331875399999983e-01 4.931727106370000335e+00 3.934463820159999958e+00 -1.046877242400000019e-01 2.975861384399999920e+00
1.876510935469000074e+01 2.855318771999999949e+00 1.865340760250000063e+00 1.977714396128000018e+01 2.951613127199999909e+00
2.372437662063000019e+01 1.582928059300000001e+01 8.424151415199999660e-01 1.174690325279999925e+01 1.942660679150000069e+00
1.382915317838000036e+01 1.917625806650000042e+00 -8.051224229999999482e-02 1.183936662552000030e+01 -3.162148956000000039e-02
6.033613784127999935e+01 3.570815408967000337e+01 4.870499960379999749e+01 2.439936592288000128e+01 5.882864134200000095e+00
-8.047903391999999823e-02 2.957817727200000135e+00 6.957731063679999828e+00 2.930030419619999993e+00 9.836901008199999685e-01
2.887954823009999838e+00 1.950882376790000095e+00 2.950156479899999962e+00 3.900951576759999817e+00 9.819221672800000356e-01
8.748303247890000023e+00 4.883475060500000353e+00 -1.117722563999999918e-01 1.775762812584000017e+01 -4.282063380000000058e-02
1.964872911440000092e+00 9.584583748299999595e-01 1.859478582079999942e+00 2.940904351289999941e+00 -3.411441441000000185e-02
3.743071837688000159e+01 6.232122368145000024e+01 2.644205806875299913e+02 9.774583381889999600e+01 5.441718016864000163e+01
4.870933740589999950e+00 5.850440357460000129e+00 4.048693634156000343e+01 2.472374613039999858e+01 7.875904832899999874e+00
5.910706808519999633e+00 2.896765428720000202e+00 2.270819442199999827e+01 1.581249855535000037e+01 5.908639721730000183e+00
9.341068855599999887e-01 9.167600608299999454e-01 5.725640040000000042e+00 1.185671012925000056e+01 2.936214606000000060e+00
1.577810043925000016e+01 2.077443180183000138e+01 2.836606176300000115e+00 2.076757957119000153e+01 1.936609870609999895e+00
3.666185265744999811e+01 2.968872693140999885e+01 3.677938576993000197e+01 1.974083506490000062e+01 9.914938112439999784e+00
8.923898924550000444e+00 -7.305723072000000484e-02 2.945911806119999810e+00 1.091553550849999965e+01 -2.104795044000000101e-02
6.845226973900000011e+00 3.849606054220000129e+00 8.834534577999999527e-01 1.783125149553000099e+01 -4.337241065999999923e-02
3.845017030000000169e+00 1.684198385539999876e+01 5.888015219039999693e+00 5.815316779439999806e+00 1.957582359020000107e+00
-5.333893497000000150e-02 3.884766974050000155e+00 1.084877838407000006e+01 1.918325700920000099e+00 2.958404076479999922e+00
2.868454775828000081e+01 4.528388269602999827e+01 4.207398066087999666e+01 2.352652871549999958e+01 2.075286397718999964e+01
3.940623581800000164e+00 7.847925803179999882e+00 5.826002659080000257e+00 7.902321197660000074e+00 -4.868937216000000096e-02
1.937010366200000000e+00 2.858943995040000186e+00 7.808773166900000007e+00 1.690830777968000120e+01 9.520310742399999970e-01
-4.508785943999999574e-02 2.895571858079999839e+00 1.286364486567999954e+01 7.929724139990000253e+00 1.962593652440000058e+00
1.944219949400000091e+00 9.858033866079999541e+00 1.384130604577999968e+01 8.880587248499999475e+00 7.933696199359999923e+00
1.758404228111999856e+01 9.995677083155000275e+01 4.980568383600000004e+01 5.313572207171999651e+01 5.948747917440000066e+01
9.903446059240000210e+00 5.761300050240000026e+00 8.710023701700000842e+00 1.777265744255999991e+01 1.787790064049999827e+01
7.922250521899999676e+00 5.786220810749999721e+00 1.876502256399999879e+01 1.980190322804000047e+01 1.900738851320000089e+00
4.965698985080000405e+00 4.921825655840000202e+00 1.190207658413999958e+01 6.925232474529999571e+00 -4.213548720000000192e-02
1.479657001308000019e+01 2.912399528699999962e+00 9.808669222840000756e+00 2.575437129403999847e+01 9.638928195400000565e-01
3.330467578078000201e+01 3.770043178699999942e+01 6.934612061661999860e+01 4.814221875529000272e+01 9.868402407159999612e+00
6.834383357290000127e+00 5.931876837299999927e+00 8.514889802199999691e-01 1.280268014115999975e+01 -2.889916379999999882e-02
8.867252280869999836e+00 2.944043447159999882e+00 -1.081386601199999936e-01 7.844706237859999653e+00 -2.404661255999999969e-02
2.571942539113999970e+01 1.880755922899999932e+00 1.672866583549999930e+01 2.865524230819999829e+01 2.948869376130000219e+00
9.415204405299999468e-01 1.916874551899999890e+00 1.179634331595000063e+01 3.932217798699999989e+00 -4.649839424999999832e-02
4.658008981105999879e+01 6.937657215999999494e+01 1.514099741471999891e+02 2.746368758223999862e+01 3.262218957051000245e+01
1.381811782505000075e+01 1.775032973585999940e+01 5.935182428832000312e+01 2.078274486990000014e+01 1.685525721037999958e+01
8.850008642040000595e+00 1.079865917641999928e+01 4.948157453684000018e+01 1.082968014575000026e+01 5.883563778180000092e+00
5.868173486579999931e+00 9.823802806810000732e+00 2.954552596950000165e+01 1.284584448064000028e+01 8.894283515819999764e+00
1.950901023799999967e+00 9.844797006460000333e+00 1.487670128160000083e+01 7.950906146240000361e+00 2.947877391000000014e+00
5.172232734250000163e+01 6.406760344987999645e+01 3.219901157399999647e+01 5.726591031839999957e+00 2.168496844554999825e+01
8.879285547720000338e+00 4.162692857190000240e+01 1.567467417904000015e+01 1.888131218330000083e+00 8.876508201900000117e+00
3.884360816560000096e+00 2.865121350589999949e+01 9.695290085199999908e+00 2.887092480000000183e+00 6.874574383599999727e+00
-7.912888379999999389e-02 2.173644515487999840e+01 2.178478734807999828e+01 7.919518740200000018e+00 5.913445355340000376e+00
3.894586930480000042e+00 8.973303810399999580e-01 2.278171203890000029e+01 6.873755113959999719e+00 2.972780018039999916e+00
3.447638777069000326e+01 7.946518903711999826e+01 1.009028813460599991e+02 4.133619327768000318e+01 6.858939199840000001e+00
2.080000734285000163e+01 6.793966506220000312e+00 2.759274286048000135e+01 2.374597198526999975e+01 -5.483810483999999874e-02
1.572761663440000035e+01 8.724094877520000679e+00 2.249545831834999987e+01 2.470254187749999986e+01 1.925344976239999895e+00
5.816360137200000224e+00 1.284139222816000014e+01 3.859723693163999769e+01 3.078042056113000058e+01 1.945415191880000005e+00
3.887251052079999880e+00 2.381921765519999923e+01 1.184295984869999963e+01 -8.001558431999999943e-02 5.939179886399999830e+00
2.474632826619999904e+01 1.159956084917999952e+01 1.562067847257999986e+01 4.680383577463999956e+01 2.854835104799999801e+00
9.880152837400000720e+00 8.803568019420000113e+00 1.831596957289999938e+00 7.916348375090000111e+00 2.937568559879999874e+00
8.904125613599999767e+00 1.183268546040000047e+01 2.864566226910000069e+00 -6.915529466999999209e-02 1.945582244659999960e+00
8.854019914320000240e+00 1.875555938421999969e+01 1.179055926066000026e+01 -1.017145835999999914e-01 2.916312251519999954e+00
2.890561164060000188e+00 5.905854408749999784e+00 1.781115324498000163e+01 8.845182577799999279e+00 1.974922461560000064e+00
4.642304713147999706e+01 5.550030939781999706e+01 8.601272468466000021e+01 4.619157922136000138e+01 8.673800178699999641e-01
2.682068828687999940e+01 1.181937087642000073e+01 1.465424725559999963e+01 2.770520560948000011e+01 -5.005955520000000131e-02
2.079751260360000131e+01 5.823727950660000374e+00 1.266703087810000028e+01 3.470501249737999672e+01 9.539809896700000014e-01
9.839838559060000378e+00 8.593731136000000159e-01 1.973342578592000152e+01 1.978058336384000171e+01 -3.637937772000000153e-02
6.880776443440000278e+00 2.082356499243000059e+01 8.829382546079999727e+00 1.282715345685999964e+01 7.920600261919999774e+00
4.467919137407999841e+01 3.350635152883000245e+01 6.581318034849999776e+00 3.956005527322000148e+01 7.776902139829999783e+00
1.492463716017000053e+01 8.931914106399999609e-01 6.904187700099999603e+00 8.894501054279999153e+00 -4.741501212000000243e-02
4.910575115480000363e+00 4.857038207599999602e+00 9.882884670130000160e+00 1.385976956000000015e+01 2.942712490799999969e+00
9.265296692800000233e-01 1.488782335191000072e+01 9.901991607039999366e+00 3.895875026500000171e+00 7.948677442580000196e+00
1.918426746800000027e+00 1.383790476829999960e+01 2.078436571391999976e+01 1.585346226252999990e+01 1.391401842223999985e+01
1.768166069552999886e+01 7.235323088895999888e+01 2.317585229295000104e+01 5.842904651149999751e+01 2.367307568777999904e+01
9.915589042209999704e+00 4.834533387919999647e+00 2.790848055630000157e+00 1.585266626499999987e+01 3.916821260379999892e+00
1.492532178431999945e+01 8.427571591600000467e-01 1.182997211862000064e+01 1.986710598919999882e+01 9.210410793100000104e-01
9.620198508699999707e-01 1.091602545725000084e+01 7.898246504000000279e+00 3.931091741559999964e+00 4.959298289750000421e+00
-5.163338276999999976e-02 1.383200668849999992e+01 1.983469415185999907e+01 2.943591598379999841e+00 9.549186319000000367e-01
3.466859588234000000e+01 1.099690610303999989e+02 6.696626773568000601e+01 4.654820504749999976e+00 1.772242999784999995e+01
1.186102338248999999e+01 3.557090968632000028e+01 3.358214951200000087e+01 7.853489020879999671e+00 8.890108045199999864e+00
1.190343855377999915e+01 3.269172552954000111e+01 2.869113231469999903e+01 1.897487910649999998e+00 4.919661429799999652e+00
1.897411567340000049e+00 2.567288574439999849e+01 2.768156255026000068e+01 8.891671474800000752e+00 8.914684603499999582e+00
1.915398077419999900e+00 4.933152838399999851e+00 9.557012093500000249e-01 6.924004560700000255e+00 -2.472145434000000072e-02
3.663639174195999715e+01 2.971036107641999990e+01 1.580231172723999933e+01 1.573008558243999921e+01 1.189005308750999923e+01
3.922401002079999977e+00 1.942329611899999975e+00 -3.900687840000000017e-02 5.925500878560000295e+00 -2.344699223999999887e-02
2.940305332799999949e+00 9.527392459000000313e-01 -2.909976111000000046e-02 2.945041961699999877e+00 9.815339180800000118e-01
4.895628068839999791e+00 6.920184507550000141e+00 1.949840690869999893e+00 6.899009956539999600e+00 9.696381414400000454e-01
3.963381699820000215e+00 9.650122849000000169e-01 -4.835166857999999984e-02 9.695470188699999436e-01 -5.637094559999999976e-03
3.955775837080000024e+00 5.966698701660000381e+00 5.955413752500000157e+00 1.973382336470000054e+00 -6.561541889999999641e-03
9.875026104399999838e-01 -1.228328387999999896e-02 9.774117875800000244e-01 1.980826165999999944e+00 -5.824710000000000304e-03
-1.996683696000000133e-02 -2.391443676000000115e-02 9.619546563999999966e-01 1.973953004960000035e+00 -5.409163800000000091e-03
-1.851390674999999972e-02 -1.641991337999999800e-02 2.979186495960000070e+00 1.987923227240000035e+00 -3.522971880000000128e-03
1.283204450334999969e+01 1.579488319780000083e+01 2.579805945728000083e+01 7.870003099999999918e+00 5.939241436679999708e+00
2.261157913346000115e+01 4.954074296729000082e+01 1.449376064664000019e+01 9.712284744610000686e+00 9.863544161620000139e+00
3.372223022674000248e+01 1.667425839064999948e+01 1.364109134413999946e+01 4.799832879380000250e+00 6.902455677099999853e+00
1.286033018124999927e+01 7.842665988800000321e+00 1.183482716924999956e+01 3.909363663280000178e+00 2.955697507650000055e+00
2.473968660639999939e+01 3.769116286303999885e+01 3.765483737624000327e+01 7.807420789280000051e+00 2.907970719240000168e+00
9.908186804559999672e+00 1.080620525143999977e+01 2.169009725457999949e+01 3.270698361374999763e+01 -4.786392870000000244e-02
1.264882469115999974e+01 7.328253125800999612e+01 1.128537604998600017e+02 9.401179137296000476e+01 1.582516744864000025e+01
1.571734535488000084e+01 5.942154432713999768e+01 1.150621891037000069e+02 8.110660588300000029e+01 5.862697223999999707e+00
9.345454665400000360e-01 5.862822424079999983e+00 1.576722912712000024e+01 3.278303041595999900e+01 -3.549323852999999862e-02
9.274392830800000098e-01 6.843940321299999852e+00 6.750890208879999577e+00 2.276898087685999883e+01 3.962475807160000141e+00
7.880768745200000147e+00 -4.434932735999999598e-02 -1.104456270599999956e-01 2.860414141800000198e+00 9.683569393299999994e-01
7.323521594150000169e+01 2.474609545599999905e+01 7.639346794918999706e+01 4.717244987579999815e+01 1.981729976960000172e+01
5.840412134640000197e+00 8.944093857509999523e+00 1.875392804360000110e+00 1.817677521200000035e+00 1.961684294599999934e+00
3.921713992479999966e+00 -2.632981787999999837e-02 1.937065993760000104e+00 5.914388401890000146e+00 -1.825541387999999807e-02
3.171691107499999873e+01 2.905539886560000173e+00 1.377283815680000068e+01 1.570111929151000041e+01 5.932833962460000166e+00
2.080461919125000136e+01 5.892946317599999873e+00 2.066791354320000096e+01 1.470651276479999936e+01 4.929050704369999814e+00
3.949689153964000354e+01 4.169233429314000006e+01 8.606382930510000051e+01 3.821139335873999698e+01 2.179172298198999869e+01
5.244597144043999748e+01 2.469894932985999958e+01 9.105022442359999957e+01 6.117778984939999987e+01 4.793622374479999948e+00
6.897843642399999808e+00 2.945729478360000098e+00 3.825941214100000209e+00 1.285221223165000026e+01 -3.754497096000000006e-02
1.576331711871999985e+01 8.870121188280000624e+00 3.559634651159999663e+01 3.365428781877999853e+01 2.913482851049999933e+00
2.909992077480000106e+00 5.867735513100000411e+00 2.884531603440000147e+00 1.583570918716000087e+01 2.962354141920000128e+00
2.580159145741999893e+01 2.972867952288000026e+01 9.763009308999999192e+00 4.642255650290000091e+00 7.922562372709999856e+00
1.172422961778000072e+01 2.661604771392000046e+01 1.564541844837999918e+01 3.147847240775000088e+01 4.885068192800000375e+00
5.954294275799999703e+00 2.936902285469999985e+00 -5.616259740000000000e-02 1.919277604819999983e+00 9.811646390799999562e-01
-4.887171854999999843e-02 3.933188745699999878e+00 3.939019441600000171e+00 1.290832801672000052e+01 9.803545532199999801e-01
5.926990607879999651e+00 7.875054713599999978e+00 7.830344787199999601e+00 3.667086551530000094e+01 -3.753057887999999842e-02
7.834415011279999952e+00 2.672554104585000090e+01 1.763251758971999905e+01 5.327252763650999867e+01 3.914978609199999848e+00
2.798178119040000134e+00 2.264528314760000072e+01 2.154691619680000159e+01 9.008373832911999557e+01 1.899390506690000091e+00
9.555077594799999963e-01 3.924949955439999805e+00 6.898090725610000362e+00 2.179831959363999871e+01 -2.263965876000000044e-02
2.974487230739999877e+00 3.955202421070000085e+00 1.942203421999999957e+00 -1.194619792500000027e-01 1.986658501339999994e+00
5.854697270339999982e+00 3.950819233239999839e+00 6.896417758900000194e+00 5.804118283200000228e+00 2.930878536599999862e+00
4.958472730055000000e+01 7.855773823519999866e+00 3.170582633840000142e+01 7.033088597623999760e+01 2.079627464090999922e+01
1.080858587384000025e+01 6.931982605480000004e+00 1.386115346120000069e+01 7.396993801000000257e-01 3.906005608210000091e+00
2.930670601500000139e+00 2.976757521420000163e+00 3.948299402620000009e+00 7.896618345680000317e+00 9.671736419199999935e-01
1.384829828492000026e+01 1.948743940339999980e+00 3.887733776440000177e+00 1.276670227071999975e+01 3.928627101910000086e+00
1.089827379127999940e+01 -6.975246960000000551e-02 3.924377048919999833e+00 1.281805695759999963e+01 9.717343801300000194e-01
2.167154793949000080e+01 1.078929781040000080e+01 3.764800847560000108e+00 2.050799243898000057e+01 1.091811421963999962e+01
2.975311574300999951e+01 1.826739691040000002e+00 7.812925747729999593e+00 1.960551112214000113e+01 1.934117354000000066e+00
9.844443253539999716e+00 2.895743869679999971e+00 -1.177153916400000000e-01 8.758888421039999983e+00 -4.298028479999999735e-02
1.921277608220000044e+00 2.950517078939999926e+00 4.944927636680000127e+00 -1.148070493799999980e-01 1.979078697919999907e+00
1.187452546283999943e+01 7.859036477600000126e+00 3.835227512559999941e+00 7.838995289119999654e+00 9.468552033999999562e-01
1.487069107025999948e+01 9.848551027599999230e+00 2.182219547601999921e+01 9.835164701109999186e+00 4.947425465270000267e+00
2.676254654709000036e+01 1.773860088078000175e+01 4.682143038379999567e+00 1.570088511159999989e+01 2.906289294510000065e+00
1.388564335759999935e+01 1.587274812925000056e+01 9.852479268399999768e+00 1.856545695199999901e+00 2.955963669600000010e+00
-7.123202855999999361e-02 6.919758488860000334e+00 9.905152369599999673e+00 8.909453016809999681e+00 -2.865102840000000040e-02
1.385385160118000059e+01 2.956753452810000127e+00 1.879247783899999913e+00 1.790500490299999914e+00 1.965345252409999910e+00
5.150066722180000056e+01 8.461973166399999746e-01 2.470401142000000050e+01 6.531546785547000411e+01 7.885192104979999783e+00
3.364007119450000260e+01 1.289037854470000077e+01 9.711014705920000267e+00 1.350108003020000069e+01 6.913029875560000370e+00
4.881697974769999782e+00 9.657736930000000442e-01 1.290402775263999935e+01 1.183904116751999958e+01 9.730766197900000414e-01
2.077756645566000060e+01 9.377573968000000315e-01 3.841720926969999894e+00 1.671468771247999996e+01 1.951401352700000036e+00
1.582732722048999996e+01 9.545765081499999472e-01 9.878046924879999580e+00 1.069343862122000033e+01 1.931151551959999990e+00
5.254224889903999696e+01 4.895336128640000339e+00 2.770285270851999826e+01 5.328256275647999729e+01 1.983345798655999914e+01
2.378187121362000056e+01 7.940288609539999598e+00 6.841378114720000347e+00 7.614445080320000336e+00 1.291601395524999951e+01
1.288648376499999948e+01 9.698660721999999845e-01 4.916769543500000061e+00 1.478318144208000007e+01 -4.811069519999999766e-02
4.883764446769999878e+00 -3.166354799999999969e-02 2.913886534800000039e+00 1.278560393499999925e+01 -4.596008688000000064e-02
4.889000473880000364e+00 9.431960672800000500e-01 8.839164114989999987e+00 3.158877182899999880e+01 3.902167920550000169e+00
9.779895174070000863e+00 6.894017091430000299e+00 2.768700887199999983e+01 7.520555419996000523e+01 9.812060960140000176e+00
2.773003960279000069e+01 -1.347573850200000090e-01 1.663508624552000015e+01 9.899345683072000668e+01 1.976362612400000174e+01
-6.615012824999999541e-02 9.664505249499999451e-01 9.910224962199999155e+00 1.077084573337999984e+01 7.945544708449999938e+00
-4.010957027999999952e-02 -1.926661140000000133e-02 9.426068327800000146e-01 6.847269013060000020e+00 -3.632369103000000071e-02
1.910083682000000005e+00 7.836001498339999927e+00 2.363819333424000035e+01 2.064688269186000014e+01 1.905802671620000055e+00
4.947139562000000268e+00 5.909566036920000265e+00 1.479719580855000061e+01 2.801351776799999804e+00 9.500030416000000422e-01
7.871621789800000712e-01 3.562119537489000010e+01 7.016907005359999516e+01 6.515675412833999758e+01 1.877825791540000111e+01
-5.521792355999999985e-02 4.899930486709999755e+00 2.478895891774000049e+01 1.178649047999999944e+01 3.943916262580000165e+00
-2.522517795000000021e-02 9.521700524199999682e-01 9.232123644999999934e-01 4.899851175560000272e+00 -2.493819494999999914e-02
1.583722601746000080e+01 1.187416777574999927e+01 2.069335106831999838e+01 2.459790733299999843e+01 9.855115694469999355e+00
1.885977229879999939e+00 1.190928523016999918e+01 2.374066231296000140e+01 1.471889821074000082e+01 8.974257326200000273e-01
2.265500647345999852e+01 1.874062097055999843e+01 4.935969114601999763e+01 5.316074482500000187e+01 2.469906830428000077e+01
9.689576069799999969e-01 -2.252913750000000090e-02 9.392272228000000389e-01 9.235400524300000358e-01 -2.702784023999999993e-02
6.926765571249999809e+00 9.456890382999999511e-01 5.864099546220000292e+00 1.882650473838999972e+01 3.939077549379999876e+00
1.924961637260000025e+00 8.879116358970000178e+00 9.844704337599999633e+00 1.767715727615999910e+01 -5.936154903000000205e-02
7.953527109410000406e+00 5.925408757259999604e+00 5.898310273679999938e+00 2.796633669359999796e+00 -3.697943138999999768e-02
8.761927512690000697e+00 4.557962913219999734e+01 3.350516839990000051e+01 9.992840281633999666e+01 6.809427497049999722e+00
9.639727730199999511e-01 5.944479711539999656e+00 9.214368947200000104e-01 2.843497300710000175e+00 9.702117445600000334e-01
9.772929476199999632e-01 -3.589231500000000102e-02 1.952033438630000006e+00 5.899791750720000394e+00 -1.839509027999999824e-02
3.934051424859999813e+00 1.911910453940000032e+00 9.334269124299999776e-01 1.278677055856000067e+01 -2.228805233999999955e-02
1.189760194812000016e+01 1.586018654881000067e+01 1.089725595824000060e+01 7.698329010800000205e+00 2.964977329349999913e+00
8.787633790139999235e+00 7.720828939699999616e+00 2.781246565110000013e+00 4.632399252631999786e+01 -6.863105457000000242e-02
2.930685751740000011e+00 3.907682953780000190e+00 2.931548824560000099e+00 1.078286654405000000e+01 -2.360945474999999807e-02
-2.435870555999999909e-02 -3.144643560000000282e-02 2.976070785600000157e+00 5.927586584820000226e+00 -8.181909629999999448e-03
4.888636842200000387e+00 1.184763366534000006e+01 1.375970483300000069e+01 9.768348505000000515e+00 2.923054414500000142e+00
6.955156041280000423e+00 1.937013695300000116e+00 -9.545708249999999839e-02 9.907364949399999787e+00 -3.257469431999999998e-02
1.274130987474999976e+01 3.564130465763999922e+01 3.246323223912000344e+01 2.048788997724000183e+01 4.817554105550000187e+00
2.944215316200000210e+00 3.923347102330000169e+00 4.887708218510000258e+00 4.887560228269999918e+00 1.962492891679999962e+00
9.503632575100000590e-01 2.930722174200000030e+00 5.893311995340000387e+00 1.289656447744000012e+01 1.964488381760000069e+00
-9.162897875999999331e-02 1.284705999904000073e+01 2.273328579685999884e+01 2.751224890311999971e+01 9.226623339999999729e-01
5.963561780640000087e+00 2.936999799750000140e+00 9.029479821400000494e-01 -1.841197958999999940e-01 -3.143448000000000075e-02
4.781190892999999775e+00 2.365687764636000168e+01 4.040256714251000147e+01 7.883721454886000402e+01 9.812317205259999398e+00
4.944187258610000413e+00 6.908898461649999767e+00 9.842303544580000008e+00 1.869591151071999846e+01 2.951275474650000064e+00
-2.990010671999999980e-02 9.497042002000000149e-01 2.911389816719999857e+00 1.083515147219000063e+01 -2.640154499999999849e-02
6.883797936219999691e+00 9.707508141399999735e-01 5.935687376999999820e+00 2.821504719360000024e+00 9.736305779799999671e-01
3.067548763774000165e+01 9.045474300100000420e-01 6.786907889200000099e+00 5.541405788755999851e+01 1.917314479909999925e+00
2.074548161774999855e+01 3.932040570699999904e+00 1.185492815435999958e+01 1.459247432441999948e+01 5.940004595999999637e+00
1.483029157992000080e+01 -4.355802863999999608e-02 3.902960443990000083e+00 2.873275468957999834e+01 2.962545885119999944e+00
4.877868314209999667e+00 9.695905118200000006e-01 1.935468852769999915e+00 4.822936169180000121e+00 9.739124660800000388e-01
1.289878613247999972e+01 9.575330867200000373e-01 2.918306043839999919e+00 3.161511946039999899e+01 5.891918576640000182e+00
6.813316047039999823e+00 -7.615650132000000017e-02 9.852391399600000099e+00 4.434163868088000271e+01 1.480913009258999935e+01
1.980306325415000046e+01 1.919936734219999996e+00 1.383575770454000065e+01 5.028338127039000227e+01 1.779580965635999945e+01
6.907774053669999859e+00 -3.620459105999999927e-02 1.927430528599999970e+00 2.367060980640000167e+01 8.906459838390000883e+00
-3.750610715999999623e-02 9.836724152800000454e-01 -3.160979640000000090e-02 8.861006856059999492e+00 -3.897631871999999997e-02
1.383972533158999951e+01 2.958814020720000215e+00 6.886276233280000270e+00 2.363719353180000127e+01 4.915311486800000296e+00
2.069463322785000159e+01 -7.722047195999999503e-02 1.477703573880000043e+01 7.038129974714000525e+01 1.384490675822000050e+01
2.077366875023999881e+01 2.943008885189999813e+00 1.383773365417999912e+01 2.250034621880000074e+01 7.882630121150000058e+00
5.868073213439999769e+00 -3.240313874999999760e-02 1.090452772189999919e+01 2.172884414403999997e+01 -7.187004207000000089e-02
9.230366196099999421e-01 9.807225710500000471e-01 -5.585101307999999765e-02 7.833807901700000187e+00 -4.270092066000000242e-02
9.840544670890000845e+00 3.945526320639999973e+00 8.875360084409999573e+00 8.757189399059999602e+00 3.909352917820000162e+00
2.864379064726999857e+01 2.888742955440000149e+00 2.374286661132000020e+01 3.850639764537000076e+01 1.480501653756000024e+01
2.173848285892000121e+01 7.915120818470000152e+00 2.080278048153000015e+01 8.639297448480000696e+00 6.854634079000000213e+00
3.928092420100000037e+00 9.763242742900000160e-01 2.947614513600000041e+00 3.901133585380000213e+00 9.581690306800000334e-01
1.185546687887999973e+01 -4.922060255999999995e-02 1.890414753319999974e+00 1.079078051864000010e+01 6.919690354090000106e+00
3.888824194390000155e+00 1.964638482050000023e+00 3.940825889020000083e+00 -1.077412152599999950e-01 9.654281227000000021e-01
3.159804094736000124e+01 5.870331195360000365e+00 1.877883513921999992e+01 2.759514261750999964e+01 9.870449264199999462e+00
7.772504262650000051e+00 7.932776936839999848e+00 8.887585316399999158e+00 1.794753050239999981e+00 2.935604701920000004e+00
8.767156477599999942e-01 -3.617714906999999758e-02 9.351929692000000571e-01 7.883648491219999777e+00 3.963119557899999812e+00
9.811588025440000749e+00 4.945285472000000127e+00 3.908429597200000050e+00 6.825150667059999954e+00 5.945088658200000431e+00
9.161004365200000610e-01 2.926373135970000039e+00 9.132830345800000416e-01 7.942247409860000218e+00 -3.185586467999999838e-02
1.082498778415999929e+01 8.836110594000000873e+00 1.081581394528999951e+01 3.872560422279999859e+00 8.930341756080000692e+00
5.851932632609999629e+00 2.864981054639999858e+00 -1.537342618499999980e-01 1.489352257752000064e+01 1.944460062559999924e+00
9.886128943690000170e+00 3.904959751599999862e+00 6.887299705540000261e+00 9.244602019000000004e-01 1.958672742140000089e+00
2.903044973160000097e+00 2.912698524000000067e+00 6.902104762419999595e+00 -6.726759858000000425e-02 1.963144188380000044e+00
4.882173836809999834e+00 5.884771424190000211e+00 2.179533707886999849e+01 2.756227834090000073e+01 5.894255260589999601e+00
2.941058538030000058e+00 1.094367063251000083e+01 1.891578112579999971e+00 3.758106738640000000e+00 9.436320773199999845e-01
1.274578985920000029e+01 1.575014416566999920e+01 3.955648184319999672e+01 6.703847141674999932e+01 1.576788183969999935e+01
3.949382553249999983e+00 4.953108400159999647e+00 8.912521430460000005e+00 1.280522690427999954e+01 9.550737234099999640e-01
-4.071590711999999862e-02 9.592433555499999542e-01 -7.488393380999999738e-02 1.184083744457999998e+01 4.963411535359999682e+00
1.888954331968000133e+01 2.954477057160000086e+00 2.921677503599999781e+00 1.867801768245999838e+01 6.886247520400000433e+00
6.812586988719999681e+00 1.921880504180000004e+00 4.873825972759999736e+00 3.845558514252000037e+01 9.800468748820000187e+00
1.282681323661000050e+01 1.923740832800000078e+00 8.882925253559999845e+00 2.248909689586999860e+01 9.816846919659999671e+00
8.935639223500000394e-01 -4.264765910999999965e-02 5.930730598200000259e+00 1.369404055166000056e+01 1.189072328718000016e+01
9.555443261199999538e-01 9.804361769199999577e-01 -3.073464000000000057e-02 6.861761413990000058e+00 9.534881087200000049e-01
5.882340882300000295e+00 4.953591753080000437e+00 1.933414423039999885e+00 1.574976673321000042e+01 3.897603775479999921e+00
2.179107514156000036e+01 9.143266491099999449e-01 6.870334470999999610e+00 4.154416199834999901e+01 1.481442751688999948e+01
9.850321132750000430e+00 4.942576230170000251e+00 7.913362533649999975e+00 9.677980022319999875e+00 8.867200890419999482e+00
6.900013762000000384e+00 9.587090795499999540e-01 6.940751710839999866e+00 2.879140726424000007e+01 5.913029777550000254e+00
9.353490221800000448e-01 -2.431463831999999825e-02 -3.684673638000000168e-02 3.866988059680000145e+00 2.944028628209999887e+00
-5.893708392000000101e-02 -5.652187775999999858e-02 9.497868542199999764e-01 5.938820619000000356e+00 9.792564362200000261e-01
5.904549058919999815e+00 4.905944407039999788e+00 6.916496801110000092e+00 5.898614127360000126e+00 3.967060864000000020e+00
1.179484898015999939e+01 5.803680003540000243e+00 3.821679796000000184e+00 1.078320621754999920e+01 1.929863760499999970e+00
7.939297203559999794e+00 1.940519432000000100e+00 -5.348050433999999853e-02 -6.740692667999999277e-02 -2.032357392000000082e-02
2.939817453599999908e+00 3.943891529230000081e+00 9.508105378900000293e-01 1.936894100419999987e+00 9.792404127999999597e-01
5.901956204370000236e+00 3.960345225280000214e+00 9.500792658400000201e-01 1.854069926149999992e+00 1.955201647520000030e+00
4.666861395101000198e+01 1.186019003262000027e+01 5.835316663589999564e+00 5.657299088735999959e+01 1.284826732428999918e+01
1.085846107142000072e+01 8.940594677760000053e+00 1.392709737965000016e+01 5.814648612870000122e+00 2.935015290840000013e+00
1.389861599197999986e+01 9.584823678399999602e-01 1.946899477999999961e+00 1.486774679558999956e+01 3.954207082539999973e+00
1.088880405859999989e+01 1.954865009089999939e+00 -5.675585760000000091e-02 8.857462916519999396e+00 1.946939592439999922e+00
1.482817521191999965e+01 1.190456114250000041e+01 2.873317263256999965e+01 8.718162823080000123e+00 9.877981322169999245e+00
7.855568575999999581e+00 9.223106303799999406e-01 1.780923693401999941e+01 2.479793412192999824e+01 5.902085388029999713e+00
3.063008414236000121e+01 1.779924739112999887e+01 4.145251538264999880e+01 1.948403378756000137e+01 1.774541381103000148e+01
1.939834303220000056e+00 1.968634162639999907e+00 9.090571916799999874e-01 9.154116198099999657e-01 -4.116275415000000132e-02
1.286767632639999981e+01 1.929282587929999959e+00 1.982703222901999851e+01 1.182668470095000046e+01 6.910190682999999723e+00
-7.751015063999999732e-02 8.866864693440000167e+00 2.871176520979999935e+01 6.766283874940000054e+00 2.922430855440000030e+00
6.966068119090000010e+00 5.943062694300000004e+00 5.863120700099999638e+00 2.899176304620000089e+00 6.966495652479999912e+00
2.823824800740000196e+00 2.469359319999999869e+01 3.833558573879999898e+01 3.647989264150000110e+01 4.820765345689999926e+00
6.936684222130000244e+00 1.188502542804000051e+01 2.675309277140999953e+01 6.797676255999999917e+00 7.936577340200000386e+00
9.724238448399999957e-01 2.950695779520000173e+00 3.905584566159999937e+00 4.915912916659999965e+00 4.971690895280000078e+00
1.939186715509999992e+00 6.923314436650000125e+00 6.837307265319999772e+00 1.669493068010000059e+01 8.914023382679999941e+00
1.948648207249999986e+00 5.933752948769999591e+00 1.186291034309999937e+01 1.073343384704000059e+01 -7.590591648000000191e-02
2.824578024600000070e+00 7.777728539089999948e+00 3.754115976979999658e+01 8.412667929085000651e+01 1.075221475570999985e+01
-4.759976015999999727e-02 2.938469058749999974e+00 1.586982520860999912e+01 1.576063132720000048e+01 1.929425529440000009e+00
1.985470621759999998e+00 -1.908672498000000065e-02 9.617180497299999686e-01 1.928222740999999907e+00 9.788450615199999483e-01
3.958225140999999780e+00 9.300124449100000135e-01 1.945442048239999888e+00 5.877355536419999638e+00 2.977611405599999816e+00
4.910505314539999944e+00 1.586084341263999953e+01 1.789014260628000130e+01 4.697956128919999585e+00 1.953169094269999961e+00
1.086511712329999924e+01 9.781831230399999910e+00 1.831337231600000059e+00 1.960691469661999875e+01 1.926604968499999959e+00
6.937974935259999754e+00 3.900581171859999863e+00 2.921704523579999879e+00 8.819347211460000224e+00 -3.245568749999999669e-02
1.974991863979999929e+00 9.607699098999999965e-01 3.969938437600000203e+00 5.929706460120000244e+00 -1.338971633999999980e-02
9.397627599700000278e-01 3.897130025110000062e+00 5.786329298100000074e+00 1.579596003772000046e+01 9.430630336899999966e-01
2.960750196929999856e+00 4.937283047840000272e+00 1.185904466184000050e+01 1.859378283829999923e+00 5.963591429880000128e+00
6.850859637760000176e+00 1.375767567607999986e+01 2.448210545295999907e+01 5.047432512027000229e+01 2.864101290149999812e+00
-7.786582649999999883e-02 1.286917016079999954e+01 2.571639239150000122e+01 1.572449068725999943e+01 1.927344302480000104e+00
9.802207209700000146e-01 -3.240460646999999972e-02 -6.819240960000000351e-02 4.930892032820000104e+00 9.820522257399999511e-01
1.390332006859999936e+01 -3.552803856000000260e-02 2.958189833100000055e+00 4.832222679860000092e+00 1.979705699479999970e+00
1.671931147760000158e+01 9.900770266360000349e+00 -1.233853235999999992e-01 4.251042548457999715e+01 -6.267765014999999995e-02
2.578834828951999825e+01 2.923332064679999842e+00 1.290075943665999958e+01 2.462720649099999903e+01 5.953132936680000320e+00
1.179829299000000020e+01 9.257707219599999870e-01 1.904847718879999929e+00 3.665074979871999972e+01 1.956851578640000033e+00
3.933643955980000051e+00 2.976000816990000075e+00 -2.945770173000000075e-02 2.881872661800000124e+00 -1.537217999999999918e-02
1.921884559039999996e+00 4.880709683240000096e+00 2.875740257099999919e+00 1.678532684290999910e+01 -4.096047608999999617e-02
9.518541864399999719e-01 2.927513747999999971e+00 4.927328128400000118e+00 2.867812736879999935e+00 2.975793231809999995e+00
8.763110520119999691e+00 3.265134378225000233e+01 2.963469017819999962e+01 3.638058115780000179e+01 8.803122915700000162e-01
3.950261107599999821e+00 4.928515747159999627e+00 9.259716465099999683e-01 1.880713294219999998e+00 2.974345336559999886e+00
-3.091027391999999832e-02 1.951658901919999911e+00 2.953441941149999916e+00 1.291697408551000059e+01 -1.481909499000000005e-02
1.186375978523999919e+01 -4.024665225000000068e-02 5.904265518419999914e+00 2.069674818888000090e+01 3.966509804799999817e+00
1.276741680087999953e+01 2.934876903150000160e+00 2.839363916880000005e+00 4.147723944599999868e+01 -5.493793896000000176e-02
3.069715896255999965e+01 1.914245115319999968e+00 1.079459424973999937e+01 5.132887760311000136e+01 7.924601558240000010e+00
9.794918011600000085e+00 -6.059715786000000048e-02 6.856922222079999685e+00 4.054312638094999954e+01 1.948948636249999922e+00
3.938316481479999798e+00 1.982465583320000002e+00 -4.425641712000000227e-02 4.867070781739999852e+00 -1.569370949999999987e-02
1.882784635839999865e+01 6.894745942390000160e+00 2.870961971419999870e+01 3.253922796596999945e+01 1.289306882200000004e+01
9.043891754499999713e-01 4.942752096559999586e+00 8.847700543800000261e+00 2.275624433480000164e+01 3.941684761989999952e+00
3.463433759491999808e+01 1.077291707348000038e+01 6.138687800545999806e+01 7.003505704075999461e+01 2.276857628509999998e+01
9.369497935899999685e-01 3.959767510599999873e+00 7.882682540300000262e+00 1.833120345350000013e+00 -3.933406979999999609e-02
9.898243266430000631e+00 3.939341744650000088e+00 7.848070718659999834e+00 2.676090516336000036e+01 2.939702990879999867e+00
5.865190476899999616e+00 5.959140227969999870e+00 5.919141949260000146e+00 3.841669308100000180e+00 3.940959803890000224e+00
2.960019984764999990e+01 3.894068977599999926e+00 1.379291883115999973e+01 3.657807763227999942e+01 1.284336859090000083e+01
2.378800177152000117e+01 4.936174089799999720e+00 9.876091796289999891e+00 8.017549235199999957e-01 5.909065106999999983e+00
9.000619432299999945e-01 9.699597794800000061e-01 2.942656179600000144e+00 6.882427832560000347e+00 4.955438271200000244e+00
1.086423614299999940e+01 2.958365397360000149e+00 6.922014321039999807e+00 4.861651258040000201e+00 1.944300249559999916e+00
4.885510272980000401e+00 1.286491256751999934e+01 1.778448374711999946e+01 2.663964576225000158e+01 1.915684404320000089e+00
3.954291431080000141e+00 1.944943075280000100e+00 3.907864816600000069e+00 3.846896965480000041e+00 -3.558391074000000209e-02
1.773421860906000092e+01 2.366215370609999979e+01 3.956310453847000019e+01 6.814166616599999315e+01 7.796403100430000066e+00
9.609262585300000215e-01 9.550636818400000116e-01 5.926144320689999745e+00 2.880665820119999943e+00 1.970332753699999939e+00
-3.901238640000000146e-02 9.520647386499999643e-01 6.925950026799999826e+00 1.087752463930999980e+01 2.972162718659999925e+00
1.882172222299000097e+01 5.905432106340000153e+00 2.473497148299999893e+01 3.065209900924000053e+01 1.784905197452999914e+01
8.752499187400000213e-01 1.093403068319000049e+01 1.480351613324999960e+01 1.076293810918999938e+01 2.894756291759999822e+00
2.866125844064000106e+01 1.682565957223999931e+01 5.048402103491999782e+01 4.234197777279999997e+01 3.072077782222000053e+01
9.626381279200000307e-01 1.980608535200000020e+00 2.943980315760000188e+00 -6.721371981000000273e-02 -2.951537211000000022e-02
1.919163053000000119e+00 3.955247917149999903e+00 8.876239106939999957e+00 1.084439545705999919e+01 2.932796891999999822e+00
6.842574361599999655e+00 5.900382040650000270e+00 2.672052203232000167e+01 4.345244040499999727e+01 8.897763612780000386e+00
9.115521269499999857e-01 7.946401101200000205e+00 1.084422371275999986e+01 2.368776705224999901e+01 3.942376244410000119e+00
2.561782040864000010e+01 1.177767903756000045e+01 5.136599215383999706e+01 9.574803537783999730e+01 1.276324436452000022e+01
3.936854660709999898e+00 2.961221039399999810e+00 6.880363001620000141e+00 1.782317424799999994e+00 9.579344984200000024e-01
9.233778815199999990e-01 -4.725048167999999771e-02 8.863302896640000483e+00 1.673803272005000053e+01 9.507523272400000280e-01
8.900419654000000236e-01 6.863418660219999801e+00 2.475792898090000094e+01 3.361952486815000185e+01 1.910185079419999932e+00
1.950781044980000045e+00 1.937371149919999924e+00 8.901156430000000119e-01 2.829093599640000178e+00 9.602953649200000052e-01
1.173664739730000051e+01 2.567067887105000068e+01 5.346871918560000125e+01 6.110459408599999875e+01 1.080117770780000086e+01
9.600262618599999520e-01 2.950681006740000001e+00 2.914197137399999971e+00 -1.424877058800000096e-01 -3.300139827000000275e-02
2.960520420179999945e+00 -4.672274724000000101e-02 5.921490285059999970e+00 1.286512203999999926e+01 1.970441019919999981e+00
1.193936079827999919e+01 3.895829068719999899e+00 -1.057163659199999994e-01 9.864659327500000074e+00 -2.740868360999999809e-02
5.921259527400000167e+00 1.286572869759999982e+01 7.861560314480000144e+00 7.831872975319999597e+00 9.652139829999999421e-01
9.853903915029999183e+00 1.475363327874000063e+01 4.748431868599999994e+00 1.668683498444000080e+01 9.363587503600000472e-01
4.905029535529999762e+00 1.384674672991999955e+01 8.846309708999999799e+00 9.805178314810000018e+00 9.574322320000000497e-01
9.689872448799999871e-01 2.951774681699999903e+00 1.948831246999999989e+00 4.937920485440000284e+00 9.862842643300000489e-01
2.900784977579999868e+00 9.291090073600000165e-01 -6.428591324999999301e-02 1.293791028268000076e+01 -2.803834602000000037e-02
1.977426224210000072e+01 9.839087237079999326e+00 2.184752974719999941e+01 4.860586184989999836e+00 3.937077730659999997e+00
6.814025952099999728e+00 1.864264146320000037e+00 8.742378512799999779e-01 1.788505379585999933e+01 1.945756529120000078e+00
9.861561736840000592e+00 7.897746993200000176e+00 1.908236979200000016e+00 1.907394271400000063e+00 2.959587083100000182e+00
4.884771409609999893e+00 8.916609528000000395e+00 3.926362776880000016e+00 9.274846811500000454e-01 9.672979388500000386e-01
-8.057333007000000435e-02 3.897200299900000164e+00 1.873967572971999829e+01 1.968080619818000088e+01 8.894055146850000426e+00
9.459976726000000058e-01 1.193023724178000045e+01 6.837619714719999742e+00 5.798295590100000396e+00 9.328422479500000364e-01
1.279402369303000064e+01 2.472005494824999872e+01 5.036595719910000213e+01 7.720471706495999342e+01 2.673480955104000145e+01
9.669790337500000499e-01 3.956003576680000133e+00 1.089063571970000055e+01 4.875702287540000235e+00 -4.518001475999999794e-02
1.973802967039999912e+00 -3.314205719999999827e-02 1.912651790239999983e+00 7.891129424419999872e+00 2.966736604799999899e+00
5.943552314999999808e+00 9.646254937000000584e-01 9.765464046399999765e-01 4.935890996420000398e+00 -1.233970685999999893e-02
1.676772947059999908e+01 1.985579439589999851e+01 6.901644125949999875e+00 4.736430730400000400e+00 4.944356421440000204e+00
1.480489212480000027e+01 8.746817993200000085e-01 4.922079717199999926e+00 2.477641798419999830e+01 1.955667567619999936e+00
8.884819360799999899e+00 8.930890386899999811e+00 9.538846652800000436e-01 8.666338483000000092e-01 1.974100255670000026e+00
2.931204639360000197e+00 9.558513161199999608e-01 9.700492585600000162e-01 2.915575906439999976e+00 -1.690569386999999854e-02
9.848814196599999349e+00 1.960174160570000046e+00 2.874316200960000067e+00 2.167849959520000169e+01 3.895458109779999845e+00
2.170781013207999877e+01 -7.180533359999999310e-02 1.375879000523000073e+01 5.540091195043999761e+01 8.809215553259999609e+00
3.071295603372999850e+01 9.926326443520000709e+00 1.876376854468000133e+01 4.838703440025999925e+01 1.181058784716000076e+01
9.042299740000000474e-01 -2.474714672999999907e-02 9.918823808799999142e+00 2.679669545129999975e+01 5.935947351360000290e+00
1.927411930999999967e+00 9.808416977499999634e-01 -5.959073447999999745e-02 1.084714167619999969e+01 1.954186672160000082e+00
2.873604862200000110e+00 1.386609191942000052e+01 3.473524842092000142e+01 1.768818888323999872e+01 6.877734042940000236e+00
9.351912074499999505e-01 2.929646607600000063e+00 4.836506061919999766e+00 1.832179505240000061e+00 -6.322614408000000463e-02
1.971971184845000025e+01 2.169758639794000032e+01 7.327807024051999463e+01 4.431010862816999918e+01 1.972011065599999924e+01
9.676731656799999470e-01 2.966443558950000003e+00 2.911368753480000127e+00 9.270791117200000153e-01 -2.912682645000000056e-02
9.541368288100000594e-01 -4.676634063000000008e-02 2.877336256800000047e+00 1.488619470839999970e+01 2.956428480000000025e+00
4.866615092750000038e+00 1.783093274999999878e+01 1.077747643874000083e+01 1.875358649800000066e+01 3.930986466669999846e+00
6.937192353760000429e+00 1.922265775010000066e+00 2.893600604820000033e+00 2.886246773579999925e+00 -3.380121171000000091e-02
2.768616364753000170e+01 4.555383477939999892e+01 3.747041235452000052e+01 2.140552266159999917e+01 8.829485231399999634e+00
3.948072576700000003e+00 2.932940043299999910e+00 6.912484687240000092e+00 1.903914005150000088e+00 1.972871577200000059e+00
9.423699985000000279e-01 4.924530275000000401e+00 5.899724656800000133e+00 1.289155682740000053e+01 -2.958665939999999966e-02
8.916341801939999812e+00 9.198299308599999780e-01 1.911551320999999914e+00 1.079787592667000062e+01 -2.574404855999999978e-02
5.846391749040000363e+00 1.886818243384000127e+01 1.484940148871999988e+01 1.264855567072000042e+01 9.568211939199999794e-01
2.778337661806000014e+01 5.803970772479999596e+00 4.774395969050000410e+00 2.848983068540000119e+01 9.343762867000000583e-01
3.853145372710000238e+00 6.870394718800000078e+00 4.849602663559999804e+00 2.964672413111999916e+01 -4.541039414999999829e-02
9.656151808599999775e-01 2.969261886720000021e+00 -3.676957739999999614e-02 -7.872361893000000277e-02 9.900060223600000153e-01
5.868875810039999585e+00 9.626886460000000367e-01 9.158253637600000108e-01 3.835485161679999866e+00 9.503472851199999960e-01
4.052131862054000067e+01 5.860698164249999564e+00 2.368906448999999981e+01 6.733743835298000135e+01 2.182344627802000048e+01
2.875575978388999943e+01 1.391182152484999968e+01 1.380702868448000054e+01 8.593427504879999290e+00 6.886138807060000033e+00
3.904653020800000096e+00 9.724970979999999487e-01 5.938226957850000431e+00 1.872808356800000018e+00 9.651555593199999672e-01
1.380804454759999977e+01 9.449225668899999819e-01 4.884568588039999604e+00 1.574389961728000031e+01 3.930949706439999858e+00
9.074315800000000154e-01 3.963326439999999895e+00 9.498579722200000131e-01 5.906447272050000308e+00 9.732319729299999667e-01
3.256640916674999886e+01 8.814740843519999203e+00 9.754129319500000506e+00 1.955130014440999986e+01 9.868975525899999823e+00
4.826781524300000292e+00 7.921433580200000435e+00 1.689372382687999874e+01 -1.898233096499999939e-01 2.943629681340000026e+00
7.868034809720000133e+00 9.444090844000000429e-01 5.929967769360000140e+00 1.385927210983999913e+01 3.960991534000000147e+00
4.822013086700000173e+00 3.925507098549999796e+00 -9.813757176000000026e-02 7.823067933499999960e+00 3.945334408959999983e+00
4.880369376320000008e+00 2.958253299839999961e+00 4.923495409280000068e+00 -1.495071431999999978e-01 9.584429313700000286e-01
4.055276653114999874e+01 9.850519355950000389e+00 1.973093763764000030e+01 4.745191878200999724e+01 9.841375519479999667e+00
1.772853546600000030e+01 9.907208945020000712e+00 1.982933878016000051e+01 1.656886105999999970e+00 6.908894828800000276e+00
2.886906930059999876e+00 1.962476263999999970e+00 3.932406667209999984e+00 9.862145516800000067e+00 2.963133600059999928e+00
1.482093716207999989e+01 -6.090579782999999692e-02 1.888448402989999941e+00 1.177135356287999990e+01 2.936424621990000094e+00
4.887691951279999891e+00 1.189037518319999975e+01 2.478820326550000175e+01 8.679232921599999706e-01 1.291486538658999983e+01
-6.191830025999999626e-02 -6.197850270000000023e-02 3.856776548440000063e+00 6.924834916810000074e+00 2.953679208780000121e+00
2.276573950958000125e+01 1.575752324703999996e+01 2.351960997576000167e+01 7.212215961100000294e-01 8.823624897600000239e+00
9.665714619999999924e-01 1.968092648480000095e+00 -7.186093200000000236e-02 1.961952236119999915e+00 -2.506799420999999972e-02
1.933760013589999938e+00 6.928714532499999912e+00 1.585878380619999994e+01 4.918437283280000294e+00 6.947603538100000087e+00
3.909408754359999794e+00 6.857109839949999675e+00 4.838032507730000376e+00 1.381786179943999926e+01 2.952732773999999782e+00
2.930760711570000066e+00 9.891741775510000778e+00 5.886710075759999938e+00 -1.573238230200000032e-01 4.964902581739999654e+00
1.375452502879999983e+01 2.664684081000000049e+01 1.258713932098000043e+01 2.841345941582000023e+01 5.879923212119999576e+00
6.935283572560000387e+00 8.957048179600000104e-01 1.088366988007999936e+01 1.819307873000000075e+00 3.967112971300000179e+00
-3.571635060000000195e-02 9.414785400399999782e-01 3.938230293430000195e+00 6.913605439690000409e+00 -1.761784425000000043e-02
9.368835323499999923e-01 4.900392526100000090e+00 1.183036858176000017e+01 2.567918861521999929e+01 1.935437884039999945e+00
3.947318460219999992e+00 1.191342794520000048e+01 1.385492042129000012e+01 6.718511500540000014e+00 -5.551692938999999716e-02
8.036442679599999916e-01 1.969130633266999908e+01 4.548533636394999746e+01 9.800712416321999854e+01 7.802186955649999867e+00
-4.233587471999999963e-02 3.936583663059999960e+00 1.289140130740000068e+01 4.789503161599999892e+00 3.958983859900000013e+00
9.817197985000000182e-01 -2.931730199999999995e-02 2.951260007700000187e+00 1.907361019279999903e+00 9.817596424000000210e-01
1.920329353370000103e+00 -7.792117947000000433e-02 -7.107820064999999243e-02 1.287751255168000064e+01 -2.404364633999999876e-02
1.181848071395999966e+01 9.816459495040000149e+00 8.835803842949999876e+00 5.694056571840000025e+00 1.941198998509999996e+00
2.476173152508999920e+01 1.277135100895000086e+01 -2.205120218399999887e-01 3.461682758029999718e+01 9.240245369199999725e-01
6.923978321559999927e+00 6.924736841199999660e+00 2.926837545420000186e+00 5.868058994700000142e+00 9.747313048000000313e-01
2.949230662050000173e+00 1.947178025659999978e+00 1.949471816870000040e+00 6.909297781120000259e+00 2.983024587810000128e+00
6.906813323199999743e+00 -5.412596741999999711e-02 1.773929915343000019e+01 1.577850948438999978e+01 6.896642141050000063e+00
5.779021291800000348e+00 6.872553278079999828e+00 6.647589179499999545e+01 2.946503857800000148e+01 1.276928706172000005e+01
1.470648462539999990e+01 3.834426487360000024e+00 6.924797890899999686e+01 6.329842476129999795e+01 3.069670060542999934e+01
1.961654557069999916e+00 9.779293435600000528e-01 3.896635203399999803e+00 2.902088143649999896e+00 1.959300751340000035e+00
9.528367860999999994e-01 9.719882284599999922e-01 8.722360367199999409e-01 9.873924678550000777e+00 9.494090742699999863e-01
-5.851653677999999609e-02 7.854604769959999899e+00 2.068803357627000139e+01 5.854160808959999684e+00 3.939770607249999834e+00
1.489510956029999988e+01 2.375446105094999893e+01 1.949944071818000069e+01 -2.394956192399999850e-01 6.903939276340000042e+00
2.880298097939999913e+00 1.873331305011999959e+01 3.741513264902000202e+01 1.872887354460999987e+01 8.871074196399999501e-01
-5.707151459999999787e-02 5.870709193199999731e+00 1.273169150626000068e+01 4.878131896310000215e+00 9.502038284499999543e-01
1.978647930199999960e+00 1.953130461320000011e+00 2.899961809410000146e+00 3.957312938439999872e+00 9.807370254999999704e-01
2.584494175751000000e+01 3.907414333480000224e+00 1.178922124676999950e+01 8.841673676430000128e+00 4.924126397660000265e+00
2.057381499107999900e+01 3.074628383446000157e+01 5.838545956747999810e+01 9.570274778350000844e+00 1.178356103075999961e+01
4.064875698326000020e+01 1.980550958051000165e+01 3.252406251902999657e+01 1.673051440400000089e+01 8.833810482360000549e+00
1.183964906279999951e+01 3.913107714130000137e+00 6.799385628159999584e+00 1.685622355819999996e+01 4.925928443540000146e+00
2.676377077299000007e+01 1.387506555625999916e+01 2.270054437699999994e+01 1.783148200775999825e+01 1.089571753577000024e+01
9.407378792799999667e-01 1.921229071399999988e+00 8.889395536800000386e+00 3.885830963320000109e+00 1.969308040520000080e+00
2.862686030752999855e+01 6.049782378321999943e+01 3.326130511648000265e+01 5.123111900280999720e+01 1.080037375849999925e+01
1.088562060874999915e+01 2.845016867190000021e+00 3.750098512450000143e+00 2.075270450925000176e+01 -6.332166171000000454e-02
4.933644045080000318e+00 9.109697993199999955e-01 3.869954535639999804e+00 9.888712052320000723e+00 9.659365127200000289e-01
2.960744880900000098e+00 5.950330569150000137e+00 7.924615116020000016e+00 -8.033552865000000154e-02 9.794910203200000165e-01
3.919563990849999957e+00 -5.031421919999999604e-02 8.792823196080000514e+00 6.898588549180000307e+00 -4.020276563999999886e-02
3.442135745528000257e+01 4.266937985218000051e+01 1.765444476547600061e+02 4.113198473010000100e+01 3.169359627070999963e+01
2.671180464384000075e+01 1.682274949820000032e+01 7.925333761304000291e+01 4.457426430617999813e+01 1.384407594932000052e+01
2.673039637215000042e+01 1.844678358469999946e+00 6.236128208160000241e+01 4.261448107348000036e+01 1.186839179292000068e+01
2.885917681920000089e+00 3.924227645230000228e+00 2.169177317455000065e+01 1.382136543662000072e+01 2.933191098750000059e+00
1.971896184920000072e+00 9.488712059199999604e-01 1.868056235839999912e+00 1.949771149130000047e+00 9.709061996800000260e-01
2.254434629278999935e+01 8.813255949800000622e+01 2.218612602147200050e+02 4.020962803663999807e+01 4.650920600527999937e+01
3.919220332960000164e+00 8.819196307649999511e+00 2.963405403983999875e+01 1.185677347286999961e+01 5.907532023239999930e+00
2.937953169750000093e+00 4.872575232320000005e+00 1.869497444197000036e+01 9.885016462959999473e+00 5.936096572800000359e+00
1.944109400599999926e+00 3.882773543799999949e+00 1.374319429196000009e+01 4.900155231740000339e+00 3.941039712009999807e+00
1.185029789304000047e+01 9.096140188900000423e-01 8.847895858290000248e+00 2.078380363143000054e+01 9.667705826800000457e-01
2.157101758965999849e+01 2.378073900533999918e+01 3.461163698933000177e+01 2.445238105143999974e+01 1.091895553099999994e+01
4.850763053359999688e+00 6.909307818640000320e+00 5.846976744000000004e+00 9.778208524840000138e+00 1.966213634780000108e+00
1.582557127575999978e+01 2.898135184080000037e+00 1.813708010900000112e+00 3.272204425964999785e+01 -4.204968390000000250e-02
1.780212096818999967e+01 6.880512759280000168e+00 1.778094984671999867e+01 3.271268775200999812e+01 2.955456984630000061e+00
1.187714772120000006e+01 9.389199582099999608e-01 1.478306283863999937e+01 1.483998386334000052e+01 -3.692035809000000085e-02
6.248605469759999664e+01 4.372606539125000324e+01 1.119931361031199941e+02 5.729042770419999897e+01 2.082642597966000153e+01
1.878497620119999922e+01 5.914061794500000246e+00 1.768241062511999928e+01 2.176489743520000175e+01 9.444142440999999666e-01
1.579688478879999991e+01 2.907181533000000151e+00 2.966029863681000123e+01 2.674714208291999995e+01 -6.155785349999999545e-02
2.676243759641999986e+01 7.892387292049999559e+00 3.060058984563999829e+01 2.773398543328000088e+01 4.931470849100000109e+00
8.856812106630000514e+00 6.888797018080000001e+00 1.968245022440000014e+01 1.483541194632000071e+01 1.941327780409999981e+00
5.547312811820000178e+01 5.355120660480000083e+01 1.196957002126899994e+02 4.035128476999999947e+01 1.274773569303999921e+01
1.783565786879999848e+01 1.186813813979999921e+01 2.762149785724000139e+01 2.383271993481000095e+01 3.932863060899999930e+00
6.914590624869999758e+00 2.938803344130000106e+00 6.829456899220000210e+00 5.910666822869999670e+00 3.963799190830000096e+00
1.481343190295999968e+01 6.840135808000000317e+00 3.656803258899999776e+01 2.777446794888999904e+01 9.157813370199999747e-01
9.455178934000000313e-01 7.867312304300000392e+00 2.984653124400000124e+01 8.893712789820000353e+00 3.933786149049999903e+00
1.374009333655999932e+01 5.637084185954999782e+01 2.415503515119999989e+01 4.056129236839999663e+01 1.568469930604000062e+01
4.932389383430000329e+00 1.182500254964999975e+01 5.784475730549999639e+00 1.286220108280000041e+01 2.916579191879999922e+00
7.932174447499999559e+00 6.849540432879999585e+00 1.577549644557999997e+01 1.886263851762999977e+01 4.919602635949999581e+00
2.964508458420000103e+00 4.906949858419999977e+00 6.884163955780000066e+00 2.930309217570000069e+00 3.957290079429999885e+00
1.180558539165000020e+01 1.484425684500000031e+01 3.366917803743999826e+01 1.876142477727999847e+01 5.946955009169999862e+00
2.264282914729999874e+01 4.169610377232000076e+01 6.635172206551000329e+01 5.591217060239999981e+00 1.589237283679000079e+01
8.867924066520000537e+00 1.884491510059999930e+00 1.575493796437000071e+01 1.882489326363999993e+01 9.607510935999999946e-01
2.942942394720000188e+00 9.525056661999999896e-01 -9.494127854999999394e-02 4.941146964919999718e+00 -1.618073819999999927e-02
2.875063855807999857e+01 1.778205965444999848e+01 3.353905995819999930e+01 4.071977114125999719e+01 3.925865132320000228e+00
7.889616914660000369e+00 1.185351872925000016e+01 3.673180484145999714e+01 9.101370448000000168e-01 3.923513824630000091e+00
1.079976671210000028e+01 1.170634407744000072e+01 1.445920611468000061e+01 1.783528245000000112e+01 1.866423169729999998e+00
1.182472941684000034e+01 1.975674232037000166e+01 3.356090759247999955e+01 8.863016545440000726e+00 6.883066626099999752e+00
3.939487775499999955e+00 4.918772807959999938e+00 6.845800197940000054e+00 1.952704125919999978e+00 -4.015744370999999729e-02
6.824431205619999830e+00 1.475857772124000000e+01 5.254283366396000332e+01 3.859743161289999946e+00 1.387993174870999979e+01
-2.891955149999999794e-02 3.920339907669999846e+00 8.848576955700000468e+00 2.964326423879999783e+00 1.962629593760000013e+00
1.782193160555999967e+01 3.652205897511999666e+01 4.704992414040000170e+01 2.678109321915000152e+01 5.781878583000000127e+00
-6.951924062999999265e-02 2.182623079072000039e+01 3.264670688783999708e+01 -8.276235263999999481e-02 4.917320197699999618e+00
1.958366421200000040e+00 1.388288535134000057e+01 1.578288433732000051e+01 1.947573096680000004e+00 6.945431132679999564e+00
9.428928372999999530e-01 1.184064010670999956e+01 2.968044955679999930e+01 9.265954428999999548e-01 3.923819537259999990e+00
-3.482227907999999733e-02 3.916719445000000022e+00 1.188483797459999991e+01 1.932346508510000005e+00 2.958118679460000067e+00
1.773634849919999823e+01 7.828146657375999951e+01 2.216157302246000071e+01 4.652811111935000099e+01 1.469523972912000076e+01
9.394876053999999810e-01 1.182828847260000060e+01 4.797031500860000186e+00 1.888574736321999836e+01 9.328814560000000533e-01
6.941664312730000397e+00 8.837762158080000319e+00 1.280428276503999996e+01 9.886737887920000745e+00 1.932462523999999959e+00
1.955509076540000057e+00 3.891578758960000162e+00 7.855107431659999584e+00 1.919662302169999890e+00 9.514202564800000594e-01
5.947200897630000149e+00 9.843927806800000013e+00 3.067032644572000066e+01 -6.261891866999999556e-02 4.919877066379999775e+00
1.862410308230000089e+00 3.858582897264000167e+01 3.313779366616000033e+01 2.184263297157999872e+01 1.179229057895999944e+01
1.899461141119999974e+00 3.969916552939000098e+01 5.936177372891999937e+01 6.881086613499999949e+00 1.485159183240000047e+01
7.904273168869999644e+00 2.470177734442000173e+01 3.637623903291999738e+01 6.879981658480000206e+00 1.084775627179999979e+01
9.368449949799999565e-01 1.281304796863000028e+01 4.159564313999999996e+01 9.277101730000000268e-01 1.490343472814999970e+01
6.873792882640000101e+00 -4.840318944000000095e-02 8.795136193199999397e+00 2.777190000831999939e+01 -3.666562200000000188e-02
1.190836928249400017e+02 2.686728851759999870e+00 1.425090808143000061e+02 1.853609522586999958e+02 8.747443982880000135e+00
3.939046809879999778e+00 -2.309606864999999912e-02 -1.024419943799999982e-01 2.898321741120000183e+00 -1.826233694999999935e-02
2.951889093390000163e+00 -1.875324474000000102e-02 9.227310544000000281e-01 3.911967871599999924e+00 -1.422188117999999973e-02
8.826776446599999826e-01 -4.052956985999999623e-02 1.184073286547999970e+01 1.879971794200000090e+01 -3.172856265000000009e-02
9.662059252000000376e-01 2.953841865689999846e+00 5.931967828650000385e+00 -6.581366315999999383e-02 -2.212034832000000020e-02
4.540771635867999834e+01 7.116033409668000331e+01 7.577536607302999982e+01 9.573860660200000439e+01 4.057235461049000236e+01
9.929528090830000764e+00 1.903112433200000009e+00 7.828271268199999966e+00 1.285172002462000052e+01 9.489307538800000330e-01
5.942957271180000056e+00 -8.150407109999999178e-02 5.876769386400000350e+00 9.885481668640000663e+00 -4.073990255999999921e-02
-3.487357152000000043e-02 2.951770777500000165e+00 4.920362562560000264e+00 1.917471977930000016e+00 -2.606297471999999976e-02
3.965698196950000032e+00 9.579853000000000396e-01 1.913841798500000024e+00 2.906674886099999799e+00 9.803192680000000214e-01
4.148780498880000067e+01 5.035903684907999889e+01 1.035310656220800070e+02 1.525564099364499953e+02 2.166187843975000149e+01
7.926270806239999800e+00 1.909779130100000000e+00 1.881041346820000015e+01 2.279861801464999971e+01 3.959701113279999962e+00
9.676058935600000410e-01 -4.109264783999999615e-02 4.911954206089999886e+00 3.914279179060000224e+00 -1.816384499999999791e-02
-2.969170343999999809e-02 -3.720885336000000210e-02 5.919212202179999771e+00 -7.753765499999999700e-02 9.830831783500000309e-01
1.087653093049999953e+01 -5.700792635999999552e-02 1.078597327393999983e+01 1.578980108770000079e+01 -3.395954159999999694e-02
1.022358792286299973e+02 1.065985093279999951e+01 1.357226522280199958e+02 1.327303234763899979e+02 9.800391771279999276e+00
1.939558292480000112e+00 9.715928301999999794e-01 2.900401113720000090e+00 9.023813847099999563e-01 9.852635881900000392e-01
1.954316355590000054e+00 2.977766718239999832e+00 1.924049332640000110e+00 9.281717142400000009e-01 -1.169555759999999986e-02
4.874690557040000094e+00 2.947024496640000102e+00 4.800625901780000149e+00 1.681311714559999970e+01 9.674361823599999521e-01
1.581629448183999997e+01 2.280172884962000168e+01 2.373789571665000153e+01 6.844011836199999976e+00 7.942179328549999973e+00
1.763363513899999901e+00 3.175984110415999950e+01 4.570281314164000008e+01 8.120690228800000465e-01 1.193165741153999981e+01
9.873142461549999638e+00 1.283743584796000015e+01 9.799769585980000031e+00 9.875709582400000741e+00 -4.467647420999999730e-02
6.946653829299999749e+00 1.939948518080000017e+00 1.921803855500000102e+00 9.554280457599999554e-01 -1.766761470000000056e-02
2.178869651500000160e+01 3.075098041696000095e+01 2.367364309763999941e+01 1.080749551178000090e+01 7.923974556680000170e+00
-4.779457649999999808e-02 3.872142964480000060e+00 6.882213577839999985e+00 9.232231253500000623e-01 8.934318557999999300e+00
3.271440316919999702e+01 7.222007544256000244e+01 8.359947788039999494e+00 3.456589799599999679e+01 2.762914647339999874e+01
3.927841742920000101e+00 6.812458124199999965e+00 2.831258408880000133e+00 8.889013881000000339e+00 8.895795340319999411e+00
1.093274599807999969e+01 7.808228749699999582e+00 1.583393622352000030e+01 8.887306329719999454e+00 6.901207700379999643e+00
9.540211000599999602e-01 3.896139046000000050e+00 1.088978236688000045e+01 3.926892385659999984e+00 3.933116033620000174e+00
9.333876525400000013e-01 1.581660460816000047e+01 1.086166298360000049e+01 -7.299147491999999349e-02 -6.452599157999999724e-02
2.284724015276000131e+01 2.056259661096000002e+01 1.761320207700000040e+01 3.582678220631999721e+01 3.845565580630000202e+00
5.911740025890000361e+00 1.874983647339999848e+01 5.777591375310000110e+00 8.899688440889999441e+00 2.912456844299999847e+00
3.921641364640000127e+00 1.478274481967999954e+01 7.813711221740000212e+00 1.191358632450000066e+01 2.925730907220000176e+00
9.155267677899999734e-01 2.276592996164000127e+01 1.579818123429999943e+01 2.899822506420000057e+00 9.918031167100000545e+00
3.979632720100000132e+00 1.916020547030000021e+00 3.886272383350000137e+00 9.450068117500000087e-01 9.664958080000000118e-01
4.728634852999999971e+00 1.048892003148399965e+02 1.185282628212000020e+02 4.326154104031999736e+01 4.557326917743999672e+01
9.224294104000000383e-01 2.170188026139999948e+01 3.360737341096000108e+01 1.979435635760000167e+01 1.287894710055999958e+01
-2.650251149999999917e-02 8.897894379180000257e+00 5.879567022719999869e+00 4.932310117640000158e+00 9.605815200999999748e-01
1.977413165390000005e+00 2.904470923079999878e+00 2.870366148480000046e+00 4.932896118620000436e+00 -3.878256590999999698e-02
-3.897267533999999867e-02 2.910460982430000065e+00 1.087521092371999920e+01 6.921043690750000366e+00 1.955275890500000058e+00
1.465878185024999958e+01 1.001911791656000048e+02 9.190108763588999352e+01 3.137193594356000048e+01 3.362758889362000048e+01
3.915004159840000053e+00 1.378247293265000017e+01 1.172902636244999997e+01 1.183934634959999954e+01 5.902767708539999880e+00
3.934111747989999852e+00 3.838939543299999979e+00 8.777826351450000786e+00 1.587094410939999989e+01 3.921927570039999811e+00
-3.200656032000000206e-02 -7.817790167999999484e-02 6.889132902400000091e+00 7.937970833419999650e+00 9.640995517899999534e-01
4.958639164400000077e+00 7.893588655700000345e+00 1.874815266159999894e+01 9.571083899500000269e-01 1.925952430880000010e+00
5.730000480600000223e+00 8.230005423992000146e+01 1.213582686339299954e+02 1.170349625999999965e+01 5.454124810839999782e+01
5.891935508879999617e+00 1.972376503094000100e+01 6.635080096266999305e+01 3.888590565279999911e+00 1.779760968372000107e+01
4.925036520139999929e+00 8.804612013839999918e+00 6.153278646607999747e+01 4.920629480239999687e+00 3.857732170239999814e+00
1.969088768660000044e+00 9.203112555400000394e-01 8.819363314260000308e+00 4.967864477150000013e+00 9.454234312000000529e-01
-5.826547808999999606e-02 1.580406131103999989e+01 1.779177543839999842e+01 2.948788999830000090e+00 4.931277655999999787e+00
1.573825146459999935e+01 7.511570878450000066e+01 3.910125697672000200e+01 7.784849802320000123e+00 2.271310291102999912e+01
1.186321424538000002e+01 6.258119084783999853e+01 3.452315380999999661e+01 1.888408798850000014e+00 1.184635043904000007e+01
3.934394872960000011e+00 2.577074471179999904e+01 1.877442107823999962e+01 -5.480853011999999719e-02 5.924796298440000442e+00
2.908239997259999932e+00 2.667923564543999859e+01 3.766806302060000178e+01 4.920791579060000309e+00 5.893024223400000317e+00
2.970586032599999982e+00 -4.050780839999999772e-02 -9.569145599999999419e-02 2.922463399619999791e+00 -1.940034239999999938e-02
4.047141395839999944e+01 5.032789325952000326e+01 1.393142922613500048e+02 1.325894401042999959e+02 2.071931579813999846e+01
9.906843211389999126e+00 3.872928996579999783e+00 2.269661378720000044e+01 1.874784763261000009e+01 2.938396593719999839e+00
9.662496036400000099e-01 9.549185946399999514e-01 2.889833510279999906e+00 5.911383071040000381e+00 -2.160305315999999989e-02
1.967007052460000072e+00 -3.945656447999999761e-02 1.910695122919999989e+00 9.159928588000000316e-01 -2.035109124000000075e-02
-1.867594887000000037e-02 -5.685004440000000075e-02 6.887061698920000197e+00 2.971417133100000108e+00 1.969268309210000067e+00
2.752166810999999935e+00 9.519998425116000362e+01 1.612210487573800037e+02 6.681093011079999755e+00 4.148131290765000045e+01
1.952498404550000011e+00 1.383748115855000016e+01 2.563023835502000125e+01 2.921505989339999942e+00 9.903537225550000045e+00
-3.005607140999999941e-02 8.900514457830000836e+00 2.676676742064000081e+01 9.522365615200000244e-01 2.942105756250000148e+00
2.971438473360000110e+00 2.900138430720000216e+00 1.177484918268000058e+01 3.952718586040000037e+00 1.943858594629999992e+00
9.595430174800000378e-01 6.832145138559999609e+00 1.483848174749999949e+01 -3.926019131999999856e-02 4.942020187849999857e+00
2.477155038640000129e+01 6.806997853512000063e+01 6.204896996040000090e+01 5.769377739600000332e+00 3.267540677948999672e+01
5.892247968000000391e+00 4.258140248950000029e+01 4.256016768015999929e+01 4.891592290820000244e+00 1.584454462827999954e+01
-5.386390811999999806e-02 1.577402613115000030e+01 2.076980786661000167e+01 -5.528800476000000214e-02 4.918406346950000341e+00
9.430679965599999548e-01 2.075812731263999922e+01 1.975540469770999863e+01 4.940847699079999877e+00 6.914489174799999915e+00
1.915188118130000117e+00 -4.419425366999999577e-02 7.902667623320000168e+00 7.889056551800000427e+00 1.974804787999999922e+00
8.027140267692000464e+01 1.264105768864000012e+01 6.421023311150000268e+01 1.151259107085799940e+02 7.929957843999999589e-01
1.895707559000000098e+00 1.294889050984000001e+01 1.188921052955999969e+01 1.860673558880000078e+00 1.969988402450000065e+00
9.278300108799999446e-01 4.966053044989999776e+00 2.921670699599999921e+00 9.069639216400000592e-01 2.979031785960000178e+00
7.811586778849999746e+00 2.910666207269999806e+00 2.805206585430000121e+00 2.576480615306000033e+01 4.945933028929999864e+00
-7.400404619999999267e-02 1.280227014669999974e+01 2.574597960007999831e+01 3.910262316159999862e+00 5.936511893009999596e+00
1.966562067619999965e+01 1.031654405327000035e+02 7.691880109740000648e+01 1.613400491359999966e+00 2.271858103255999950e+01
6.842967367119999977e+00 4.664081158796000182e+01 5.349914361099000359e+01 1.781836216235999970e+01 1.586778974341000037e+01
2.943789065849999886e+00 9.856211690080000309e+00 1.481311568625000064e+01 2.933279393609999897e+00 3.951515522199999797e+00
2.912070082260000081e+00 1.476850873515000018e+01 2.369544393741000121e+01 9.894268782730000211e+00 4.922086368109999555e+00
1.081489572199999927e+01 2.184260164563999851e+01 2.268485967875000142e+01 1.679380158212000040e+01 3.937445641570000099e+00
2.965526902199999881e+01 4.763646339374999883e+01 5.529834234541999649e+01 6.567709646049999961e+00 1.885869778420000031e+01
1.183097725464000050e+01 4.863950002400000194e+00 7.729301316139999933e+00 1.079375461022000060e+01 9.454938323499999520e-01
9.493204262500000157e-01 -4.154441966999999902e-02 1.915924141639999911e+00 9.430681820499999812e-01 9.830952335799999497e-01
2.076989320415999885e+01 7.799208205760000290e+00 2.559853679291000006e+01 1.475229672284999971e+01 3.920173207239999957e+00
3.945462855520000200e+00 1.185721437045000037e+01 3.369537628377999994e+01 3.915936849730000002e+00 1.790555873039999923e+01
3.829718065899999857e+00 3.356556724951000348e+01 4.709567250381000036e+01 1.874074521321999853e+01 1.972882678411999890e+01
4.899665766560000080e+00 1.773157736430000142e+01 4.447531892952000021e+01 1.184784600521999920e+01 1.083276611696000025e+01
3.936335538999999883e+00 1.484307470589000033e+01 3.467482032571999895e+01 3.905877027999999918e+00 1.289524782324999919e+01
4.977501720260000262e+00 -5.780602908000000151e-02 7.875792008000000344e+00 3.966517321600000034e+00 2.961512748750000146e+00
8.870062134419999467e+00 8.870500883880000131e+00 2.272894968865999843e+01 1.086562258274000037e+01 9.408674080000000162e-01
1.963636055453000040e+01 4.066353987286999683e+01 5.527494352064000083e+01 1.641094382449999944e+00 1.283549491057000047e+01
1.879233596650000138e+01 1.780508457755999885e+01 1.458746801897999923e+01 1.579637575645000069e+01 4.905164010920000095e+00
1.188756049799999914e+01 7.893889060400000268e+00 1.877071744234000050e+01 1.288869028599999922e+01 2.948760924420000151e+00
2.676570975179999934e+01 1.580402831488000004e+01 4.657395052999999763e+01 1.280435037736000048e+01 7.902902428550000025e+00
1.583766161439999998e+01 1.588200485622999913e+01 1.478643634284000008e+01 3.853608580930000027e+00 1.938903164480000108e+00
3.714892974580000118e+00 2.179362636616000160e+01 4.363861993046000265e+01 7.748405300599999990e+00 9.896667704649999564e+00
9.841962432520000803e+00 4.873341411320000205e+00 1.777074450319999999e+00 8.846390635289999693e+00 1.934134572979999911e+00
1.934421758480000086e+00 1.951755786020000105e+00 3.923349712149999835e+00 2.941081014719999942e+00 -2.544488639999999829e-02
1.679174506501999886e+01 7.841300432479999749e+00 2.973926883000000032e+01 1.979405651341999928e+01 2.914811413859999867e+00
9.212701489300000324e-01 9.263905922799999804e-01 1.374517794307999985e+01 1.688259566537000111e+01 -5.688051011999999823e-02
3.244165934064000112e+01 6.052962325974999658e+01 1.892299001522600008e+02 5.316925994838000236e+01 4.757500127414999724e+01
1.584812037328000045e+01 1.186730701175999947e+01 4.351441272334999866e+01 2.675858454305999956e+01 1.088858109799999951e+01
3.957999830589999934e+00 -3.561044472000000211e-02 2.861707526310000027e+00 2.936068115069999873e+00 -3.040644824999999898e-02
8.895214307879999893e+00 6.911388686769999623e+00 2.267619474182000161e+01 9.844194363219999744e+00 4.928322490880000295e+00
1.938072702259999947e+00 2.902133515800000119e+00 1.875363176971000101e+01 9.905834737899999354e+00 1.937387063180000091e+00
1.063291322287999918e+01 6.248350300832999693e+01 1.547066079893999984e+02 8.499563916750000558e+00 3.964066658499999818e+01
1.085336135596999974e+01 2.077073044770000010e+01 7.136643599738999910e+01 1.277257348200999942e+01 1.184238245639999931e+01
9.650768589100000572e-01 1.945876477969999963e+00 5.851063914900000107e+00 2.945269281719999910e+00 9.640119875499999491e-01
3.933316672240000145e+00 2.897234980859999975e+00 1.670412693004999838e+01 8.894332530539999837e+00 3.928479850390000028e+00
-5.983092539999999848e-02 2.886378461760000125e+00 2.896172703930000036e+00 5.931012520320000370e+00 -4.299551765999999609e-02
3.771674857765999889e+01 4.447301118930000285e+01 1.751491233377999990e+01 8.677278319319999156e+00 1.679282646200000073e+01
8.827378202700000287e+00 2.167823432424999908e+01 1.266070294668999985e+01 9.798827597289999858e+00 1.486955050197000006e+01
1.957196036000000028e+00 5.918613649440000124e+00 9.246304930600000027e-01 2.947789562700000143e+00 3.967000976650000066e+00
-5.801389776000000220e-02 3.872455345840000174e+00 7.895452382270000236e+00 1.092837022255999990e+01 1.954238405239999921e+00
2.926355943719999964e+00 2.973007927739999889e+00 2.871607863900000002e+00 4.891665804799999684e+00 -2.589136325999999780e-02
8.214312317456000301e+01 3.691989043600000020e+00 1.645329569461599988e+02 1.267310631627200053e+02 1.570212045555999936e+01
2.272657776890000036e+01 3.903850485760000044e+00 4.053435252575000192e+01 2.860355470484000051e+01 1.909826351480000017e+00
4.936224180199999978e+00 -2.233335239999999916e-02 3.901788426099999985e+00 2.902290194909999954e+00 -2.311076042999999844e-02
7.854590706739999817e+00 1.950301423730000039e+00 9.750449303199999918e+00 1.778745035429999888e+01 1.950723128359999947e+00
