6.869099732919999646e+00 7.879291390249999694e+00 9.791456803839999168e+00 1.828117586899999925e+00 9.453391701400000180e-01
7.644330324535999921e+01 3.464596505919999903e+00 2.010574601696999864e+01 1.102613311515000021e+02 2.755667990640000120e+00
3.368670967743999967e+01 1.572690573304000061e+01 4.550920205247999917e+01 2.460889833072999977e+01 1.287327441783999937e+01
1.913110599349999941e+00 4.915425849080000020e+00 1.387196045203999972e+01 1.872220763360000095e+00 1.963949856499999980e+00
1.841842847359999924e+00 1.385404240639999962e+01 7.752585172759999921e+00 5.802139019040000179e+00 3.935448850629999828e+00
2.848298121300000041e+00 7.892613260180000090e+00 2.381406779346000135e+01 8.785578238559999420e+00 3.951421464190000066e+00
5.234068094012000216e+01 3.550399819775999788e+01 1.821396422584000163e+01 1.507254540405999954e+01 1.579637648139999939e+01
9.700573456000000760e+00 2.978995270512000104e+01 3.965409356295999999e+01 6.606894769000000167e+00 3.911134341099999912e+00
3.852190117840000205e+00 8.877867604649999578e+00 2.181832800628000157e+01 1.377454602397999928e+01 3.947723149989999847e+00
3.831840163029999857e+00 2.873699153490000047e+00 1.079792379523999912e+01 1.376514183649999978e+01 1.946505468080000023e+00
1.085485251817999952e+01 4.871387370559999930e+00 1.671858944602999841e+01 1.882766952081999889e+01 2.932112122860000003e+00
6.446584898800000296e+00 4.851662318500000026e+01 1.279453842168600062e+02 1.733672633220000137e+01 3.474079410481999730e+01
8.730400157280000073e+00 7.764337479769999995e+00 5.250149653220000090e+01 2.268055357052000076e+01 8.873836045110000015e+00
1.579744316554000072e+01 8.222864924799999642e-01 1.362227480600000007e+01 1.975872075590000065e+01 3.906552010720000023e+00
5.880231370949999814e+00 3.894354335740000117e+00 -2.200836015000000034e-01 1.185364949807999935e+01 2.942679786239999817e+00
2.913495968189999896e+00 9.158328384399999633e-01 4.834771339999999640e+00 8.882019100080000840e+00 9.555423294699999515e-01
4.547029284145000361e+01 6.449915588330000560e+01 9.797216132645999664e+01 3.228826164107999830e+01 2.472432586360000073e+01
1.084763267227999961e+01 7.860251765150000125e+00 2.707344991199999829e+00 9.788000287599999183e+00 9.218113868799999722e-01
2.903314150739999988e+00 2.918227928249999881e+00 -1.659564547200000073e-01 3.874502118640000159e+00 -4.312137060000000022e-02
1.483571824214999957e+01 1.871666102899999906e+00 1.572263333295999921e+01 2.279351128540999838e+01 5.925315292979999704e+00
1.286878208008000080e+01 3.852730263099999775e+00 1.278078603556000026e+01 1.382176149260000031e+01 9.487796289400000083e-01
5.389776808299999722e-01 3.147599423137999963e+01 5.623337344502999713e+01 4.339839261824000261e+01 2.380839260136000135e+01
1.781751059639999824e+01 5.783163196020000285e+00 3.693433144000000112e+00 1.973359822844000178e+01 1.925303705119999931e+00
1.983089901593000093e+01 6.808752812409999855e+00 2.717081215499999924e+00 1.973073298303999934e+01 1.927933554800000060e+00
9.862298046279999397e+00 1.384656621331999915e+01 9.773833713220000163e+00 1.803466301240000069e+00 2.943169632120000045e+00
8.888774082119999420e+00 8.912271556800000383e+00 1.879808844475000029e+01 1.846082271530000041e+00 4.945111804759999785e+00
2.249446062271999836e+01 1.959670310599999965e+01 3.009685500256000168e+01 9.327792831879999369e+01 8.739980503560000002e+00
1.481249025528000018e+01 8.851083364619999116e+00 3.670210071400000107e+00 1.474033817687999992e+01 9.082830447099999871e-01
5.886117517019999745e+00 2.908276461839999882e+00 6.798635452330000106e+00 3.844943441499999892e+00 -5.483015306999999838e-02
3.846853308100000035e+00 1.587063329295999914e+01 2.572230335840000137e+01 -2.216881953000000016e-01 5.920748169540000383e+00
4.919602251199999721e+00 3.930229240600000118e+00 -1.550415232800000098e-01 4.911428674849999787e+00 -3.934439324999999821e-02
1.934434234748000137e+01 4.042835624165000041e+01 1.786827213137700028e+02 3.808125283764000102e+01 4.267229833401999883e+01
6.848289703779999904e+00 2.867013701039999862e+00 2.270101089893000079e+01 2.078765425883999995e+01 3.920214999999999783e+00
5.871870974580000180e+00 -1.079454373200000039e-01 1.574586597004000055e+01 2.382080881271999928e+01 3.934586433909999847e+00
4.882272876320000066e+00 4.896728603689999737e+00 3.773622026199999979e+00 5.836325133839999957e+00 -6.209932716000000213e-02
7.893464747570000384e+00 1.910840695040000092e+00 7.820869891580000122e+00 1.387720065955999971e+01 9.537178668400000392e-01
1.147109193750000067e+01 5.651525800128000299e+01 8.595550550868000528e+01 3.152715683799999891e+00 1.473470525301000045e+01
1.983305433439999987e+01 3.864678965950000045e+00 1.721119978369999970e+00 1.677109057531999881e+01 9.277740982000000081e-01
5.906590420919999751e+00 2.915983116120000052e+00 1.810931400559999904e+00 1.484807909244000079e+01 9.535744871200000361e-01
1.885081843711000005e+01 5.861876656739999802e+00 1.972508036239999996e+01 2.378308548624000096e+01 1.092418817150000088e+01
6.850381692400000055e+00 4.836173258029999644e+00 1.670896532735000051e+01 3.580581292955999828e+01 9.307567369000000479e-01
2.049311934533999846e+01 5.642592617847000014e+01 3.000747210843999824e+01 4.731542470272000145e+01 1.675923136855999829e+01
2.479858277559999991e+01 1.075872240830000059e+01 4.636583845339999677e+00 2.872805269060999933e+01 -9.984946544999999396e-02
2.282063277218000152e+01 5.788863987360000074e+00 2.366340940050000086e+01 2.576272676480000001e+01 9.159675057999999703e-01
2.897444143920000048e+00 1.488573103847999946e+01 2.081250633539999839e+01 1.869237892999999984e+00 2.950816544039999823e+00
4.890073357760000405e+00 6.882503084799999726e+00 2.382099278153999933e+01 6.845434591480000108e+00 1.955605029950000073e+00
7.342004232956000465e+01 1.338147628717999993e+01 6.001976449599999874e+00 9.413576114935999328e+01 7.517679427000000247e-01
1.585223730358000083e+01 1.084623333248000066e+01 1.174767304440000082e+01 3.756380578419999949e+00 3.940927795119999910e+00
9.867985979680000241e+00 9.876588605740000304e+00 1.879139856160000122e+01 8.213557506399999930e-01 2.948297316870000184e+00
1.878214572200000099e+00 1.586722776136000057e+01 1.678930140679999994e+01 8.819934317279999547e+00 2.949592339200000080e+00
8.888622937739999230e+00 6.865070546680000163e+00 2.475591906309999857e+01 1.386260613950000042e+01 1.942886903240000018e+00
1.064636576930000089e+01 6.251004675773999963e+01 8.209208336545999884e+01 2.436387055500000010e+00 2.179065463006000058e+01
4.861410174499999570e+00 1.483599340724999927e+01 7.684121419640000283e+00 6.809256534400000227e+00 1.926574449320000104e+00
1.483793509308000047e+01 3.810978530409999898e+00 6.633383324200000430e+00 1.677851887958000177e+01 1.913057966360000028e+00
1.489443953073000060e+01 3.868271677210000092e+00 6.758480809599999972e+00 1.285708158147999924e+01 -5.985343124999999848e-02
3.903731156560000137e+00 1.883978031620000104e+00 9.860983693299999686e+00 7.854071806160000335e+00 9.632491903000000022e-01
6.344725942144000186e+01 5.247629319266000181e+01 3.720069016130000250e+01 1.419717881615999922e+01 2.579059406312000036e+01
-1.411020000000000052e-01 2.185451686956999851e+01 2.279861854762999940e+01 4.804704502879999950e+00 6.947778413049999990e+00
1.870812051049999925e+00 6.864934800400000370e+00 2.383295314920000152e+01 8.830911835800000276e+00 3.951958222840000090e+00
1.864465158350000040e+00 9.857466985149999417e+00 1.082403729209000076e+01 1.281508007314000075e+01 -4.880097314999999603e-02
5.914968835739999875e+00 1.923216198230000007e+00 8.842649286600000380e+00 9.871744427470000360e+00 -3.855712589999999579e-02
1.144529652251999963e+01 6.447256285025000011e+01 6.891135050031999754e+01 1.123812346080000069e+01 1.773029689604999959e+01
4.880082079850000198e+00 5.886226473359999822e+00 9.771568630029999980e+00 9.846499563280000089e+00 9.408808604799999697e-01
4.893837696680000349e+00 3.899181457840000142e+00 5.797470310259999593e+00 1.485230036045999924e+01 1.949588029999999916e+00
7.896784569830000322e+00 8.983987435000000410e-01 8.792089412219999289e+00 1.285535566911999972e+01 9.495449153199999603e-01
2.898225464249999828e+00 3.867486118149999985e+00 1.680228120319999974e+01 8.864074800719999203e+00 9.524561841099999926e-01
5.457312513189999947e+01 2.134763857929999986e+01 8.040709264500000231e+00 7.943069165119999298e+01 3.761983090839999821e+00
5.868479268059999754e+00 1.581672563835999945e+01 8.723743591050000745e+00 1.829289875600000004e+00 2.932686398279999995e+00
5.874951642720000144e+00 9.858039961330000267e+00 2.878049948023999960e+01 1.837156579399999989e+00 8.938746635219999348e+00
-1.174157661600000041e-01 1.686005757331999888e+01 2.076031124517000137e+01 9.815392579239999193e+00 5.943774943500000241e+00
7.910855027990000288e+00 5.879513186069999620e+00 2.480676455320000073e+01 4.875384140599999583e+00 7.947302161399999676e+00
1.065459632347999985e+01 5.847416619017000272e+01 4.409404498944000039e+01 1.542808269088000017e+01 2.275226278627999932e+01
1.486898579184000013e+01 8.833066128000000461e+00 9.724497777190000747e+00 1.180989079841999967e+01 4.924242903199999688e+00
1.388663799224000073e+01 6.852858861939999713e+00 6.765891894880000201e+00 2.183610896347000008e+01 9.383029561000000296e-01
6.887146037199999959e+00 8.861485382999999771e+00 1.976029418575999941e+01 9.839613662559999696e+00 2.935366467959999781e+00
6.906694631469999734e+00 2.901121385969999800e+00 1.287033340288000005e+01 2.874970983089999876e+00 9.645876019000000356e-01
7.415794405249999777e+00 8.735669656630000190e+01 6.410855588996000165e+01 1.119207773099999947e+01 2.577756421520000174e+01
3.871076767959999998e+00 8.723709786700000191e-01 5.820018733050000392e+00 5.825916789359999903e+00 1.956982696579999903e+00
2.886710469420000091e+00 6.859752426880000087e+00 1.183161874143000070e+01 7.843376391199999631e+00 9.584465650300000306e-01
9.876742879149999155e+00 8.601732251200000512e-01 5.824394044439999973e+00 2.283755687896999831e+01 -4.517963892000000092e-02
2.894007547200000197e+00 1.788110372879999943e+01 2.478471722800000165e+01 1.848482064199999941e+00 6.951126825070000237e+00
5.661052055039999686e+01 1.536120698239999971e+00 4.710060343064999699e+01 6.938046990268000513e+01 1.808655192830000091e+00
8.862196064040000820e+00 4.846479113210000023e+00 1.706154757760000029e+00 1.983297395486000170e+01 -6.275766518999999211e-02
5.858975591520000137e+00 1.185469288338000027e+01 4.714825342820000209e+00 1.480225308648000038e+01 4.936618881050000240e+00
8.915380183900000199e-01 8.882524170720000001e+00 1.377519559861999987e+01 8.260344596799999994e-01 4.949206633400000221e+00
3.897777624969999799e+00 1.483804625424000001e+01 2.178830685153999980e+01 7.889810692580000229e+00 6.940717667350000397e+00
3.662358208930000103e+01 4.338755930941999850e+01 2.315539875614999943e+01 3.448904308352000214e+01 7.763279076259999911e+00
4.862455922569999700e+00 1.777784281631999974e+01 7.690618892959999897e+00 4.821778473440000212e+00 4.915229214290000037e+00
4.828922715560000078e+00 2.673537078384000054e+01 2.161970665240000145e+01 8.768953900619999686e+00 1.188946539930000057e+01
1.912948918489999928e+00 -1.377165150899999913e-01 1.581325432989999946e+01 9.891411755589999188e+00 1.948228574600000096e+00
8.903721160350000829e+00 2.844212555819999988e+00 2.276116523383999990e+01 1.287097339900000037e+01 2.941139765640000014e+00
3.761844093343999873e+01 2.141499513855999837e+01 1.607949161980999975e+01 5.850381861590000199e+01 3.784101563200000129e+00
6.879055566039999903e+00 1.778009244308999826e+01 1.969990240178000107e+01 6.831867117399999856e+00 5.926698065040000074e+00
1.856312343109999929e+00 2.378032733903999940e+01 2.765900506195000119e+01 2.814261730140000139e+00 3.917282817819999874e+00
-8.725587947999999261e-02 8.866082699999999761e+00 8.801894837249999881e+00 1.887334507999999911e+00 6.948385666000000072e+00
2.937730496699999971e+00 1.914284504000000053e+00 7.900701719299999759e+00 6.899220104560000344e+00 2.971491659579999833e+00
3.258127383720000125e+01 1.063799525524400025e+02 7.028006993369000099e+01 5.397257361660000363e+00 1.781742226265999918e+01
4.898191404560000350e+00 9.865336037949999692e+00 2.584468541276000053e+01 1.185899535066000077e+01 4.954678370509999930e+00
9.291121007500000584e-01 7.911839554640000216e+00 1.689664668514999946e+01 9.897468094809999783e+00 9.680985023499999453e-01
8.928625879000000598e-01 7.840012675039999657e+00 1.384601460008000018e+01 1.485837717000000069e+01 9.501960937600000268e-01
2.921848612049999794e+00 9.148255937200000520e-01 8.808687275500000080e-01 1.187998659704999938e+01 -3.004991136000000063e-02
6.551813189423999972e+01 3.746478635938999702e+01 1.102122134399999993e+02 1.052159493706000006e+02 7.814140315999999586e+00
1.789128840716999846e+01 3.881594894170000032e+00 4.835327550799999763e+00 5.825110039080000135e+00 9.594279683199999909e-01
3.944033499550000155e+00 9.364158359199999948e-01 9.137436426999999695e-01 2.909027327790000061e+00 -2.014558127999999809e-02
-9.653618231999999688e-02 7.891907125670000411e+00 1.184579407838999998e+01 1.383610010449999983e+01 -3.820898952000000015e-02
-2.183279670000000134e-03 -2.088828000000000039e-03 -2.248419869999999758e-03 -2.227448160000000156e-03 -2.037506399999999829e-03
-2.197160640000000130e-03 -2.155364639999999936e-03 -2.384902439999999919e-03 -2.210036399999999995e-03 -2.049478200000000045e-03
-2.067618959999999867e-03 -2.219218560000000163e-03 -2.276477459999999738e-03 -2.110892399999999766e-03 -2.091693779999999857e-03
-2.192713739999999859e-03 -2.114788499999999995e-03 -2.570583599999999753e-03 -2.404472039999999786e-03 -2.037554999999999922e-03
-2.167909919999999775e-03 -2.145705390000000098e-03 -2.481185519999999992e-03 -2.438352720000000126e-03 -2.063957759999999943e-03
7.842946417280000304e+00 5.841975313949999915e+00 1.372190855468000059e+01 1.382161611541999946e+01 4.934488124209999604e+00
5.041550279310000349e+01 5.347884094722000015e+01 2.901819247869000051e+01 1.435840381464000082e+01 1.477323882167999969e+01
2.365214058005999931e+01 2.763062189579999828e+00 6.507001358080000131e+00 4.165101236832000353e+01 1.871533202149999964e+00
8.835086598480000220e+00 2.856795651480000142e+00 1.972874616157999839e+01 1.080187620401000004e+01 4.937181308599999596e+00
8.856469482299999640e+00 4.846632817999999787e+00 2.871395278570999920e+01 1.081022936383999955e+01 2.933842698389999892e+00
1.188353306135999965e+01 5.856349461359999786e+00 1.284396013551999971e+01 1.288666902171999951e+01 -4.181053139999999640e-02
2.247228664592000058e+01 3.543934979736000201e+01 1.728834320645999867e+01 5.337567735300000038e+01 1.881169132149999967e+01
1.874511233469999993e+01 4.671656344219999646e+00 1.966933632115999941e+01 2.971931490471000004e+01 -8.797570704000000352e-02
3.909090071200000072e+00 2.884920030840000038e+00 9.878251893759999902e+00 4.895078611819999814e+00 1.968368683520000051e+00
1.285444156792000037e+01 2.682265832702999830e+01 9.811214636500000807e+00 -1.681704333899999848e-01 4.949895423380000103e+00
1.086946784551999912e+01 4.904106809449999993e+00 -1.893911989500000059e-01 5.817854429249999626e+00 9.470234079999999555e-01
3.343190734240000239e+01 2.517956237639999983e+00 4.619023375223000016e+01 1.231951194462399997e+02 1.769879738720000040e+00
3.767226604094000209e+01 5.769482304930000360e+00 1.755874024146000068e+01 3.954989116803999849e+01 2.875492330680000208e+00
-5.111482157999999720e-02 -3.937534415999999898e-02 7.925237550800000363e+00 1.925459370920000080e+00 9.796782145600000380e-01
1.866247201279999990e+00 1.090231939459999921e+01 5.805420559889999943e+00 6.814507021629999883e+00 9.476872467400000444e-01
1.586914306225000004e+01 3.908916754689999884e+00 5.820308206800000050e+00 1.079806453760000018e+01 -5.553078848999999650e-02
2.660095467288000037e+01 9.677108870559999687e+00 1.939517715367999884e+01 1.142832890348799992e+02 2.797886363519999975e+00
3.170543078300000062e+01 3.765677582649999966e+00 2.454069264118000149e+01 5.551098473935999777e+01 5.859946046040000134e+00
2.945488211759999864e+00 9.602737217200000286e-01 5.925483402000000233e+00 6.928229796100000115e+00 9.767124740799999483e-01
1.889060901499999945e+00 4.923238452979999735e+00 6.839849291560000211e+00 1.826006663720000089e+00 1.951562426059999966e+00
1.890494834779999911e+00 4.914543441560000225e+00 8.702385977800000116e-01 7.971405479199999977e-01 1.965096894260000004e+00
1.968894676460000071e+01 3.275320599078000328e+01 4.862208985384000215e+01 2.542993327519999980e+01 5.899412176620000281e+00
-2.568345164999999986e-01 1.079661555046999943e+01 1.869488414883999994e+01 5.952489142523999988e+01 1.918901179999999984e+00
5.952357910049999923e+00 -3.706314974999999623e-02 9.438838698700000585e-01 9.129316825000000080e-01 1.985149861760000078e+00
1.089850104569000067e+01 -8.357762168999999242e-02 2.877879504360000062e+00 8.058865520800000404e-01 2.966819091150000087e+00
5.883464637420000365e+00 1.913018927600000030e+00 1.876092631399999933e+00 1.280773474527999944e+01 4.950163626530000194e+00
6.720836509149999749e+00 4.794555091100000332e+00 1.970891671520000088e+01 7.253306320906000337e+01 1.087960998998000051e+01
2.671798048397999992e+01 2.793660790350000145e+00 2.269126155992000093e+01 4.754955849942000157e+01 8.879810978520000120e+00
9.427737332800000258e-01 1.958916753020000012e+00 2.942273470800000013e+00 5.915455026900000135e+00 -2.299238055000000017e-02
1.911000326599999966e+00 4.934167399039999680e+00 3.899502016960000095e+00 3.849573765999999786e+00 -3.798248435999999895e-02
4.817676674750000387e+00 7.906847796800000161e+00 2.181458087824000103e+01 3.773880736959999815e+00 5.944772998770000427e+00
3.466877646617000153e+01 8.820132666030000124e+00 1.643065000670000053e+00 1.755607607856000030e+01 2.893902078720000048e+00
5.621427290039999747e+00 1.978440615965000049e+01 4.760842858499999863e+01 1.651432362497000028e+01 1.287581679562000048e+01
1.587399694512999915e+01 2.931587082480000106e+00 1.187769831708000012e+01 7.839722367800000313e+00 1.960851297889999900e+00
7.859147868800000047e+00 9.233429567499999990e-01 4.849042154900000234e+00 2.181779558436999977e+01 9.548137903600000254e-01
1.684010842352000026e+01 8.807754115000000494e-01 7.840062341000000323e+00 1.378294267675999940e+01 6.946248752349999833e+00
4.683976568150000297e+00 9.775957928500000449e+00 1.971655887080000014e+01 6.161220181043000110e+01 5.900200685699999781e+00
2.765984440177000181e+01 4.719360232309999681e+00 2.167912038568000099e+01 5.549592001268000274e+01 7.879589597419999869e+00
9.890104888630000701e+00 1.917160833440000101e+00 1.088569798400000010e+01 8.724432671199999767e-01 1.964612919259999924e+00
3.876476477439999790e+00 2.908249182660000098e+00 8.745594755500000206e-01 9.831073860100000061e+00 -4.082855868000000166e-02
1.684488228164000034e+01 1.873514709199999961e+00 5.829956157299999830e+00 5.743013249669999709e+00 1.951313229559999973e+00
1.751567446639999970e+00 9.804738868750000336e+00 2.574080674568000049e+01 3.659945386113999888e+01 3.919948825090000089e+00
3.165391141015999921e+01 1.772258540849999875e+01 1.777255378847999978e+01 1.141918499640000029e+01 1.288498613574999929e+01
2.884857067920000073e+00 9.903506454460000441e+00 1.869967856900000003e+00 1.480442711675999945e+01 1.960800377240000003e+00
1.288924485331000014e+01 9.082939991499999755e-01 6.879868081899999765e+00 9.824159223820000619e+00 2.965748479320000186e+00
1.088180209136000087e+01 9.895598928280000095e+00 8.543343951999999852e-01 2.734190072760000145e+00 9.535481199999999991e-01
3.177733836775999876e+01 9.807969418480000812e+00 3.173836826903000130e+01 2.246813855573000041e+01 1.590309920590000026e+01
1.472546440770000054e+01 2.076214812834000156e+01 1.666415019248000107e+01 1.236377621902000001e+01 -1.172437788599999947e-01
9.271611161199999618e-01 1.938765240920000021e+00 3.914510020959999892e+00 9.835850115819999573e+00 -2.980253088000000064e-02
6.910185068889999727e+00 -7.938616733999999397e-02 8.910581006800000203e-01 9.809118692380000226e+00 4.961748229520000386e+00
7.897277496140000075e+00 9.063391945600000055e-01 2.874276657569999838e+00 7.775776441519999693e+00 1.933522310180000092e+00
1.982367672383000112e+01 2.838914773499999988e+00 9.786189038499999882e+00 5.559978276649999884e+01 1.088169225617000002e+01
1.976946023809999886e+01 1.879346202849999869e+01 2.171120835099999979e+01 1.483766494040000161e+00 5.851825418579999827e+00
3.936440919999999899e+00 1.942579406179999912e+00 1.919906940800000017e+00 5.858879118089999949e+00 5.959162333680000145e+00
1.937664240319999953e+00 2.942564641500000189e+00 1.924440706820000013e+00 4.883678718799999707e+00 1.959226432219999925e+00
1.386326931079999980e+01 8.902865746079999809e+00 4.812221643080000000e+00 2.750882471759999781e+00 4.934142273650000021e+00
1.809907554080000036e+00 5.869810733099999567e+00 2.573649011959999910e+01 3.470153601788000230e+01 3.912083424580000024e+00
1.269488840620000047e+01 2.478124656510999912e+01 1.663202846231000009e+01 5.458691955839999999e+00 2.851934348189999913e+00
6.889761447819999773e+00 1.921656684980000085e+00 3.855836929000000080e+00 1.381208678780000021e+01 -5.332129559999999879e-02
6.896020198749999608e+00 4.929247306759999780e+00 1.286856225174999935e+01 8.246637096400000200e-01 7.951496296040000189e+00
8.847254586149999156e+00 8.891527433499999411e-01 1.781854421795999954e+01 3.276464646480000198e+01 8.930987222400000647e+00
3.760444901650000116e+00 1.582601968446999940e+01 3.470893918541000289e+01 2.962542171188999873e+01 4.897161415850000310e+00
2.065403933913000145e+01 1.746618725719999876e+00 2.267543667416000019e+01 8.744291098179999722e+01 1.184415358619999914e+01
1.089794876176999949e+01 3.924106129840000179e+00 9.875039981320000493e+00 8.261165507500000116e-01 4.952685252110000214e+00
4.895340327679999604e+00 2.922251721509999900e+00 3.873177794560000109e+00 1.482150120476999966e+01 9.530289602199999432e-01
1.088097854978000001e+01 2.917997096880000196e+00 3.879456724210000207e+00 1.976235755384000115e+01 4.939545755300000174e+00
5.772127114499999934e+00 2.084682757439999889e+01 1.176908604239999967e+01 1.255542696804999991e+01 1.886459270600000071e+00
1.870443576766000149e+01 1.679442874324999835e+01 1.703497047319999957e+00 2.243243095150999977e+01 2.855392365360000184e+00
-8.629269956999999214e-02 3.939606505300000006e+00 3.907856907759999832e+00 1.082690406272000061e+01 9.551781761500000023e-01
2.917758284580000083e+00 1.943182804339999903e+00 6.914763458620000414e+00 2.838914918489999994e+00 2.959660070580000024e+00
1.384855676725999984e+01 8.902117651139999310e+00 1.838494424000000071e+00 2.073333763200000135e+01 9.477701437600000167e-01
1.778873125104000152e+01 5.864214943680000403e+00 2.577189124250000063e+01 2.563528190020999986e+01 7.930329567200000263e+00
2.465904369652000128e+01 8.775272649870000663e+00 2.650023499260000026e+00 1.337978278940000010e+01 2.880475043250000144e+00
2.879462321310000128e+00 1.092358889299999980e+01 3.874897520140000218e+00 8.059353556599999635e-01 1.959368548340000071e+00
9.010763888499999652e-01 9.385793054200000096e-01 7.895841108559999988e+00 1.182710269578000073e+01 -3.269081916000000226e-02
1.387290564913999980e+01 7.905412432250000343e+00 7.837161564949999715e+00 7.776628538839999827e+00 1.933982766019999966e+00
1.880166225628000021e+01 3.852805196199999838e+00 1.673140918561999868e+01 5.267259328256000117e+01 1.189755290909999985e+01
3.169814609983999887e+01 1.578327579411999970e+01 1.365738757375999946e+01 1.147770404255999921e+01 1.385007461816000074e+01
1.899118426880000099e+00 1.924059615590000050e+00 1.287234358527999944e+01 1.081920803078000048e+01 1.949384483480000041e+00
7.901179816940000045e+00 -7.364466621000000102e-02 1.869325110559999947e+00 1.282721111751999921e+01 4.951275711980000160e+00
2.885642631840000139e+00 7.916006474089999578e+00 1.485831588863999997e+01 2.787106242000000123e+00 -5.900484932999999765e-02
1.978719756626000148e+01 3.845250277599999933e+00 9.740330165170000498e+00 2.562096045950000089e+01 5.894808813780000101e+00
8.725989603600000422e+00 1.980208610821999926e+01 3.765830241367999776e+01 1.350736102615999989e+01 7.861763666599999922e+00
5.895975095519999876e+00 9.218164275100000360e-01 3.875098862649999809e+00 2.284820441672000157e+01 1.947124385840000027e+00
1.908467011099999944e+00 2.928507349080000211e+00 8.826341670999999778e-01 8.196899175999999843e-01 -5.039619038999999800e-02
1.987822965926000052e+01 1.908241049449999949e+00 9.858464742340000697e+00 1.280960370688000083e+01 2.929963580039999904e+00
-1.689227435700000057e-01 7.872742820510000072e+00 1.780084898064000143e+01 1.166925444960000036e+01 5.901006348960000203e+00
2.673066634595999957e+01 1.080224327332999934e+01 2.970317771696999998e+01 2.748437229789999847e+01 1.884319292620000041e+01
9.384569241400000372e-01 6.953205872319999870e+00 9.311823068500000300e-01 3.882496506789999913e+00 -3.553891037999999669e-02
-7.246885806000000207e-02 9.453413125899999825e-01 6.917011974880000302e+00 1.688722561483999840e+01 1.959956677999999952e+00
6.892558460440000090e+00 8.913754561499999340e+00 8.836331131890000634e+00 1.789794548569999977e+00 9.379493327800000335e-01
2.083867172652000122e+01 2.870307447780000132e+00 9.766532929689999420e+00 3.269694167520000150e+01 1.090882439281999972e+01
2.175156781600000144e+01 1.579865579386000007e+01 2.064584158590000129e+01 6.548438413599999564e+00 5.857081129500000038e+00
2.893103639040000008e+00 5.914470065279999744e+00 1.584375630064000084e+01 1.280896480642000057e+01 5.940842379000000228e+00
1.917060668840000037e+00 -6.466249844999999441e-02 2.881917685649999950e+00 5.845835599800000004e+00 -4.399092422999999891e-02
1.189089331265999938e+01 6.914996986480000274e+00 4.859467447820000174e+00 1.784914921459999970e+00 1.933599185659999886e+00
1.681791208586000153e+01 2.852512445999999979e+00 2.875887949807999888e+01 2.663597309021999848e+01 6.889617437110000076e+00
1.977482004374000013e+01 1.782031355279999829e+01 1.671173227519999926e+01 -4.334468638499999749e-01 -1.365986348999999878e-01
9.310219722100000483e-01 9.445792864600000005e-01 7.909404364160000256e+00 4.861850883349999819e+00 9.587117120499999423e-01
7.923117359599999965e+00 9.367239177999999722e-01 -1.054631080799999926e-01 1.284412871920000043e+01 1.949759244560000049e+00
8.980353532000000527e-01 4.924174649360000267e+00 2.885965810500000117e+00 8.780649557040000275e+00 9.294319446400000073e-01
2.184556634364999894e+01 3.886838794480000026e+00 9.836797135419999449e+00 1.468403006946000033e+01 3.898053199120000034e+00
1.176583852965000077e+01 1.382070561385999952e+01 9.729963287020000351e+00 1.149882913253999916e+01 8.352103154500000182e-01
6.934142859279999627e+00 2.947355728319999812e+00 4.923756417199999902e+00 8.536472940699999512e-01 9.498712262499999781e-01
1.934532905870000041e+00 9.473374028800000124e-01 2.926301227410000205e+00 1.085534389576999992e+01 2.953059391110000043e+00
6.834884531020000153e+00 2.894130804090000009e+00 4.825483357549999575e+00 2.871427804769000147e+01 -5.729790797999999991e-02
1.979257212199999927e+01 1.386968781640999993e+01 9.794895086980000443e+00 2.644687188479999840e+00 5.932718461320000358e+00
3.641242047069999987e+00 2.075621894292000036e+01 9.600804622000000066e+00 5.533341266432000083e+01 8.673066788500000124e-01
2.865169778159999847e+00 1.192102893174000044e+01 1.386704556563000068e+01 8.775576621809999978e+00 1.957527288739999927e+00
5.904865826430000020e+00 9.418321738899999573e-01 3.905080474810000091e+00 1.084334584205000063e+01 1.969163299999999950e+00
4.881124847119999721e+00 8.916638252220000282e+00 8.704251197200000290e-01 1.075967002324999910e+01 9.316366172200000184e-01
9.831726841600000100e+00 -1.149107261400000024e-01 1.981614673702999951e+01 3.266052700739999892e+01 8.904559407480000743e+00
8.735977187099999597e+00 1.581373030938999946e+01 3.702148245040000063e+00 2.345387464607999917e+01 2.850780503999999826e+00
9.911905866099999685e+00 1.936380140840000097e+00 4.900543087279999988e+00 8.815522671720000147e+00 6.948900156939999739e+00
9.180278379999999849e-01 1.943236099099999947e+00 -8.921953655999999289e-02 7.837014612319999962e+00 2.953333072289999972e+00
8.755129897300000241e-01 8.911212880320000806e+00 2.866733596560000041e+00 1.075489787503999928e+01 1.951167001880000029e+00
2.179255026819999941e+01 8.856259084799999570e+00 1.378073819371999953e+01 5.591326965900000445e+00 8.914957607519999883e+00
3.729423916120000015e+00 1.981580774960000113e+01 1.971312160016000092e+01 3.046158313096000114e+01 2.894858614199999902e+00
1.089048692108000083e+01 1.927317105920000051e+00 3.885243753010000134e+00 9.792057223629999640e+00 -4.354981848000000211e-02
1.910333879660000012e+00 5.935573137839999625e+00 9.005401615599999410e-01 2.815628689379999994e+00 9.644726442700000124e-01
3.874279194490000133e+00 1.192031100768000051e+01 4.889099261480000180e+00 1.573341827397999992e+01 -6.291741338999999600e-02
1.485000975174000004e+01 1.903427490799999955e+00 4.869527817919999890e+00 9.685517022100000872e+00 9.278949728800000019e-01
1.271414306199999977e+01 1.782485373644999882e+01 1.173877674717000019e+01 1.937118408535999947e+01 4.855875676160000154e+00
8.919222458400000164e+00 4.951714442000000105e+00 7.932245678900000208e+00 8.441166566800000215e-01 2.962380677520000116e+00
9.327728738799999642e-01 -4.226736653999999677e-02 2.941646945520000056e+00 1.186092487920000060e+01 1.967611744999999912e+00
1.859663183509999929e+00 7.918638958699999897e+00 8.752512058300000453e-01 9.741532199499999933e+00 -5.413804856999999970e-02
1.881697856490999854e+01 8.907033336399999834e-01 8.834044778100000883e+00 1.664486806066999947e+01 8.925116298660000780e+00
1.469765586353999964e+01 1.781229888225000124e+01 1.071984502217000035e+01 1.436973649547999976e+01 8.705013763600000232e-01
2.901777915269999841e+00 2.939653262549999813e+00 9.060396630400000539e-01 3.803330557389999811e+00 3.958628710540000206e+00
9.162195875199999895e-01 1.949773095559999891e+00 1.921292392340000044e+00 2.083500211385999989e+01 -3.678253415999999804e-02
7.891059938569999765e+00 5.912939029200000363e+00 6.858320875000000427e+00 1.806744281599999891e+00 1.933414116860000087e+00
1.883071104165999898e+01 8.680042038699999907e-01 1.378241352320000068e+01 2.466592516735000018e+01 1.089138709999999932e+01
9.774224002000000411e+00 2.081970128594999991e+01 2.571809414075000078e+01 6.611493441940000437e+00 2.855497976400000137e+00
4.933353349039999891e+00 9.448794060399999806e-01 4.910303355619999977e+00 9.864942790240000647e+00 1.957217390839999904e+00
4.929915106400000191e+00 -5.631068646000000205e-02 1.910784028249999933e+00 5.857908606059999634e+00 9.558488440000000308e-01
2.885766278340000213e+00 5.921941610580000237e+00 1.686930872749999821e+01 1.778830488567000145e+01 9.554309974000000372e-01
9.818106466419999734e+00 1.487781190175999946e+01 7.798589438659999651e+00 6.691955869000000279e-01 9.331324968699999944e-01
1.674205370585000097e+01 8.821553131439999973e+00 1.872366516928000024e+01 4.550926530862000163e+01 7.900578913580000417e+00
1.287909985521999978e+01 9.174297259000000482e-01 6.867791737630000171e+00 1.177447128770999996e+01 1.952883257419999907e+00
9.167877134199999833e-01 1.945409410099999903e+00 4.908823970000000259e+00 4.849041712640000057e+00 -3.181740506999999885e-02
9.226255437999999476e-01 9.930167034220000133e+00 6.899145137439999687e+00 8.066541412900000152e-01 -7.038238230000000428e-02
9.081114291999999866e-01 3.912782851479999824e+00 7.880233085719999586e+00 1.677808513592000139e+01 6.914985931600000413e+00
7.844760786500000194e+00 8.853401275199999532e+00 8.787852187200000387e+00 6.613237063329999721e+00 3.848771705619999928e+00
1.944608919500000033e+00 3.946900108179999922e+00 9.276998762799999465e-01 6.864579971799999569e+00 1.946120586860000001e+00
2.957761523729999897e+00 2.961222594600000146e+00 1.945445459959999956e+00 2.889101408790000214e+00 3.959140381060000102e+00
7.869909461569999820e+00 3.915847841260000184e+00 1.587170299839999998e+01 1.777081045463999942e+01 9.464268268000000095e-01
3.850622548330000061e+00 9.898829997220000010e+00 -1.432480140000000068e-01 1.073799599626999957e+01 9.393960535299999970e-01
9.717767205310000378e+00 1.880844411249999837e+01 3.071685153594999917e+01 4.050891887000000224e+01 9.878098807000000647e+00
4.885224914840000210e+00 2.923641372900000146e+00 8.884647844919999926e+00 3.800469419500000168e+00 2.951344255800000038e+00
-8.163747972000000297e-02 9.452112395499999709e-01 6.920067061600000180e+00 1.586415207309999964e+01 -3.428914679999999632e-02
4.916372036000000278e+00 1.928692082540000019e+00 -9.570999203999999705e-02 8.796958057350000360e+00 -6.901084574999999388e-02
1.899805146500000097e+00 1.391724913964000088e+01 1.188435526724999924e+01 6.757508965120000433e+00 -8.076036636000000213e-02
1.380892930249999928e+01 2.843217300720000118e+00 2.790119432280000034e+00 3.358347101241999866e+01 1.484110276656000060e+01
-7.933589225999999883e-02 3.929759916070000081e+00 1.913077788679999891e+00 1.481693927423999924e+01 9.331613142400000394e-01
1.959906018170000097e+00 1.966319474240000087e+00 1.955223605000000031e+00 6.912634643349999664e+00 9.666017916400000409e-01
3.902429619399999883e+00 -8.041261392000000063e-02 1.886344393159999910e+00 1.582149442102000059e+01 6.932348961999999837e+00
4.879960157840000257e+00 9.904133590480000748e+00 4.855581134240000374e+00 1.810566367040000069e+00 -8.422093259999999248e-02
1.274749138083999966e+01 7.798133035250000233e+00 4.271210809494999694e+01 4.453319551284000255e+01 1.882125260119000032e+01
2.933721911190000142e+00 1.947009074239999915e+00 8.929608197400000336e+00 4.877563290080000336e+00 9.559033440399999915e-01
7.949499144649999849e+00 9.583350191199999646e-01 -5.715176939999999650e-02 3.901768051899999978e+00 -3.484511298000000229e-02
2.901644727779999933e+00 3.931665942460000007e+00 1.904367738799999987e+00 1.177338328517999955e+01 9.366919268500000229e-01
8.842684433499999885e-01 -8.339854365000000380e-02 3.889115718249999798e+00 2.372833698359999843e+01 2.928155571750000075e+00
1.479516328365000000e+01 1.085040745769000026e+01 5.805364476300000298e+00 1.151173460090999967e+01 8.705195624799999532e-01
1.925888280499999938e+00 2.948126304000000086e+00 -6.786829377000000441e-02 9.826200043120000061e+00 9.529332732999999944e-01
2.948242722059999821e+00 9.605848929400000458e-01 6.949008089440000369e+00 5.874029166929999768e+00 2.967096831240000121e+00
7.892424422450000421e+00 9.915372369640000016e+00 7.857833542549999883e+00 7.989519339099999673e-01 -6.076496879999999934e-02
2.782333458873999987e+01 8.682007025800000388e-01 9.770286095470000376e+00 3.066524304448000038e+01 8.897493424320000344e+00
1.675953286189999858e+01 2.480718953103999880e+01 2.768607326692000115e+01 3.545999970160000014e+00 5.858588923440000151e+00
2.915352770070000155e+00 9.305731382499999871e-01 9.886945678840000085e+00 1.684438849105999836e+01 3.950385953710000120e+00
4.921944737179999585e+00 2.937673780499999943e+00 -1.096484582699999988e-01 8.855431808309999653e+00 2.951465046240000056e+00
2.867107328939999977e+00 9.906187822570000634e+00 1.181690364395999993e+01 9.802987322319999919e+00 -7.155468314999999246e-02
1.185181118849999926e+01 1.902087244550000111e+00 4.807062432320000411e+00 1.776959782955999856e+01 1.192215427932000082e+01
6.707759218719999694e+00 2.179273984708000000e+01 2.356862954928000065e+01 2.352914939760000124e+01 1.840537481329999947e+00
5.872448959799999813e+00 8.910673136819999840e+00 2.182632351060999909e+01 2.798300219250000165e+00 2.930732242499999973e+00
1.918047359000000007e+00 -5.432421330000000020e-02 1.892247946129999914e+00 8.877117405330000821e+00 9.563471543799999530e-01
7.914514522130000174e+00 8.921921313600000403e+00 1.189454217717000084e+01 7.777275695199999950e-01 2.924800805279999860e+00
1.288282163997999952e+01 8.939841787000000206e-01 7.853507054719999658e+00 2.173205865819999971e+01 9.900203982400000768e+00
4.837467287299999974e+00 1.684921592419999925e+01 1.779956310725999913e+01 9.630689569570000330e+00 1.848746033479999884e+00
4.931650463359999570e+00 5.937970916040000269e+00 2.914683095280000025e+00 6.845144046099999713e+00 4.938759127039999974e+00
-4.506685451999999786e-02 -4.142588183999999785e-02 -5.888169935999999771e-02 5.895033841500000094e+00 1.959552975620000081e+00
2.886751985160000089e+00 9.915276216160000544e+00 1.686852672839000178e+01 1.276875230619999968e+01 1.924353434179999933e+00
9.864286337079999356e+00 2.900225406900000191e+00 8.460059314600000269e-01 1.572784324809999923e+01 1.910621570600000041e+00
1.473117737171999941e+01 2.379794770400999937e+01 4.069783670009000076e+01 2.047324619297999959e+01 6.826552551069999808e+00
3.934183425700000125e+00 3.950617514080000170e+00 4.925428331720000052e+00 -1.422986502599999925e-01 9.571984092999999971e-01
-6.353008928999999416e-02 2.950868199359999888e+00 3.928045715500000146e+00 9.872853464889999486e+00 9.569129653000000291e-01
1.876536559999999909e+00 9.194610941199999887e-01 7.867084751810000220e+00 2.377517499626999964e+01 1.952547831560000002e+00
1.580420175855999965e+01 1.387136626520000071e+01 2.278649097490999864e+01 3.644177422269999855e+00 9.265669341400000203e-01
1.673168950879999883e+01 2.818251600600000017e+00 2.970741170927999875e+01 5.750139372699999996e+01 7.893773852479999853e+00
1.487795074223999947e+01 2.917369978680000031e+00 3.868520658250000022e+00 5.775564920549999925e+00 2.953922556270000221e+00
9.111322755999999856e-01 2.943892544160000124e+00 3.901533169719999972e+00 7.842675907250000300e+00 9.668254836699999855e-01
7.918072814870000364e+00 3.923161570210000004e+00 7.890322164649999692e+00 -1.585798468200000089e-01 2.924856214140000077e+00
1.588862354037999935e+01 5.896834904850000392e+00 8.848135521899999745e+00 1.276446564687999974e+01 8.900386043670000191e+00
2.836841175930000070e+00 1.984321720838000047e+01 2.377728568859999925e+01 1.565706462784000053e+01 8.547852655000000022e-01
4.937891161009999585e+00 1.938307872800000053e+00 1.191122035823999958e+01 9.860506732899999349e+00 2.946070826130000153e+00
4.956588682609999630e+00 1.957232030779999965e+00 -6.044909309999999675e-02 5.888448964320000201e+00 9.599430465099999532e-01
9.087245068600000586e-01 6.927439033599999796e+00 1.902252640069999945e+00 -2.040783595200000022e-01 9.412247087199999696e-01
1.686170188384999946e+01 2.890716658140000117e+00 7.854610386500000097e+00 2.170922596671999827e+01 6.911711861379999711e+00
6.820826438320000129e+00 1.385662454546000077e+01 1.280342672463999953e+01 7.565163475040000307e+00 4.877317649480000128e+00
2.929634061509999832e+00 -5.358905729999999951e-02 6.922296971349999772e+00 1.284199063672000030e+01 2.954846872380000100e+00
1.938134051660000079e+00 1.951242839749999902e+00 9.361263953799999760e-01 5.862876106019999867e+00 2.959522449150000067e+00
9.876194701930000264e+00 6.925645188159999854e+00 8.844914007099999864e-01 1.276854494620000047e+01 -4.966901775000000241e-02
1.982816674417999891e+01 5.890815693599999570e+00 1.183836433151999934e+01 1.068068406799999970e+01 9.271453656699999435e-01
2.170640159230000066e+01 1.682036883529999827e+01 4.716439303459999621e+00 2.244798188554999996e+01 -1.203542890199999910e-01
7.909133566579999552e+00 7.946603105480000373e+00 7.915576701860000064e+00 8.340497506899999802e-01 -3.621446009999999827e-02
6.922605828400000050e+00 9.547371554500000412e-01 3.930085429960000099e+00 1.387326093565999940e+01 -2.899376369999999772e-02
3.914326487919999931e+00 4.927868868200000030e+00 9.050490006400000453e-01 1.798898580019999915e+00 2.938684276560000086e+00
1.686037365151999978e+01 1.885842074899999998e+00 9.848301418000000140e+00 2.068089906144000167e+01 1.490470615113000008e+01
1.380039539360000056e+01 1.584351858183999973e+01 1.878874033600000004e+01 4.557420276800000281e+00 4.869781237759999826e+00
3.941571962199999835e+00 4.951460175710000300e+00 7.932656561119999949e+00 4.868155985719999634e+00 6.956650831480000186e+00
9.473237284600000141e-01 9.565005708099999504e-01 -6.047127009000000109e-02 9.876306704679999271e+00 9.640076662000000018e-01
6.879602588200000035e+00 5.920853276759999950e+00 -1.265830253999999933e-01 7.772379722720000217e+00 -6.370148772000000514e-02
7.817116644800000458e+00 1.387431447079999991e+01 1.580390313342999953e+01 7.656405743599999703e+00 1.905826467800000090e+00
8.721471886919999861e+00 9.801201363040000558e+00 2.697981598560000194e+00 4.943691538852999656e+01 -1.527549038100000089e-01
-9.687400254000000377e-02 3.934962572799999947e+00 4.891694657000000390e+00 2.081118326196000012e+01 -4.959663048000000074e-02
6.929680441300000382e+00 -4.930318125000000135e-02 5.921118525839999869e+00 4.863195629959999877e+00 1.961832773270000052e+00
1.186837419891000067e+01 2.901702795059999840e+00 1.484312309124000073e+01 1.476614916383999976e+01 1.192079978760000003e+01
3.836098217199999993e+00 5.877537195120000391e+00 1.879819393024000007e+01 1.668494986657999846e+01 4.902926551970000268e+00
2.472350917461999842e+01 8.789975658899999544e+00 3.168297680378000081e+01 2.948355736823999962e+01 2.183471792211999940e+01
4.934354724500000344e+00 7.951014874160000190e+00 1.920345299030000064e+00 8.798992992999999929e-01 -4.090376393999999721e-02
9.270272053000000456e-01 9.434785426299999722e-01 6.911368884699999882e+00 1.086544915039999992e+01 1.955577092239999981e+00
9.879512013999999454e+00 -9.184067711999999162e-02 3.845876375200000030e+00 2.278204908800000084e+01 1.921992138380000048e+00
1.835828009300000119e+00 8.872424424900000162e+00 2.578680006848000161e+01 1.771624895993999971e+01 4.895601100700000430e+00
2.570398677980000102e+01 1.772068630879999995e+00 2.061599013345000131e+01 5.846606445433999966e+01 1.980621550684999832e+01
2.937398825999999907e+00 1.949728547989999949e+00 7.915398059600000202e+00 7.864517510269999789e+00 3.959918486499999890e+00
9.366863743000000131e-01 -4.643549208000000150e-02 3.920781538299999980e+00 1.892633189419999917e+00 9.621973000000000331e-01
1.905859747460000087e+00 5.920230851700000407e+00 7.875332772020000149e+00 2.823188311650000060e+00 9.275731412500000106e-01
3.888538046499999901e+00 1.909632635119999922e+00 6.850576834359999978e+00 2.473152642907000143e+01 5.911190238389999685e+00
1.381102030939999992e+01 2.284166954947999884e+01 1.073106263198000043e+01 7.600379069059999715e+00 4.848000051829999713e+00
1.940521118419999969e+00 9.523468697500000468e-01 9.189254799999999612e-01 1.086813350417000024e+01 9.521726282200000391e-01
-5.444932752000000015e-02 3.957093834250000164e+00 1.492844487540000031e+01 3.885090463750000112e+00 4.957750015250000253e+00
4.906683486680000428e+00 4.929452215699999584e+00 1.689517673035999934e+01 1.879549344775000108e+01 3.941892774849999892e+00
1.483022641542000031e+01 1.287417301564000027e+01 9.803443144150000066e+00 2.634286574639999934e+00 8.958487419999999757e-01
9.796658709700000855e+00 9.843247802080000497e+00 2.075578114358999926e+01 3.956229207039999807e+01 2.087166686429999984e+01
4.935053908399999578e+00 9.513426471400000528e-01 9.234662103999999871e-01 4.856498979260000404e+00 -4.309159824000000083e-02
-6.104105081999999793e-02 2.954311747499999807e+00 2.927173635479999980e+00 2.868430951560000164e+00 -3.866554034999999945e-02
6.896685925599999933e+00 8.919795426480000344e+00 9.843042314799999914e+00 8.397555769900000300e-01 3.942801058630000188e+00
2.383953696528000066e+01 -1.264544589599999880e-01 1.076406875093000082e+01 3.672075192570999747e+01 7.912983096439999642e+00
2.175507910525000099e+01 1.681207911062000093e+01 2.761869489273999889e+01 2.641787515649999918e+00 1.087148922563000042e+01
7.898116752530000007e+00 4.919405735479999819e+00 1.384607882092999986e+01 1.184066848424999918e+01 9.944975248480000474e+00
4.927682270120000041e+00 1.942326282800000081e+00 -1.120913469899999931e-01 5.875514374019999764e+00 -4.082621049000000057e-02
1.851404024989999897e+00 7.915991512579999778e+00 9.850372618779999812e+00 2.778033714689999822e+00 2.947947708720000115e+00
1.682561321269999866e+01 8.986087198000000109e-01 -1.847106301499999992e-01 2.173087244074000068e+01 2.936072020080000122e+00
9.661375563400000033e+00 3.281101448550000299e+01 2.965574691065999957e+01 8.515749636449999826e+00 8.885652588359999271e+00
1.186982652810000083e+01 2.922822373799999873e+00 3.867239708050000058e+00 5.804633073839999824e+00 3.953750082160000012e+00
9.070765756299999927e-01 9.436514347000000136e-01 3.899156312200000141e+00 9.857492649999999301e+00 9.664506424000000040e-01
2.881848187650000170e+00 1.926660500479999927e+00 2.874363413430000236e+00 1.976516113070000102e+01 1.949850745400000029e+00
1.480216982496000000e+01 1.187803953605999929e+01 1.378195648880000057e+01 1.459850304507000018e+01 1.918349740100000034e+00
1.575685739464000079e+01 -1.570612939199999836e-01 1.172963659620000065e+01 4.249858702758999840e+01 5.890686350370000213e+00
1.191752191199999977e+01 2.949976476839999862e+00 9.908619195520000034e+00 4.836728377760000086e+00 1.965471846500000064e+00
1.917331399999999908e+00 4.945814032640000413e+00 6.903247482880000341e+00 8.824021927200000448e+00 9.626651884000000381e-01
1.187664490883999946e+01 6.897910755759999901e+00 7.821192447349999632e+00 3.792300438279999852e+00 1.935329065399999937e+00
2.580309163736000144e+01 1.839550093760000005e+00 3.570734404916999694e+01 2.868203914129999887e+01 1.189878885651000040e+01
3.272014996125000152e+01 3.076827462489999832e+01 2.757958266736000041e+01 1.354486552790000076e+01 1.285158656740000005e+01
-9.754662491999999130e-02 4.922476993040000082e+00 1.385775403943000050e+01 8.641465561900000258e-01 3.951624734500000180e+00
5.905682895300000013e+00 9.232786184500000326e-01 3.856355312799999879e+00 1.385789800639999925e+01 3.951663654999999942e+00
1.286219670879999910e+01 2.900102090879999928e+00 2.835314227110000029e+00 1.578053749030000041e+01 2.944689059279999910e+00
2.779882163039999909e+00 3.835531897600000129e+00 1.875280673853999858e+01 5.563947024334999725e+01 3.908198383509999818e+00
4.465967698368000072e+01 -2.329139447999999946e-01 1.364605179223999976e+01 4.449835527362999699e+01 3.875011637800000130e+00
8.900324070570000856e+00 4.926875623519999969e+00 8.884478339459999319e+00 1.084038769532000046e+01 9.602696166399999900e-01
1.904568325580000110e+00 4.931157280279999888e+00 8.943615625599999897e-01 1.784709031571999915e+01 -3.851386217999999695e-02
4.885992532400000421e+00 8.925576001199999610e+00 4.868772192409999811e+00 7.789453755650000311e+00 -6.971936165999999269e-02
1.983374369947999938e+01 7.889878076479999613e+00 6.801805036600000243e+00 1.670815691009000048e+01 5.894548818359999665e+00
1.071767613943999997e+01 2.781683287911999969e+01 3.067233372616000153e+01 1.353511492232000002e+01 1.817536743200000027e+00
4.944664601330000409e+00 2.962053666750000147e+00 9.929771578449999581e+00 1.886440734560000054e+00 1.963235541800000039e+00
9.331920747999999932e-01 9.569390570200000390e-01 2.921182850370000139e+00 6.897320350000000211e+00 1.958000276089999936e+00
1.866407211919999920e+00 9.926620135749999463e+00 3.886422162070000130e+00 1.076964472693999930e+01 5.946059013090000178e+00
1.780213904820000081e+01 8.889810877260000410e+00 5.834421175380000157e+00 4.658621284759999703e+00 2.922201766380000176e+00
7.723517062400000022e+00 1.884477664549000053e+01 4.175756467530000293e+01 2.652304763439000013e+01 1.189192629675000035e+01
2.923715653949999993e+00 2.957552056920000005e+00 9.332290820799999942e-01 8.596905590800000274e-01 1.969843080349999997e+00
2.912272525560000158e+00 -4.911618221999999867e-02 9.227941242399999577e-01 1.284757120381000028e+01 9.653502217599999602e-01
6.885612880540000091e+00 5.923580426880000083e+00 -1.258824369600000104e-01 5.803875064499999681e+00 9.315390608200000422e-01
3.850354065729999942e+00 1.090046236024999970e+01 1.383937986577999979e+01 8.751688611300000531e+00 3.916138005940000166e+00
6.746352357220000151e+00 2.825403202379999978e+00 5.720697569040000374e+00 5.357147579856000164e+01 7.846877755519999553e+00
9.194546440899999951e-01 2.944783489080000205e+00 7.911549615950000280e+00 5.878759669799999976e+00 1.953569333899999982e+00
3.938276384049999912e+00 -3.984841574999999775e-02 2.936530405560000112e+00 9.035238953799999972e-01 3.963392752269999875e+00
1.086706531909999995e+01 9.223328340999999986e-01 8.471033923599999849e-01 2.760385913399999946e+00 1.940013112339999957e+00
1.279942980879999936e+01 7.878409145540000047e+00 1.175828465352000052e+01 2.862903706507999857e+01 8.903997013139999694e+00
2.569598866160000128e+01 1.281920660761000086e+01 8.642802133800000064e+00 1.745603050805999956e+01 5.858021340239999653e+00
6.903156090579999571e+00 9.945100902160000089e+00 7.886692897279999670e+00 6.827261284869999614e+00 7.955353937239999951e+00
9.082217593000000422e-01 1.946274057559999937e+00 1.893197056340000017e+00 1.283896674148000017e+01 9.595362434499999926e-01
1.885759944139999922e+00 4.915556408929999677e+00 1.482477905282999942e+01 1.977362432902999956e+01 1.939466012420000052e+00
1.182176626350000070e+01 1.386800196259999929e+01 2.172956646720999885e+01 5.641020155669999703e+00 6.903773312200000234e+00
5.727567925049999786e+00 6.810697668579999586e+00 2.270620162759999872e+01 5.852663739481999983e+01 6.858387962440000152e+00
8.914753213739999183e+00 9.389610470800000552e-01 7.859122570070000258e+00 9.834619902400000058e+00 4.953575352199999671e+00
1.920073915819999977e+00 3.941143336120000118e+00 3.873086569929999889e+00 8.350245621999999868e-01 9.556426390600000209e-01
1.895624112799999983e+00 5.915767998749999812e+00 6.850392031240000179e+00 1.377815759041999932e+01 9.478455758199999526e-01
2.477835518748999988e+01 1.581923447728000021e+01 4.066760090263999672e+01 1.553055883000000037e+01 4.890828763760000086e+00
7.540554231999999635e-01 1.380724554658999992e+01 2.269321041506000114e+01 4.048308291074000209e+01 7.876989888649999827e+00
3.940035654639999940e+00 -4.725251559000000212e-02 5.920904151240000246e+00 6.883947127959999968e+00 1.971022476799999978e+00
4.917213984830000051e+00 9.368406955000000425e-01 3.887083912630000082e+00 2.828218749419999956e+00 9.599644718199999982e-01
2.899794226080000037e+00 -6.895696616999999473e-02 3.850911700510000202e+00 9.845599743999999376e+00 3.931565261079999818e+00
8.771319120059999364e+00 1.784316613949999919e+01 2.266481152508000108e+01 4.636048259839999908e+00 5.844762165929999753e+00
-2.467615865399999941e-01 8.833119613919999225e+00 4.461856149708000174e+01 2.056091688480000101e+01 2.833611421620000126e+00
9.437103913600000116e-01 9.609168600999999921e-01 5.919599668920000113e+00 8.915855510340000123e+00 3.962623470160000050e+00
4.919562023360000147e+00 1.944381868400000046e+00 -1.215834494399999910e-01 1.388081230861999948e+01 1.947091798730000045e+00
9.150645420999999891e-01 4.940847895100000109e+00 1.484219814575999941e+01 -1.465765429499999994e-01 1.931889975500000078e+00
1.375226705983999942e+01 1.082239352102000041e+01 7.520690859200000133e+00 3.358552675840000035e+01 8.801047497060000779e+00
1.080211467368000022e+01 1.286375755449999936e+01 3.363080896681000098e+01 4.687650202460000415e+00 6.845629645959999898e+00
3.944791167880000060e+00 9.586943788599999738e-01 1.588672051260999929e+01 6.906140793159999625e+00 1.956338428250000039e+00
-8.550552779999999464e-02 1.937740929500000098e+00 1.481452661309999996e+01 7.853804979200000425e+00 6.932760211149999741e+00
7.890412589000000310e+00 9.196542337599999950e-01 1.176322065905999992e+01 1.084632452552000004e+01 3.931167329950000067e+00
1.670521387148000159e+01 2.877730539184999969e+01 4.936904004776000221e+01 1.457660286285000062e+01 1.982119820240000152e+01
9.802743160780000409e+00 6.843613676650000421e+00 4.757658881745000201e+01 1.773522326826000040e+01 1.188349772267999960e+01
1.087293569204000043e+01 -9.721912895999999804e-02 2.169589539172000059e+01 1.582004806071999958e+01 4.922825187739999997e+00
-9.184026239999999730e-02 9.934230592000000470e+00 1.480889324778000038e+01 8.686289350000000464e-01 9.487791299800000244e-01
3.918643092940000017e+00 8.942980429080000349e+00 2.585487093515000012e+01 -1.370118207599999860e-01 2.963377333920000023e+00
3.254831506032000021e+01 1.072149330655999933e+01 5.393880849120000320e+00 3.935814272329000119e+01 1.818894633680000039e+00
5.836493908679999620e+00 1.289366597991999974e+01 1.875661818220000043e+01 1.746221246569999996e+00 1.925192501840000014e+00
4.935759893060000181e+00 9.956188133559999542e+00 8.901650885400000490e+00 8.876363075200000008e-01 2.968631935949999967e+00
8.905285121499999512e-01 4.927251008299999846e+00 2.185330328463999905e+01 4.826184203569999553e+00 3.951195914829999989e+00
2.930647048320000003e+00 1.946749789999999924e+00 6.853597580319999771e+00 4.906827618080000342e+00 9.586534528000000277e-01
3.658440845781999684e+01 4.266502628848000001e+01 1.210433993231000045e+02 2.837345546710999855e+01 2.973468313920000128e+01
1.388636191670000031e+01 4.911135345499999971e+00 8.751480747480000488e+00 1.483482736931999924e+01 5.933449560839999748e+00
1.191808536095999926e+01 -6.385677605999999507e-02 4.819714347199999693e+00 1.288829970399999958e+01 9.523554857199999502e-01
1.187336031024000071e+01 -9.361653245999999873e-02 2.372952566832000088e+01 1.683911969053999869e+01 1.923404511079999990e+00
2.924940313200000030e+00 1.914289247359999946e+00 1.680068324005999969e+01 8.815817721699999998e-01 3.950413857400000062e+00
5.705142519389999833e+00 4.468361897826000018e+01 4.120399469400000214e+01 3.660278831200000127e+01 5.804195797770000276e+00
4.896728853980000018e+00 9.885842240949999749e+00 6.711086539960000152e+00 1.882747075977999884e+01 -7.183036260000000284e-02
5.888835936959999628e+00 7.875919135880000255e+00 1.170406602695999965e+01 1.481464728203999925e+01 3.924912462160000004e+00
1.193412730080000017e+01 1.928995147279999989e+00 1.482479819069999927e+01 4.898470323199999754e+00 4.956541050560000272e+00
1.926407980550000065e+00 -6.960153500999999299e-02 1.284771003700000058e+01 4.896151857769999616e+00 2.964274311720000110e+00
1.862756723260000058e+01 5.365751639049000232e+01 3.719889241408999681e+01 2.744799768297999876e+01 1.081353123082999979e+01
9.899904492999999306e+00 3.902370254500000080e+00 -2.133905326199999897e-01 1.384720622266999968e+01 -4.811099490000000228e-02
3.917623573479999788e+00 5.920421588880000030e+00 6.822228611499999928e+00 5.882165473559999747e+00 9.600644468800000331e-01
4.908804196280000198e+00 -8.313983936999999602e-02 9.813638022850000198e+00 1.185487360896000020e+01 9.550925875000000342e-01
2.939347912800000184e+00 1.936420702399999971e+00 8.875480348350000881e+00 1.913705548400000067e+00 -3.103512974999999771e-02
3.166718958463999911e+01 3.562678654649999999e+01 3.127503553340000053e+01 5.248416315104000063e+01 5.823138499079999697e+00
1.928999579599999903e+00 4.918677012499999890e+00 5.846049326400000190e+00 4.889635730960000259e+00 9.616587544900000450e-01
4.940917417399999678e+00 1.937819203040000104e+00 1.876593538639999892e+00 4.912268135359999732e+00 -3.007031039999999780e-02
9.152194343499999718e-01 1.908249398119999940e+00 2.082169978761000095e+01 4.881716173040000051e+00 3.955699821820000128e+00
4.923615132140000128e+00 -8.765124209999999860e-02 1.083477759320000011e+01 1.789745017679999961e+01 2.958555246780000036e+00
7.634397696109999742e+00 5.556207025999999871e+01 7.415788665818999448e+01 1.548284876079999961e+01 1.579409238508000080e+01
5.896765799699999810e+00 4.880441560280000424e+00 3.777287219499999793e+00 1.384694043656000062e+01 -5.649302231999999563e-02
1.191881330634000058e+01 5.902168603379999823e+00 8.122624039000000407e-01 9.884864651139999125e+00 9.543102603399999939e-01
1.488714608985000076e+01 1.869458073679999943e+00 1.175506821075000019e+01 1.984129282010000139e+01 -6.376005719999999766e-02
9.279236971000000000e-01 9.312935287600000445e-01 1.584964910086000067e+01 -1.043219412000000040e-01 1.965533531239999965e+00
4.261595402526999976e+01 2.965905486884999931e+01 3.513917052926999673e+01 4.137351807120000302e+01 8.797742412750000796e+00
4.916043312080000227e+00 -7.951731686999999327e-02 6.827916881860000231e+00 1.288056981649000043e+01 -3.876592284000000138e-02
2.939712978180000214e+00 -5.469563960999999919e-02 2.873993046599999879e+00 1.930542622309999956e+00 -3.055215105000000028e-02
6.883021773160000301e+00 2.893533012749999855e+00 2.076304187099999865e+01 1.380732040112000014e+01 3.944506087570000208e+00
7.896837086179999687e+00 1.897678930519999918e+00 1.980888981418999961e+01 1.784307852909000047e+01 9.542059355799999976e-01
6.447775031300000137e+01 6.754223754068000574e+01 9.901809175761999882e+01 3.522068744535000206e+01 2.178330308949999861e+01
3.900591081399999993e+00 9.043135238799999698e-01 2.817714068399999938e+00 1.586066725060000060e+01 -4.034635271999999911e-02
1.936760715289999935e+00 9.395230639599999600e-01 1.884287650879999942e+00 3.908308890999999896e+00 -2.750271974999999799e-02
1.787345153405999909e+01 -1.199467439999999940e-01 1.778176592091000074e+01 1.881594626527000003e+01 9.486885185200000237e-01
7.892997807679999589e+00 5.898255909719999579e+00 1.880794130499999994e+01 1.086718125926000056e+01 2.954532768149999988e+00
2.166435909634000012e+01 7.063610318108000286e+01 6.312876654016000089e+01 6.356083805349999949e+00 1.679310493514000058e+01
8.901306341370000652e+00 2.901865946880000102e+00 8.086938905799999633e-01 1.684214370080000123e+01 -4.542713117999999661e-02
9.480589638399999908e-01 9.525695881600000359e-01 -9.500674355999999543e-02 3.933261177519999929e+00 9.779111460999999617e-01
1.388085470887999939e+01 1.889227720999999915e+00 1.778759813879999996e+01 2.783384703441999974e+01 2.945460995759999978e+00
9.300937437999999835e-01 9.243106969600000111e-01 1.684178917999999925e+01 2.893960051230000108e+00 2.960303289960000139e+00
2.754902335995999962e+01 6.055343390392000202e+01 9.600176059755999347e+01 3.538733891084999783e+01 2.376294506789999872e+01
5.914441999590000165e+00 9.101973039399999799e-01 1.981219495195999869e+01 1.586795906985999949e+01 2.952913099439999911e+00
2.943430124879999887e+00 9.412439899600000270e-01 5.870521313700000299e+00 5.922276906839999633e+00 9.693288607600000217e-01
9.888203634759999971e+00 3.879869047420000161e+00 1.874406112317999984e+01 1.083233986579999986e+01 4.935423106400000037e+00
1.926351594020000002e+00 1.188531187319999916e+01 9.825553810540000654e+00 8.945950369599999785e-01 6.958794509439999665e+00
3.659390707915000007e+01 1.439649150828000046e+01 6.202626495002999718e+01 8.340342630627000631e+01 1.477468312781999948e+01
1.089960289759999945e+01 5.840872551600000406e+00 2.761199815169999905e+00 1.185213257544000065e+01 -6.153973784999999808e-02
1.091459175886999944e+01 6.870418179639999678e+00 2.798423173199999781e+00 1.687001413867999844e+01 1.949322503899999948e+00
1.909151077159999987e+00 6.861477214959999849e+00 9.786996969760000553e+00 3.866957056119999958e+00 1.949056467499999945e+00
2.933253292169999860e+00 5.916144208919999592e+00 8.704281782799999645e-01 4.903591378099999787e+00 2.968534768350000075e+00
1.959366602072000063e+01 6.741934259161999421e+01 6.604977551349999487e+01 3.427651204675999708e+01 1.775556966798000147e+01
6.909875690199999809e+00 -1.132270479899999960e-01 1.581633569787999960e+01 1.385840620849999993e+01 9.544223756799999903e-01
1.951186056320000084e+00 1.937525062880000037e+00 4.897704421220000270e+00 3.925832045439999973e+00 -2.417253192000000037e-02
6.915585056200000302e+00 3.901021928500000069e+00 9.838405965519999796e+00 7.875613799899999989e+00 1.960039403299999927e+00
5.942431049819999700e+00 3.909204750999999867e+00 1.287588484858000015e+01 1.915760526499999949e+00 -3.225517199999999862e-02
2.862554702779999971e+01 6.840872141154000019e+01 2.517975380374999972e+01 2.043827602572000046e+01 1.979404688252000000e+01
9.253803116800000117e-01 8.817268188700000398e-01 5.841141452159999581e+00 1.088823448117999959e+01 3.958317840639999918e+00
9.497053107099999725e-01 2.919796084200000141e+00 2.895484144800000159e+00 3.928141376500000170e+00 -2.976795360000000085e-02
5.903536123140000313e+00 5.863275758400000370e+00 1.481058503322000064e+01 1.486435570547999951e+01 1.950432754699999993e+00
5.910646756740000285e+00 3.895638969819999797e+00 9.824112622090000357e+00 2.187753787471000066e+01 1.957618819549999944e+00
9.845923440474000188e+01 1.339657848527000006e+01 8.190835950080000316e+01 1.232015496693099976e+02 4.733940490700000225e+00
9.047525009500000381e-01 7.897135814180000324e+00 9.816513402160000012e+00 3.862422115599999817e+00 1.955993574799999912e+00
-5.300298989999999849e-02 2.942406698790000164e+00 3.895119968799999999e+00 1.927750527199999953e+00 9.747867768400000354e-01
3.891026143749999999e+00 6.882279228339999833e+00 6.795375313300000109e+00 1.285631295790000017e+01 2.950573090439999824e+00
7.936892916199999704e+00 2.934105288240000053e+00 1.857870560360000090e+00 2.910206855459999797e+00 -3.496842414000000260e-02
6.603841960000000455e+00 5.859561890965999709e+01 7.694417060844000389e+01 3.235255975860000177e+01 1.774143453374999879e+01
7.911024893899999633e+00 1.901796077900000048e+00 2.278725002995999915e+01 1.685959075817000041e+01 4.948095564499999988e+00
9.532141651000000104e-01 9.544770045099999489e-01 7.898891698159999919e+00 4.935081589340000185e+00 9.731758763800000267e-01
1.092297545569999961e+01 1.915094925200000020e+00 4.820859730939999643e+00 8.884238734980000274e+00 -4.416490007999999967e-02
2.921616708240000193e+00 4.885998050120000435e+00 1.981598747239999980e+01 1.888858257319999900e+00 3.951106909599999994e+00
2.160016340980000038e+01 5.747391253218999907e+01 3.620579430339999760e+01 2.247906451208000078e+01 1.377136529086999950e+01
-1.318832539199999987e-01 2.783446862031999913e+01 2.669659798572000042e+01 -1.825387974000000080e-01 1.292016111799000022e+01
-1.213819765200000039e-01 2.282645483833999833e+01 3.070294061134000074e+01 1.827281672570000071e+00 1.292131295419000026e+01
4.910051144299999670e+00 2.874512127000000028e+00 1.379917237783999973e+01 5.872350500249999605e+00 3.940448515689999986e+00
4.922479434379999574e+00 8.903369514239999560e+00 1.083780292780999943e+01 6.898932607209999901e+00 3.960239079639999993e+00
2.068829539500000081e+01 2.682482402459999804e+00 7.133131800431999636e+01 4.856652474159999855e+01 1.283580308560000027e+01
5.896864899959999740e+00 7.871803930879999633e+00 1.782490522610000072e+00 9.858654614440000685e+00 1.945772657030000019e+00
8.922792155130000680e+00 4.900112253139999652e+00 2.849183127299999896e+00 3.893382696999999837e+00 -4.325100947999999806e-02
3.893404534600000133e+00 2.086533457590000040e+01 6.761431495420000104e+00 8.848202411700000880e+00 2.941395080069999945e+00
9.311382606700000508e-01 2.914022653680000019e+00 7.867718090000000331e+00 4.891962174079999670e+00 2.966812809599999934e+00
2.849177699066000002e+01 8.140699046340999701e+01 1.420962813232999906e+02 1.732153854707999940e+01 3.075824922736000033e+01
3.911865482740000122e+00 4.882145332100000346e+00 1.682769171968000066e+01 1.088591007844999936e+01 4.956933391879999817e+00
-5.703603254999999733e-02 1.922987662399999964e+00 1.088364627019999986e+01 6.904547453500000209e+00 9.711668520099999702e-01
6.885005369199999947e+00 2.851322955330000131e+00 2.277292372924999952e+01 1.183944823787999923e+01 1.941941286560000091e+00
1.922355898850000022e+00 4.880447518639999593e+00 1.581657635050000010e+01 7.893996673760000249e+00 3.946410383799999977e+00
9.616567354840000803e+00 7.439252762099999927e+01 2.605024507211999918e+01 2.745043681330000140e+01 2.573885261419999892e+01
7.853826079700000129e+00 1.676883739994000067e+01 1.066112655887000038e+01 8.803508365349999920e+00 7.905574676059999639e+00
4.897531439239999784e+00 9.843784636060000537e+00 9.762612068799999321e+00 1.486529286008999939e+01 8.933540399099999973e+00
9.916258793140000805e+00 -1.266962828400000074e-01 1.580544710845000012e+01 9.884850975100000881e+00 2.944258286699999783e+00
1.291696638564999944e+01 8.790116089599999682e-01 6.837988833339999850e+00 1.188428276820000029e+01 -4.357921176000000008e-02
3.154612080676999852e+01 7.535033732920000205e+01 7.912067511319999369e+01 9.357167427400000292e+00 2.777056032826000020e+01
7.882807765489999952e+00 9.811949193909999423e+00 -2.201400017999999847e-01 8.841660537419999244e+00 4.941172246639999877e+00
1.930988763019999999e+00 3.902176144479999831e+00 8.739573215500000547e-01 1.904715867079999958e+00 1.966173777110000076e+00
2.087074452945000047e+01 -1.628610380999999940e-01 1.275614799583000014e+01 2.382364525127999855e+01 -6.722229527999999676e-02
6.925492747779999902e+00 4.905606047360000055e+00 1.183036060487999919e+01 2.898224980680000229e+00 1.958075581789999964e+00
4.161949301895000275e+01 3.254530703540999781e+01 1.210978277427999927e+01 8.448745339696000656e+01 1.783188637309999880e+00
7.887070606760000047e+00 1.785969837314999964e+01 1.273362335382999966e+01 1.083512815471999957e+01 1.936096746950000114e+00
2.904267136800000149e+00 1.187251580909999937e+01 2.076467897010000030e+01 8.677838036799999655e-01 6.941731773579999931e+00
-8.174502504000000225e-02 5.893132078139999841e+00 1.679244613055000102e+01 3.882319241529999854e+00 8.952372918540000057e+00
3.914203727559999901e+00 7.883845960310000400e+00 8.816755080240000098e+00 9.879523971219999368e+00 4.955112959000000039e+00
3.860597350740000167e+01 5.350183973325000153e+01 2.608026739487999990e+01 3.144690383792000077e+01 1.378038860096000029e+01
1.087425846740000068e+01 3.843255474399999816e+00 1.272829022716000047e+01 2.183058510609999914e+01 9.310648268800000293e-01
8.907217718940000140e+00 8.793816137200000105e-01 2.081220515472000088e+01 1.986949822861999948e+01 1.947994468399999901e+00
3.902025926739999928e+00 7.878711473180000091e+00 2.580010388918000075e+01 8.732459317599999826e-01 6.950732456319999919e+00
9.306981576999999728e-01 2.897705185049999965e+00 8.871192698399999799e+00 2.908107119999999934e+00 1.962760517300000007e+00
7.450961542464000331e+01 4.632264851600000100e+01 4.412972246327999670e+01 5.244219569509999701e+01 7.752888789920000079e+00
3.888743687679999894e+00 2.824225331160000074e+00 6.778165265980000243e+00 2.284597444999999993e+01 9.382832812000000411e-01
1.944330984200000056e+00 -7.720131221999999849e-02 6.897915927609999720e+00 2.924524459200000148e+00 9.706753140399999591e-01
-1.010167200000000043e-01 2.483002727448999991e+01 2.079682416840000059e+01 5.862547108320000255e+00 1.946111380400000090e+00
5.917542006479999728e+00 9.109769305599999534e-01 1.281849148048000053e+01 1.088797164104000004e+01 2.956533083400000095e+00
1.760748064199999874e+01 6.350807065419999731e+01 6.207532512966000127e+01 1.841419527328000072e+01 1.577905992880000063e+01
9.879672509020000604e+00 2.879303407410000126e+00 3.748971571599999830e+00 1.383388853395999973e+01 9.400272160600000593e-01
5.929973521980000051e+00 1.926067245140000050e+00 1.844249266639999885e+00 6.900296497360000281e+00 -3.833641872000000117e-02
1.087460474240000075e+01 2.869541850360000090e+00 1.573289695150000078e+01 1.883112330249999999e+01 3.933736372119999825e+00
7.918042126399999603e+00 9.168250568500000419e-01 1.082498091859999967e+01 1.189085656944000036e+01 2.958618825299999866e+00
1.755767975300999950e+01 6.354127591408000342e+01 8.414774900679999803e+01 1.246046339425000049e+01 1.679958333944000159e+01
3.888402089620000002e+00 1.088438596706000006e+01 7.548593692599999683e-01 1.984451073706999935e+01 -5.794117919999999811e-02
3.908218051119999981e+00 2.901271785150000060e+00 2.796135101399999989e+00 1.387007702708000068e+01 -4.587917760000000122e-02
1.588007663341000075e+01 1.874763964100000013e+00 2.275381862132000066e+01 2.682752002883999864e+01 2.938778463359999815e+00
2.934349781069999885e+00 1.932515391079999922e+00 8.860300505279999683e+00 5.907895366560000028e+00 1.964152503920000070e+00
3.352692410889999763e+01 4.450468099049999893e+01 1.510657410590000040e+02 2.839695528512000067e+01 3.276559992794999943e+01
7.908384951620000436e+00 9.074988035200000080e-01 8.799711092640000842e+00 1.586707576000000053e+01 9.501602674600000409e-01
6.945076950459999843e+00 9.455893062400000382e-01 6.886535705440000044e+00 9.269452713700000457e-01 9.713724551200000334e-01
2.907358914900000091e+00 9.073029698200000270e-01 1.082333238392000041e+01 1.687205847823999960e+01 1.953271977230000012e+00
1.919340387919999946e+00 1.386773343950000026e+01 9.833447190879999411e+00 -1.103920609499999955e-01 4.952776894700000376e+00
4.560379066350999722e+01 1.040455002656000083e+01 4.117546264082999841e+01 6.147058814233999868e+01 7.678239101199999528e-01
6.862525432720000040e+00 1.282528711722999937e+01 1.730755701919999945e+00 1.081126923050000066e+01 1.092554927119999952e+01
5.925747488729999901e+00 1.088615360090000017e+01 2.842660122779999909e+00 8.940030938199999833e-01 9.557419993300000360e-01
8.885627271999999577e-01 2.483033306892999903e+01 1.176230803692000038e+01 8.504288829999999688e-01 5.936659571399999891e+00
9.185455008999999782e-01 9.929423925640000093e+00 1.685662797175999827e+01 1.904259302480000082e+00 2.967808383840000008e+00
4.362657050330000175e+01 3.359031164224000321e+01 1.422249390492000032e+01 5.239280219479999801e+01 3.820046064880000092e+00
6.850615732989999707e+00 3.086951559745000040e+01 3.175012893605000031e+01 2.781313474350000092e+00 1.094091960925999985e+01
-7.109194553999999278e-02 3.938635052860000041e+00 8.887346528400000167e+00 -9.895342967999999628e-02 1.971106405760000069e+00
8.832557400399999592e-01 7.901988736399999880e+00 1.480762216743000081e+01 9.829324762300000629e+00 2.953383101130000021e+00
8.912623357619999354e+00 6.896355935649999935e+00 1.381800484625000003e+01 5.888268823559999809e+00 9.620694568900000077e-01
1.055046805003999921e+01 5.044418129993999855e+01 5.310663300504000262e+01 5.840080296979999730e+01 2.078511102731999927e+01
1.182358167762000001e+01 -2.026589260499999934e-01 1.069447282678999933e+01 2.478418439461000133e+01 -7.460494874999999693e-02
8.916563520000000409e+00 9.034009074100000092e-01 5.857756211039999883e+00 1.189450974638999980e+01 -3.535206768000000166e-02
5.882824415039999977e+00 9.862596460000000675e+00 5.787127230720000348e+00 1.865908031600000072e+00 1.949779319599999949e+00
1.092075576410000082e+01 5.926576138169999730e+00 2.852229457920000044e+00 1.087519653002000020e+01 1.961266059199999967e+00
1.157000339028000013e+01 4.464989164421999845e+01 8.127575458660000152e+01 1.439385247819999991e+00 1.481763076476000052e+01
6.872198069590000458e+00 8.884026495540000568e+00 8.766823790160000129e+00 6.828013396600000284e+00 9.428853942099999497e-01
1.946393252300000043e+00 9.538628147200000074e-01 9.052873544799999728e-01 4.912758839840000391e+00 -2.259878292000000108e-02
1.289281903744000068e+01 1.901670070250000011e+00 1.080561832625000029e+01 1.185397267107000019e+01 9.517495700800000513e-01
3.904073577580000176e+00 -6.885689471999999201e-02 2.835349595759999897e+00 1.287066772848999996e+01 9.587575701999999644e-01
1.053577230103999973e+01 5.363694792846000325e+01 4.919081433512000245e+01 2.336382832713000113e+01 9.798773287599999549e+00
1.824600085759999990e+00 1.687141353436999935e+01 1.270584953274999940e+01 9.767085614559999129e+00 3.926581911039999984e+00
-5.714109765000000007e-02 9.589519612900000434e-01 7.900683781039999687e+00 1.917333761150000093e+00 1.976324121200000006e+00
7.887279447440000091e+00 -8.464507694999999499e-02 9.802475984710000034e+00 1.884567078747999957e+01 -4.979205836999999607e-02
8.895430321919999272e+00 8.961800044600000126e-01 1.081021886461999948e+01 1.088389271674999925e+01 9.590360174199999976e-01
4.166422269504000298e+01 6.061235496820000179e+01 4.220006435205999651e+01 2.146705886218000003e+01 1.282563434074000064e+01
1.779370425252000132e+01 9.793078695189999294e+00 4.626061317050000454e+00 2.575630094974999906e+01 1.915453556749999953e+00
5.892667583639999762e+00 1.895295146690000099e+00 1.080589306124000082e+01 1.586979725227000060e+01 -4.242174929999999872e-02
4.884569984479999682e+00 1.884131719400000016e+00 1.678664811410000013e+01 9.850384010619999131e+00 1.952621176250000090e+00
4.914449812039999976e+00 3.899405338599999826e+00 7.798173856820000083e+00 1.787923714697999955e+01 1.950609958400000066e+00
1.865330442288999890e+01 4.162946194895999952e+01 8.012919975327000088e+01 1.452576252192000084e+01 1.578986116135000017e+01
8.425060964199999614e-01 1.681337991391999864e+01 1.861465040559999906e+01 5.788122317340000045e+00 7.905290045300000124e+00
3.913487645440000051e+00 2.900760377070000118e+00 1.792890377480000019e+00 7.880263264699999937e+00 -5.131733129999999782e-02
1.290428168440000078e+01 6.883699858990000031e+00 7.760826676519999801e+00 1.586439117699999990e+01 -5.968909035000000141e-02
1.690247609396000072e+01 4.900301409199999902e+00 9.822419143750000359e+00 1.586260240540000055e+01 -4.887362448000000248e-02
1.965858790465999917e+01 4.664505039571999845e+01 7.336985170744999607e+01 7.537953805999999979e+00 1.682618657848999888e+01
2.280649945234999976e+01 1.881069716800000080e+01 3.863961717168000121e+01 2.173214454736000079e+01 4.903966480190000254e+00
1.290857682280000063e+01 -9.146656079999999911e-02 1.083326899412000088e+01 1.587165403632999983e+01 -4.623143687999999724e-02
2.896525775639999800e+00 5.893043829449999826e+00 2.781038871351999830e+01 1.085312428760000003e+01 2.948608957079999815e+00
1.891348752880000106e+01 6.890272183599999600e+00 3.838769504860000126e+00 1.686571734464000016e+01 9.543103048900000163e-01
1.360067263736000065e+01 4.753809018407999787e+01 5.031045140234999735e+01 1.142706111240000055e+01 2.581317407023999877e+01
1.282523928916000067e+01 5.776204989840000081e+00 6.829596617500000022e-01 2.174153813355999887e+01 4.914641550379999835e+00
1.934688358640000105e+00 -8.313849882000000358e-02 2.882701197839999896e+00 8.891683794900000493e+00 -3.311001846000000137e-02
1.088375968639999947e+01 6.855025930270000067e+00 1.379408083528999995e+01 1.182151510355999946e+01 2.943640264799999962e+00
5.898002276039999714e+00 9.174576765699999914e-01 1.583643403105000047e+01 9.865346226130000673e+00 3.957431692540000157e+00
2.063853541019999938e+01 4.962407453608999930e+01 9.126342986231000509e+01 7.420726730960000239e+00 2.180707815927999960e+01
1.879782768225999945e+01 1.183300078124999999e+01 4.366061332585999821e+01 2.072602866504000119e+01 7.908951508550000398e+00
1.938205442629999942e+00 -5.129733320999999707e-02 3.898478105680000194e+00 1.921000045520000032e+00 -2.512497770999999949e-02
2.873120086920000205e+00 2.894676461400000012e+00 1.279042993929999916e+01 9.846108114579999793e+00 9.459065864800000334e-01
