1.952330876300000018e+00 3.896614799500000004e+00 8.840895501329999462e+00 1.183766151476999973e+01 -3.672488646000000162e-02
5.649964493999999782e+00 6.526151924321999331e+01 9.182975391749999972e+01 6.978521731975999387e+01 1.371845243857999996e+01
6.828049234239999876e+00 2.263190934937999899e+01 2.946367876944000130e+01 6.740366383552999707e+01 6.867385990809999896e+00
-4.824787842000000104e-02 3.905725357120000130e+00 9.853053807880000292e+00 1.584206551798000007e+01 2.965383422850000006e+00
7.965706949000000314e+00 9.317545370199999955e-01 8.894382780699999769e-01 2.881339079159999983e+00 -2.732540832000000114e-02
4.915369515200000095e+00 1.080785827352000084e+01 4.754015789700000028e+01 8.833450341780000770e+00 9.877702899250000002e+00
-2.366093211299999943e-01 5.047823930999999931e+01 9.585393163179999476e+01 4.594859474719999781e+00 2.864897650784000049e+01
8.418610431999999921e-01 2.761327467082000098e+01 6.813474177893999695e+01 1.471694437572000069e+01 8.769451222800000778e+00
7.900937587249999616e+00 1.576862151063999917e+01 3.651922408635999773e+01 1.583269635895000071e+01 1.085960835056000029e+01
2.971895825279999848e+00 -6.276319181999999441e-02 1.840462675399999970e+00 4.950860270269999752e+00 -4.428710396999999827e-02
6.900100690390000402e+00 1.940630085290000029e+00 8.428286319400000171e-01 8.866732068899999319e+00 9.574718426199999577e-01
6.032031458928999967e+01 3.767824198927999646e+01 1.060288744638500020e+02 4.924085418058999863e+01 2.776050272835999877e+01
2.263861299766999835e+01 1.082548090891999948e+01 3.551548186961999676e+01 2.656742751819000148e+01 2.867480150880000078e+00
3.071602915996000149e+01 4.856609600149999650e+00 1.458774690927000073e+01 2.266618690346000164e+01 1.895812084639999950e+00
1.378775676272000084e+01 5.884401128640000422e+00 3.365791688608000243e+01 2.472933014403999863e+01 4.914734216000000266e+00
1.940750302250000114e+00 7.863432300620000426e+00 2.182125341848000133e+01 1.384560539375000054e+01 4.948698883279999627e+00
2.772552758203000067e+01 5.942424935211000303e+01 7.609560404666000011e+01 2.637179382744000122e+01 1.578715867492000058e+01
2.907057295200000002e+00 1.278979612644999975e+01 1.271762971401999920e+01 1.977185522179999921e+01 1.922098873699999988e+00
5.930078538480000105e+00 6.835031350000000394e+00 7.758478144699999746e+00 1.383849805198999938e+01 1.942556367349999924e+00
3.972343492029999812e+00 -5.829821261999999782e-02 1.091383980994999980e+01 4.931929841269999670e+00 -2.164624802999999889e-02
1.279259265712000015e+01 3.886147981120000150e+00 8.750767186079999149e+00 9.789687975250000562e+00 2.938136969279999899e+00
2.444691770106999940e+01 4.568831810659000325e+01 5.232877502552000237e+01 2.041886128799999867e+01 1.683747816317000101e+01
1.878395969817999855e+01 1.879241951900000096e+00 8.738277292259999385e+00 1.578237062398000035e+01 9.377301516399999537e-01
6.902526462189999990e+00 1.931083729850000097e+00 8.503987914999999731e-01 9.874478284389999416e+00 9.625815696699999702e-01
3.166889883368000014e+01 1.480059737196000036e+01 3.359118373764999887e+01 2.464570603563999995e+01 5.903554887600000356e+00
9.784415538639999355e+00 2.870143907160000118e+00 6.876864431799999622e+00 1.581254765997999989e+01 -4.640265791999999972e-02
4.250746651974999679e+01 4.571034885027999906e+01 3.571326087479999956e+01 1.955370379105999845e+01 1.089385104223999967e+01
-1.094068360800000000e-01 3.934686978399999813e+00 2.934019723890000098e+00 4.898649219800000232e+00 3.977409343000000153e+00
1.179214330799999999e+01 3.859822030180000141e+00 1.875603658700000009e+00 1.580558341120000065e+01 9.527114304999999561e-01
1.972981895311999878e+01 8.825965538400000199e+00 8.420502470499999781e-01 1.474210060889999951e+01 2.941785601319999888e+00
1.482790529400000068e+01 2.912368828890000039e+00 -9.031195035000000315e-02 1.385961266624000032e+01 -3.130148771999999996e-02
5.132161227003999926e+01 3.466071368000000064e+01 5.666186093483999997e+01 3.036112021443999964e+01 6.873297100270000293e+00
-1.002863187000000017e-01 1.947255323959999895e+00 5.948803154580000196e+00 5.888794238160000027e+00 1.982112646880000106e+00
1.890049022119999922e+00 -5.255153234999999923e-02 9.461630470599999843e-01 6.895049003079999572e+00 1.980001415899999895e+00
1.573300416310000038e+01 6.881269913259999704e+00 -1.163509182899999939e-01 1.276274726103999946e+01 5.953021971540000123e+00
-2.855875239000000079e-02 -3.071866679999999891e-02 8.797970497600000606e-01 -5.943711230999999817e-02 -2.852964828000000008e-02
2.841296487680000027e+01 6.439239140329999600e+01 2.495112005610000097e+02 8.383780780258000220e+01 8.041904960652000511e+01
3.885093401619999831e+00 6.873610256800000151e+00 3.051633903861999997e+01 1.974766252817000023e+01 2.888126260319999972e+00
4.910692753400000221e+00 3.904967802999999904e+00 1.862357488840000030e+01 1.080378227899999999e+01 2.909800263000000164e+00
3.938591683839999913e+00 9.347752060299999721e-01 1.377154980481999935e+01 9.884755743399999517e+00 3.940433636799999917e+00
1.579879078359999944e+01 9.780557513499999800e+00 4.828108207909999727e+00 1.277525768835999997e+01 2.929276640099999884e+00
2.569983174709999929e+01 3.370865049735999719e+01 4.772489206494000058e+01 2.263298751283999977e+01 4.894935366560000389e+00
5.914324903559999846e+00 9.125650716400000029e-01 6.931051261000000352e+00 6.904874316039999904e+00 1.973820586970000068e+00
1.083337380649999915e+01 6.834027941439999587e+00 7.876664679320000140e+00 1.981811310923000136e+01 9.517241944000000009e-01
8.838931080420000086e+00 7.839052497800000019e+00 4.873212062420000379e+00 4.820684085679999953e+00 3.951639504040000084e+00
-4.767197408999999941e-02 5.886571580340000054e+00 7.851926504959999775e+00 1.928959358239999977e+00 2.959920435359999935e+00
2.666853998099999856e+01 7.537562214339999400e+01 4.210154862126999831e+01 1.755697716630000116e+01 9.754650267760000659e+00
2.931284744310000079e+00 4.839216939950000018e+00 1.080676547983999924e+01 9.897308078500000050e+00 9.497646699399999726e-01
1.938512648899999968e+00 5.867787102000000310e+00 9.825964248880000085e+00 5.913156961320000349e+00 9.523123969600000294e-01
9.489425021199999755e-01 3.887296716639999872e+00 1.086129492607999936e+01 5.919577734119999768e+00 1.959517568899999951e+00
1.948265039180000047e+00 7.860810285260000363e+00 2.483742356512000171e+01 5.878579702379999716e+00 5.930214263699999933e+00
2.464893401200000156e+01 1.010430607641600034e+02 6.084205427941999744e+01 5.514226557085999758e+01 3.452017232960000115e+01
8.908138343879999255e+00 7.758434078269999645e+00 6.718396994079999907e+00 1.978216507189999973e+01 1.088117097499999986e+01
9.925639670440000728e+00 6.826988667220000195e+00 1.976667850369999968e+01 2.982278858232000118e+01 6.900005752720000274e+00
-2.534693471999999864e-02 4.922119204700000417e+00 8.912484615149999456e+00 4.935096036500000061e+00 -3.695730947999999877e-02
1.080925309028000036e+01 2.913439989900000082e+00 1.480884766988999957e+01 2.176388976280000165e+01 3.965375509149999811e+00
4.536953465644000261e+01 5.171705670976000135e+01 6.638461959990999617e+01 4.122729615840000150e+01 1.588095588436000050e+01
1.086789082411999985e+01 4.927551452690000389e+00 8.292652394499999691e-01 7.809931719619999768e+00 9.724898857599999502e-01
3.874116419319999949e+00 1.942762516399999972e+00 1.876719609470000050e+00 5.847048944159999984e+00 -2.228635295999999849e-02
1.974076586660000032e+01 4.889725226240000389e+00 7.755668141300000151e+00 2.768200249203999874e+01 9.525732428800000040e-01
4.940605551200000001e+00 2.910562769459999810e+00 8.806468734719999247e+00 5.924575832640000428e+00 3.953338790080000109e+00
4.050393238849999733e+01 1.013974984225200018e+02 1.254435589990000040e+02 2.447454021172000083e+01 2.866579753322000101e+01
1.083552335371999931e+01 2.376095252784000067e+01 5.044316273951999818e+01 1.379141659543999943e+01 7.869657780799999891e+00
1.086329492057000046e+01 1.984918778480000157e+01 3.156026614700000010e+01 1.383565541531000065e+01 6.898299854650000285e+00
6.872324397999999945e+00 1.279028358202000071e+01 3.157132396244000105e+01 1.384700111771000053e+01 8.901581513760000064e+00
-4.972233356999999909e-02 8.820305317529999911e+00 1.585065139810000012e+01 1.955650490390000051e+00 1.939320349309999969e+00
4.671636321124999824e+01 6.603487601710000376e+01 4.918268423714000193e+01 7.753162194889999803e+00 3.067706368713999865e+01
6.886257078399999898e+00 3.158098531195999925e+01 2.764227874419999864e+01 1.894917339200000050e+00 1.485811661568000019e+01
1.882155264319999910e+00 4.162107450749999771e+01 2.563608286384999957e+01 2.896797234180000125e+00 1.385784777019999936e+01
9.245185591600000308e-01 2.473203980463999940e+01 1.976156414507000036e+01 3.933546093399999943e+00 7.906062646789999704e+00
3.894103538680000032e+00 2.896698364770000200e+00 1.478389272899999973e+01 9.872964694900000282e+00 1.973204876000000052e+00
4.550688751636000262e+01 6.650384077750000245e+01 9.596551284889000044e+01 2.736563095216000008e+01 1.486525228800000065e+01
2.480986432923999985e+01 1.278091333110999983e+01 2.460828667786000068e+01 2.376261788054999968e+01 9.499174367499999549e-01
2.374134893456999862e+01 1.474344605535000063e+01 2.447574167662000022e+01 3.068700706083999918e+01 -6.534440018999999877e-02
1.681503270757999857e+01 1.280837540425000043e+01 3.160990248449000006e+01 2.376059304660000038e+01 9.521935893999999845e-01
-1.007959140000000003e-01 8.822944270800000766e+00 1.684557464210000077e+01 -7.766261369999999387e-02 3.946304046999999926e+00
2.576031328070000015e+01 8.645466999239999950e+00 2.862827339384000069e+01 3.480967639952000070e+01 2.857136859120000150e+00
1.189020195416999925e+01 6.819389862819999593e+00 4.831958321780000176e+00 3.919107188919999984e+00 4.938422125729999834e+00
8.909948585340000449e+00 7.841541542749999927e+00 8.719011600399999562e-01 4.930805497279999727e+00 1.949156699330000020e+00
7.873494443000000231e+00 1.676146594633999953e+01 1.079964758134999947e+01 1.901415118699999907e+00 4.926260723360000426e+00
7.894659406849999783e+00 3.918615001330000069e+00 1.983223331840000014e+01 1.586233924126000083e+01 9.776360879200000076e-01
5.547083343463999938e+01 5.656701347615999964e+01 8.609006336640000256e+01 7.525464187180000408e+01 8.880425795249999865e+00
1.280589447712000073e+01 8.836213514220000675e+00 1.368846029074999926e+01 2.574440819683999848e+01 9.605596800700000326e-01
1.781227429227000059e+01 8.542328276799999731e-01 7.728095041459999592e+00 2.077725495720000026e+01 9.639716536000000335e-01
1.285061896246000046e+01 8.766062256700000166e-01 1.874436725620000033e+01 1.979815134529999909e+01 -3.326822927999999874e-02
5.883585973799999813e+00 1.082283730219999995e+01 9.840909588849999778e+00 9.826481089630000554e+00 1.192245326651999981e+01
2.771617444480000003e+01 3.460308902450000090e+01 1.062662992571000053e+01 3.155937488537000135e+01 1.780757538993000111e+01
1.493204822520000086e+01 1.893570160159999904e+00 5.905536960030000060e+00 1.689204362443999941e+01 1.953187340329999966e+00
5.917586096399999995e+00 1.869477879800000020e+00 6.887479791219999647e+00 1.887172218162999826e+01 2.945686685250000103e+00
3.934018725160000063e+00 8.893730410559999910e+00 1.490915106743999985e+01 1.893058324400000103e+00 1.955704817900000059e+00
2.929376006040000036e+00 6.854199533440000103e+00 1.381526420720000026e+01 1.087202072738000069e+01 8.922294973079999636e+00
1.166626675973999916e+01 7.834831138312000576e+01 2.918762385204000154e+01 2.642758263900000060e+01 4.565938810285000216e+01
6.919970587359999925e+00 4.836396247789999769e+00 3.800338967380000099e+00 1.685481171200000006e+01 4.908711765559999662e+00
8.930532117420000304e+00 1.851484348640000110e+00 7.800202872799999909e+00 1.787573226888000022e+01 2.930666962980000179e+00
9.638993367999999506e-01 2.927446198050000170e+00 7.912373202080000389e+00 2.933475250799999934e+00 9.603276669100000440e-01
-5.551784711999999816e-02 1.182859222017000000e+01 1.483122785730000004e+01 5.944791528329999686e+00 4.955799092990000432e+00
3.069581226465999890e+01 7.901275689188000229e+01 5.905558355208000165e+01 3.680161276179999774e+00 2.075472007680000175e+01
1.086562650475999980e+01 4.856352021669999885e+01 4.859003013160000251e+01 7.861557301280000409e+00 7.889922722059999671e+00
4.910581243940000284e+00 2.570603732720000068e+01 1.472513401518000009e+01 9.067639375000000612e-01 5.929237143689999989e+00
4.895238249860000224e+00 3.067418795952999844e+01 3.568735468367999886e+01 5.900333196840000127e+00 4.917282859940000250e+00
2.922932400960000177e+00 4.938497514049999815e+00 1.960754124619999983e+00 2.927212897800000047e+00 1.977689023039999938e+00
5.174599211620000005e+01 2.973403992144000085e+01 1.781512291566000172e+01 2.264232040817000069e+01 2.903371409640000067e+00
1.915787752219999973e+00 -6.429125519999999427e-02 9.559888476400000279e-01 1.392011678749999959e+01 1.975398715639999914e+00
2.940982551119999844e+00 -4.552507799999999660e-02 -2.919822390000000045e-02 6.944459069499999693e+00 9.828627992199999719e-01
7.899216702560000414e+00 3.926107315839999945e+00 4.950569132780000103e+00 1.904574852559999920e+00 1.972281945800000047e+00
6.887718326499999932e+00 -1.260657464399999872e-01 1.799555753269999947e+00 1.086317685739999916e+01 1.972086372919999997e+00
4.137974427956999790e+01 9.837688539186000014e+01 1.190009115434099982e+02 4.331538241505000286e+01 8.856683061480000063e+00
3.275237149152000171e+01 1.673616837787999856e+01 1.458205903500000034e+01 1.169376332024999954e+01 3.941288253220000204e+00
7.859698234639999725e+00 2.857681820639999870e+00 8.760601887749999150e+00 8.835971209200000231e+00 -3.604306896000000066e-02
2.271193350512000109e+01 1.570227761013999945e+01 4.152077196287999783e+01 3.567365476892999965e+01 9.385837879599999711e-01
1.682281294550000084e+01 2.080095922245000040e+01 1.377393687320000026e+01 1.086317016679999981e+01 2.940110701140000060e+00
2.359828304339999860e+01 4.156591493957999717e+01 1.349965062320000087e+01 6.696988434879999730e+00 1.486814734464000054e+01
3.370291066240000077e+01 1.769110683695999953e+01 2.063450903871000008e+01 4.790381428399999919e+00 8.903118932639999983e+00
9.884196146800000804e+00 1.689257597912000008e+01 6.843779097279999668e+00 2.908698786119999991e+00 -4.050353970000000053e-02
1.974148206859999988e+01 2.271868129354999866e+01 2.868440237948000160e+01 7.804722122000000262e+00 3.912991666239999944e+00
3.900933565599999930e+00 1.679323128056000058e+01 3.070258068189999889e+01 3.067601731455999925e+01 9.513537174099999660e-01
6.686130699159999580e+00 7.036454947174999575e+01 9.592427453307999485e+01 7.393330861050000635e+01 1.884536342244999929e+01
1.771931528702999969e+01 5.048670949296000288e+01 9.503467621763999773e+01 7.603155435127999340e+01 9.864911218870000553e+00
9.937426022560000405e+00 5.871452619300000286e+00 1.279395420070000000e+01 1.779115532184000159e+01 9.682159758399999649e-01
9.231107297499999698e-01 1.085314903309999934e+01 1.075033229059999940e+01 2.074808256744000090e+01 -3.644731728000000226e-02
1.087046268751999989e+01 -4.062331034999999702e-02 3.898297862859999796e+00 6.858876225580000430e+00 -3.205113218999999791e-02
7.123886316252000483e+01 2.076218301180000125e+01 6.741648800581999978e+01 5.117503081120000274e+01 1.880993164510000071e+01
9.834779673279999912e+00 9.946979049970000375e+00 4.865683003070000012e+00 8.204322850299999859e-01 -3.976831079999999796e-02
4.918104373280000274e+00 -2.489974344000000020e-02 9.384787471600000153e-01 6.920825575300000310e+00 -1.846040624999999852e-02
2.071566544160999968e+01 2.913474990000000098e+00 1.077571764442999935e+01 2.169002870751999978e+01 9.315525959199999484e-01
1.680768934315999985e+01 6.898163226280000337e+00 1.268486314717000063e+01 1.370478562123999922e+01 9.270961638400000426e-01
2.647930642829999925e+01 3.072331697295999930e+01 9.311516073040000663e+01 5.123239798552000224e+01 1.880306655489999912e+01
6.047055782080000341e+01 2.271782059970000134e+01 8.811217089970999439e+01 7.218798259131999373e+01 9.792745868620000849e+00
7.909788529340000096e+00 -4.416209100000000054e-02 1.854754720399999890e+00 8.877279867840000449e+00 9.660387330999999911e-01
2.081939957471999847e+01 3.883189682109999818e+00 4.164094199472000213e+01 2.467493101951000156e+01 4.913416106239999692e+00
3.906251670010000066e+00 6.869254180479999583e+00 4.882484543090000351e+00 6.819766938879999962e+00 9.619227099999999586e-01
1.881621419140000029e+01 1.374050926183999977e+01 1.477484269296000008e+01 3.673653274479999897e+00 3.925901072019999827e+00
1.172232003224999985e+01 2.769185618739999910e+01 1.264519130170000061e+01 4.254604245088000170e+01 2.884079707680000215e+00
9.564135808600000566e-01 9.364081717000000138e-01 3.943847216560000035e+00 1.916881301629999923e+00 -1.795101911999999814e-02
-4.972916591999999858e-02 2.929754658359999819e+00 1.937379745639999928e+00 9.911167431220000879e+00 -1.999222559999999996e-02
3.923812005879999898e+00 2.876808504540000033e+00 1.583329261047999914e+01 2.467053710971000058e+01 -3.990829095000000132e-02
9.827959438449999752e+00 1.974245936356999920e+01 1.364062423820000092e+01 4.126586477415000331e+01 2.917551694080000146e+00
3.786840250960000098e+00 1.065529893529999939e+01 2.254689693905000070e+01 7.510320756849999668e+01 -1.033051530600000018e-01
1.952619259790000061e+00 8.925856539839999826e+00 5.897422346009999927e+00 1.979642316332000007e+01 1.977251739680000009e+00
5.972889251399999822e+00 9.559126744299999423e-01 9.399452084199999558e-01 1.881574737320000024e+00 -1.385910404999999949e-02
1.685336891245999880e+01 2.947800424800000041e+00 8.950872188799999796e-01 3.775598500720000139e+00 -7.222873679999999852e-02
3.066685782078999978e+01 2.864456618520000220e+00 2.971587490113000030e+01 5.437373997880000331e+01 1.880182989388000081e+01
9.807437347300000496e+00 1.493436770475000053e+01 1.585720653207999931e+01 1.698346186039999983e+00 3.903488156559999922e+00
-7.217123489999999197e-02 1.975193055829999933e+00 2.948303232299999799e+00 3.889903606059999852e+00 1.964177737039999982e+00
1.485863343293999961e+01 -5.055720137999999975e-02 2.890918133490000042e+00 1.276326251823999947e+01 5.926700744519999731e+00
8.897951314080000174e+00 -7.034140277999999247e-02 1.926598571930000059e+00 1.283393958987999994e+01 -2.749382837999999815e-02
2.170145034580000143e+01 1.478879250810000023e+01 5.775708674489999694e+00 1.650452079275000017e+01 6.921538619379999702e+00
3.174954140983999906e+01 8.319332603800000392e-01 7.822580987420000298e+00 3.060025102911999895e+01 2.933390443800000025e+00
1.284101338468000009e+01 5.892999915299999891e+00 1.887215366720000009e+00 2.075145540096000119e+01 9.597197692000000169e-01
1.925074117100000093e+00 4.950356099540000443e+00 2.945587051199999973e+00 3.884204996859999870e+00 9.809369707599999710e-01
9.878117696200000353e+00 1.086099859567999992e+01 8.401964932000000053e-01 8.845897297500000533e+00 2.951319630179999987e+00
1.087146945595999981e+01 7.860844047679999669e+00 2.083178397657000147e+01 1.283574074070999949e+01 2.949795276600000182e+00
1.477426339149000079e+01 1.474022999409000079e+01 1.706377221019999890e+00 1.071687640700000088e+01 1.908998677280000056e+00
7.886605511239999977e+00 1.870049995760000083e+00 1.484858923854000068e+01 2.859261659219999974e+00 5.954815429800000004e+00
-6.844125375000000011e-02 1.921091771539999993e+00 4.909953758000000335e+00 1.091140653997999976e+01 1.971483417830000029e+00
1.585661072199999921e+01 3.957433578219999859e+00 1.884473315839999996e+00 2.791411681980000115e+00 3.965649865060000057e+00
4.156249975440000100e+01 2.858524525199999999e+00 2.963930521961999887e+01 6.332561721460000115e+01 9.886393438660000754e+00
2.567862550159999913e+01 9.897876406900000035e+00 1.272966625839999999e+01 7.518068872999999819e+00 2.915868400679999972e+00
3.875826863919999976e+00 1.966298637800000026e+00 4.910200945699999764e+00 7.835801862500000325e+00 9.724693546899999541e-01
1.977575238289999859e+01 9.410489452000000421e-01 3.842252771350000096e+00 2.071220535084000147e+01 1.950588341120000013e+00
1.882560785697999961e+01 -4.252693427999999776e-02 4.875184686199999895e+00 1.169398458875999935e+01 1.930006895600000050e+00
4.364983105999999680e+01 3.896382855999999784e+00 2.171775533151999937e+01 5.827386550135999954e+01 1.283851685776000018e+01
1.678548747319999990e+01 2.945851017239999869e+00 1.184498366853000029e+01 1.614710305100000021e+00 4.911698164279999723e+00
1.588443226989999957e+01 9.696166877799999861e-01 8.915703433650000065e+00 1.279054277230000025e+01 1.951052636360000037e+00
3.877071621699999859e+00 -3.087650339999999799e-02 1.914713439500000058e+00 1.379050101842000053e+01 3.950830175530000155e+00
6.891143257599999572e+00 -5.448326327999999941e-02 5.838719194140000290e+00 4.662166924999999651e+01 5.902334250000000004e+00
1.079024922830000044e+01 4.895437521199999864e+00 2.668972482791999923e+01 6.520341513900000052e+01 1.081425041119999975e+01
2.073199303037999996e+01 1.860207805639999989e+00 1.858231088424999911e+01 9.600441014320000477e+01 2.175766411576000081e+01
2.932606380000000179e+00 9.679476123100000384e-01 6.907239166120000107e+00 1.675317263498000031e+01 8.939769022080000127e+00
1.961361252020000112e+00 1.980974298800000089e+00 2.941504634999999812e+00 8.863829058060000321e+00 -3.586340933999999925e-02
-8.700685713000000376e-02 5.832034878930000055e+00 2.366373186717000010e+01 3.963974912473000245e+01 3.907990193259999856e+00
1.945256991589999984e+00 8.899625609999999298e+00 4.830829854080000096e+00 -2.113069064399999974e-01 9.472024115199999539e-01
-2.026287268199999936e-01 2.468609402883999948e+01 4.321724842430000280e+01 5.817245312714000249e+01 8.790341697900000639e+00
1.944430157360000022e+00 3.893857600000000030e+00 1.779242405076000111e+01 1.477782189240000044e+01 5.943676920539999742e+00
9.750657554199999577e-01 -4.613848046999999980e-02 1.901383289750000039e+00 6.892400369499999790e+00 9.750614008600000382e-01
1.083315786536000047e+01 1.287898593519999935e+01 2.169587577189999905e+01 3.560302977381000034e+01 1.185525836625000018e+01
4.883804154589999946e+00 4.920539860219999895e+00 1.082727380504000081e+01 1.473187153037999941e+01 4.903351573550000175e+00
2.965928126304000045e+01 2.573888236226000004e+01 5.433481133587000045e+01 5.215422957218000022e+01 2.269782856850000030e+01
9.692851337200000250e-01 1.977515893639999911e+00 2.941254640649999974e+00 9.270837578799999701e-01 1.972679595050000012e+00
3.930498685479999921e+00 -5.115910265999999706e-02 8.867840600879999258e+00 1.283637133947999942e+01 7.939860770780000188e+00
9.258523108299999693e-01 1.288209230058999921e+01 1.284229298704000044e+01 2.367289113413999857e+01 1.942251616999999930e+00
7.955302017860000241e+00 4.926076415959999899e+00 2.900450999999999890e+00 8.017940853999999673e-01 -3.610371041999999725e-02
2.761561505279999995e+00 3.061674653574999994e+01 3.749509034263999752e+01 8.291571948560999772e+01 6.807674478040000032e+00
-3.582242819999999911e-02 3.941699582560000081e+00 9.224284124799999596e-01 9.835941677410000139e+00 2.971058558250000203e+00
-2.197462608000000026e-02 9.639439151499999969e-01 2.952526479149999883e+00 7.901371328479999789e+00 9.819755600499999737e-01
5.934133683599999820e+00 9.105170878899999654e-01 -6.576987617999999203e-02 1.178110890479999995e+01 -2.221959194999999915e-02
1.889351918523999885e+01 1.186446965384999963e+01 5.895944540700000402e+00 4.679747150719999915e+00 9.682215340599999998e-01
9.789067814139999157e+00 1.671043313239999861e+01 2.784743917500000165e+00 4.732795321815000023e+01 -6.957164843999999460e-02
4.929449959040000273e+00 7.905946480639999940e+00 3.926973678069999973e+00 7.778778768080000461e+00 -2.408677559999999884e-02
9.753925304799999640e-01 9.668173050999999685e-01 2.974391629679999927e+00 8.919945744659999676e+00 -8.253655380000000583e-03
3.888656452299999788e+00 4.846807045760000321e+00 1.576231985643999955e+01 1.176167050859999996e+01 2.925308077499999992e+00
4.953515726480000048e+00 -6.387588719999999498e-02 1.903380028850000016e+00 7.906306737050000422e+00 9.678550366000000515e-01
2.274225497708000177e+01 2.365310791446000138e+01 5.048180416454999886e+01 2.049099936797999888e+01 9.819472369419999680e+00
4.944995698549999652e+00 -7.494191604000000062e-02 7.880794492669999762e+00 2.887743442980000186e+00 2.960764620600000008e+00
9.491187370600000506e-01 -6.875770536000000432e-02 9.895107980800000647e+00 1.089323124725000014e+01 1.962847370360000010e+00
9.093746274399999718e-01 1.685439240335000122e+01 1.674996786511999858e+01 3.552993679050000253e+01 2.922329433719999869e+00
5.964486546299999858e+00 2.941911461550000162e+00 4.904340843559999996e+00 2.829761522400000118e+00 -3.105580823999999976e-02
3.789209912440000050e+00 2.965460628242999874e+01 4.741147744949999776e+01 9.088568784704000336e+01 1.481791934670000010e+01
2.943855501239999839e+00 6.912233862639999948e+00 1.484864265074999956e+01 2.772870756832000083e+01 9.510187354300000395e-01
9.690527722599999727e-01 9.502694003799999622e-01 1.917460756999999960e+00 1.083956412214999965e+01 -2.671011449999999982e-02
6.881840866060000117e+00 1.972025498989999903e+00 6.937497056319999800e+00 4.822269775699999705e+00 -2.608553970000000027e-02
2.762808286239999944e+01 9.059154025600000271e-01 4.793002508209999846e+00 4.441001828795999984e+01 4.917237504800000103e+00
2.772866911599999895e+01 3.934419548800000221e+00 2.285283659261000011e+01 9.598518131320000535e+00 1.094149554680000058e+01
1.382528855660000033e+01 9.546555098800000305e-01 3.905557422249999799e+00 2.272577024911999999e+01 1.960489794079999903e+00
2.880146680590000230e+00 1.970639002550000018e+00 1.936816623919999980e+00 3.812079854199999840e+00 9.744744991599999517e-01
6.901675745920000438e+00 9.545579502400000083e-01 3.914783530419999824e+00 2.562233946667999973e+01 4.890260389999999902e+00
9.815132122119999636e+00 2.918681590619999877e+00 9.842127968979999864e+00 6.832470924509999577e+01 1.180305536232000030e+01
1.580517723588999957e+01 3.915885362080000043e+00 1.083683608832000012e+01 5.127827202771999993e+01 1.278683489199999990e+01
4.909047983599999831e+00 9.613841887899999827e-01 8.924508372600000072e+00 3.166841815537999949e+01 6.903886387390000046e+00
-3.830456789999999584e-02 1.983791997199999990e+00 9.674857964799999932e-01 6.852411053440000011e+00 -4.092813036000000210e-02
1.884094126065999930e+01 9.596380296700000034e-01 1.288600106170000004e+01 1.561871506660000009e+01 8.917647661260000191e+00
2.069815088208000020e+01 9.222430375000000291e-01 1.178605447968000064e+01 5.531173690880000038e+01 1.684030727528000071e+01
2.277484612411999976e+01 8.943785553690000611e+00 1.883936173473999887e+01 2.751147134848000064e+01 7.882697611160000228e+00
5.859945526829999807e+00 -3.387621203999999914e-02 7.903773213380000051e+00 2.270487014960000138e+01 3.929703477699999947e+00
5.924087102939999738e+00 -1.886409000000000002e-02 9.420767339500000226e-01 5.842689268200000008e+00 1.961759401039999906e+00
1.382912856895999987e+01 4.944561036349999661e+00 1.187049137123999998e+01 1.076487569480000062e+01 2.907189430499999894e+00
3.161432483096000112e+01 2.887393258109999916e+00 1.774490199227999909e+01 2.651921365248000129e+01 1.880372864727999982e+01
2.074051598160000154e+01 7.914590583559999892e+00 1.780313965578000079e+01 8.642417847930000008e+00 5.859945744720000071e+00
-7.374233114999999283e-02 -2.295712125000000034e-02 2.946448386570000189e+00 5.921778240060000087e+00 9.572825666800000022e-01
5.845837154189999829e+00 9.496611956799999588e-01 3.888073082200000030e+00 1.079284585097000004e+01 2.915874120089999799e+00
1.885044476810000091e+00 1.963328354029999945e+00 3.940144977100000112e+00 2.884978839269999984e+00 9.640142563600000436e-01
4.059319797842000099e+01 2.873264597399999953e+00 1.377970026943999926e+01 2.163215449911999855e+01 9.873741556989999779e+00
1.578347148363999963e+01 1.093375575542000000e+01 8.887835995199999672e+00 7.957673371000000273e-01 3.937530680230000080e+00
6.880938155079999952e+00 -3.644576693999999895e-02 5.938083962880000399e+00 1.088480056879999935e+01 2.963382138840000124e+00
1.081939672837999922e+01 9.471793573000000244e-01 9.091290807999999890e-01 2.831789478900000212e+00 2.946771518249999833e+00
6.916040477080000137e+00 1.921522348099999888e+00 -8.404760556000000216e-02 2.942964323039999996e+00 -3.000889295999999845e-02
7.818510463640000019e+00 9.836543785239999949e+00 1.081831855439000023e+01 2.871016183200000071e+00 6.930928834360000401e+00
3.851924576350000073e+00 2.871770487600000088e+00 8.562202210000000591e-01 9.902537112879999270e+00 9.451276240599999490e-01
6.890330007880000274e+00 5.902989306720000329e+00 5.891694499859999823e+00 9.240104542600000581e-01 5.957491472160000079e+00
4.902350279090000207e+00 2.917848071459999915e+00 9.904413782440000702e+00 2.934437785950000155e+00 1.964384507359999921e+00
6.884380911040000051e+00 9.888397240150000655e+00 1.679339983264999958e+01 3.455614999430000012e+01 4.899007191199999944e+00
-6.304311810000000349e-02 2.935888766490000190e+00 8.895002742360000880e+00 8.769484899360000085e+00 9.456830248599999988e-01
1.474388392596000052e+01 1.775015589851999920e+01 3.960428129697999822e+01 7.104227245920000655e+01 1.177555798128000042e+01
2.948338106850000084e+00 2.951916774329999882e+00 2.908091776980000098e+00 1.280209272267999943e+01 2.951368303889999822e+00
-4.300817147999999590e-02 9.590463595000000563e-01 4.925402071519999758e+00 1.683248979680000090e+01 3.960251914900000170e+00
6.890491076380000024e+00 1.954562664440000042e+00 3.930141162009999967e+00 1.167331363823999979e+01 7.888958384660000434e+00
7.818839614429999862e+00 9.219271844799999949e-01 2.866996972919999997e+00 4.545903754071999714e+01 2.181086299120000049e+01
2.082405968939999852e+01 1.927896843979999941e+00 9.883437742179999930e+00 2.649233725631999903e+01 1.782070711560000120e+01
7.897459482890000437e+00 -4.161888863999999716e-02 3.930379579839999860e+00 2.369755185710999967e+01 1.389845737615999965e+01
2.954197702740000153e+00 9.810958781799999917e-01 -3.071672603999999959e-02 6.867458760399999917e+00 9.517352330799999649e-01
1.888664670560000092e+00 1.957977025039999930e+00 3.935810981379999962e+00 9.766861426000000179e+00 5.905286825550000174e+00
1.478439972257999990e+01 -7.963343036999999403e-02 2.881636384800000172e+00 4.061012375786000206e+01 1.281848065239999990e+01
1.485606696900000046e+01 8.947224611999999411e+00 1.091698121756000006e+01 5.700052906259999830e+00 8.877114060840000320e+00
1.090267441273999971e+01 -3.738018456000000156e-02 3.944620287039999784e+00 1.481655892739999913e+01 4.918630674830000160e+00
4.941061929500000005e+00 9.765835844500000418e-01 9.646607311299999488e-01 6.858719617750000275e+00 -5.243606360999999993e-02
9.421097187700000486e-01 -5.442938370000000026e-02 -4.987467108000000204e-02 9.938803709440000134e+00 -2.004936623999999806e-02
1.390485901999999996e+01 4.910236085120000205e+00 1.191654332669999938e+01 1.899556944680000026e+00 7.966513628000000402e+00
1.979724215674999854e+01 3.804789109000000114e+00 2.825967130860000065e+00 8.782750949760000481e+00 -7.191639431999999332e-02
3.942067732419999970e+00 3.939688906599999818e+00 4.947646051759999608e+00 9.333502726600000354e-01 -2.115605384999999852e-02
1.941666236479999919e+00 4.944721282699999776e+00 1.950196994479999946e+00 2.938895083919999873e+00 1.979952184100000068e+00
9.903234878470000169e+00 4.957661646680000089e+00 7.948731945049999581e+00 1.870933006730000070e+00 1.955294739199999965e+00
2.865160748827999981e+01 6.864076417479999748e+00 8.831159930700000160e+00 3.157812174649999903e+01 1.384869245846000041e+01
6.854852118850000231e+00 5.941166375759999951e+00 1.292675780415999931e+01 9.798351633999999422e+00 6.930630849940000004e+00
6.903444124960000039e+00 9.571602007899999709e-01 3.946954055800000027e+00 1.487724890964000046e+01 3.954550772020000160e+00
1.088714160001999964e+01 3.954440492949999886e+00 -5.771716235999999750e-02 5.848906144559999909e+00 2.948592851849999974e+00
4.828974979999999917e+00 1.290380605726000063e+01 2.273834722442000000e+01 8.761724477279999590e+00 7.879979428549999554e+00
8.859058123229999637e+00 9.192909519999999945e-01 1.576987586853999979e+01 1.280004495520000063e+01 3.899346668679999794e+00
2.262071581357999861e+01 1.779049581660000001e+01 4.945728896941999864e+01 1.948286189899999954e+01 1.774264548456000057e+01
3.940165594839999841e+00 2.966791150200000171e+00 2.918907705360000104e+00 9.154661490100000076e-01 -4.123107846000000076e-02
1.386591759769999932e+01 3.928766877939999791e+00 1.379916764096000037e+01 7.808341370479999988e+00 9.911818585360000711e+00
9.224080174900000095e-01 8.870069424420000459e+00 1.769150451375000088e+01 9.780569707239999744e+00 3.922089707740000097e+00
4.967256514639999843e+00 9.421285593699999517e-01 7.875713730410000224e+00 9.896500079200000854e+00 3.965425780179999915e+00
-1.770587537399999911e-01 2.969281910891999843e+01 4.839618354952000345e+01 2.947564701921000108e+01 8.824372293510000631e+00
1.935041288599999909e+00 8.888721443459999705e+00 2.276755714472000136e+01 8.806223291760000293e+00 5.932773607739999733e+00
9.720608757399999966e-01 9.537013193500000208e-01 1.896847983920000091e+00 1.091453614345999945e+01 2.971530840899999859e+00
1.938179254520000061e+00 1.919858113999999949e+00 4.827807769999999721e+00 3.369121455399999832e+01 2.910292192200000017e+00
-5.460734393999999714e-02 3.932230050759999873e+00 6.855844589170000170e+00 9.762168188800000479e+00 9.243550703799999768e-01
4.824832234999999692e+00 3.774117276400000165e+00 2.955022990356000179e+01 8.814853526650999527e+01 2.174737707850000135e+01
-4.858254935999999774e-02 4.938868716800000058e+00 7.862860248649999662e+00 1.875716001873999872e+01 3.929183572719999962e+00
9.853825804300000435e-01 9.810790455700000301e-01 9.610583136400000503e-01 -7.302609270000000319e-02 9.788889456999999572e-01
1.957483119439999975e+00 1.931076030799999899e+00 9.478963773999999898e-01 9.876518407900000796e+00 1.978116936319999963e+00
8.906558087340000540e+00 1.885547692125999930e+01 1.288639426405000066e+01 5.741824470180000084e+00 -4.881942413999999786e-02
8.860617187740000844e+00 1.577122969120000029e+01 1.827175848500000033e+00 2.860051170170000034e+01 9.235174510000000447e-01
2.938224707669999880e+00 3.899977955949999853e+00 9.212124194199999838e-01 1.082065606129999935e+01 -3.520459664999999599e-02
9.748689464799999982e-01 2.959318339679999799e+00 3.968628797200000058e+00 5.927847334349999997e+00 1.986334676300000046e+00
3.938146537000000169e+00 4.898736268879999578e+00 1.277427084348999919e+01 1.977677810291000071e+01 -5.800636799999999565e-02
2.959896847350000026e+00 3.935439226210000196e+00 1.285677338620000043e+01 2.862074475750000069e+00 4.965211024880000323e+00
4.854608580199999857e+00 1.575627066628000073e+01 2.748971401624000066e+01 3.748005863318000053e+01 8.630702387199999936e-01
9.210684605500000233e-01 1.387240122244999974e+01 1.977915148147999957e+01 1.568740670026000039e+01 6.929240363439999939e+00
9.804938845599999730e-01 -3.171804075000000250e-02 9.338644395999999848e-01 4.932367157839999905e+00 9.823020742900000490e-01
1.090364863862000000e+01 1.965177323210000049e+00 9.578864799999999846e-01 3.839875208320000066e+00 -2.077433244000000123e-02
2.171914026385000085e+01 4.901226813950000150e+00 8.756634407500000217e-01 3.251502548348999966e+01 2.939650084919999795e+00
2.378408833022999858e+01 2.924460287760000110e+00 7.903855718360000004e+00 1.663161925112000006e+01 7.953585334639999616e+00
1.579774315066000057e+01 -7.087274900999999960e-02 3.909479221119999792e+00 4.164616185585000352e+01 9.575036375500000085e-01
9.337329960400000406e-01 2.976468463199999803e+00 1.969744419920000045e+00 8.845058713600000289e-01 -1.416631193999999885e-02
3.920766933999999981e+00 9.880514571249999989e+00 3.874338569919999919e+00 1.579627955355999980e+01 9.600235969599999475e-01
7.953086128399999843e+00 1.929174993199999966e+00 3.927041754519999817e+00 1.868047741370000070e+00 2.974949149439999996e+00
1.175626886969999951e+01 2.664835179696000012e+01 2.464628185168000130e+01 3.838213298819999864e+01 2.880495110190000041e+00
6.951232453120000265e+00 7.926709387219999847e+00 7.924526794430000187e+00 -1.314051740999999940e-01 1.975102401440000044e+00
-3.150962694000000036e-02 3.952237173879999954e+00 3.950092660000000144e+00 1.918300697839999902e+00 9.840335003200000319e-01
9.863301764259999160e+00 2.960129065439999874e+00 6.900816838119999908e+00 2.069797238399999983e+01 9.646645365099999481e-01
1.577486314869999973e+01 -6.525226511999999979e-02 1.850606175800000086e+00 4.350408258680000273e+01 -5.699952503999999864e-02
3.169972839920000141e+01 -8.820433277999999155e-02 1.779526872297000040e+01 3.933796227474999796e+01 3.923989830850000082e+00
9.795817584639999964e+00 -6.186122279999999723e-02 1.285839378714999981e+01 4.853503342551999822e+01 3.947927899360000215e+00
-6.226013564999999944e-02 9.807796622800000197e-01 9.561223477900000489e-01 1.865328745520000053e+00 -1.513701188999999961e-02
1.282549420101999971e+01 5.892154230750000110e+00 2.267084430463999922e+01 3.054971318512000167e+01 9.891493647400000810e+00
9.041508612999999972e-01 1.939627755649999896e+00 5.834135344199999906e+00 2.574312909829999896e+01 6.940071547359999649e+00
2.261043214835000015e+01 2.476180619818000039e+01 5.036954123040000297e+01 8.202390856444999656e+01 2.277588615439999842e+01
1.935699247550000113e+00 9.612458715699999656e-01 2.895970514160000064e+00 1.828870410619999998e+00 1.959520313989999929e+00
5.901862024049999711e+00 1.939638282410000025e+00 7.828949707999999674e+00 2.173866182356000110e+01 4.938775715840000302e+00
9.865476837819999290e+00 3.958777289649999975e+00 1.919026661149999979e+00 4.835846337979999632e+00 -5.637228695999999678e-02
3.564476098272000115e+01 2.890330471199999973e+00 1.478531374764000006e+01 2.857729076912000110e+01 1.484716184520000049e+01
1.078535802791000009e+01 1.093419074000000002e+01 9.877736579860000532e+00 1.749894304160000136e+00 2.911987823520000074e+00
5.900167444110000048e+00 -2.879324819999999965e-02 3.940071194200000182e+00 9.882982902880000253e+00 9.565941055600000187e-01
1.086657729733999922e+01 2.958135260160000168e+00 1.918917503120000090e+00 9.825463508500000387e+00 2.941976281800000148e+00
8.889183971279999597e+00 9.867441141280000494e+00 1.478615509301999964e+01 3.064888731063999927e+01 2.915089324050000208e+00
4.953012001250000296e+00 2.943974953560000163e+00 -8.617190669999999497e-02 8.583969947499999753e-01 -3.365025120000000175e-02
1.473435880709999957e+01 2.467664477458000150e+01 4.550804521695999938e+01 7.315179490414999464e+01 6.802971462520000401e+00
9.631352864800000191e-01 4.953814671559999994e+00 2.926508197800000044e+00 3.880589929600000154e+00 2.971577155079999866e+00
9.612705401200000166e-01 9.528703541199999849e-01 4.925353698320000362e+00 1.688106875624000125e+01 9.710009308000000505e-01
1.882465229350000158e+01 7.907382474560000318e+00 3.171420368240000087e+01 2.665353373226999878e+01 1.785032068319999965e+01
3.869863591270000125e+00 3.932009465080000155e+00 1.782510733935000147e+01 1.573095037570000088e+01 4.895913793100000078e+00
3.165050341534999845e+01 1.181770688207999953e+01 3.746765995346000011e+01 3.333584734611999778e+01 2.269553311111999960e+01
1.964565117920000104e+00 9.807548050000000073e-01 1.940470919480000056e+00 -6.095707001999999680e-02 9.691829473599999911e-01
2.917490953799999787e+00 9.564700329999999973e-01 1.873423827199999891e+00 1.184220733925999980e+01 2.930707422479999824e+00
1.783622128860000089e+01 8.896139661599999471e+00 1.968446332387999931e+01 4.243003977400000082e+01 4.895473556479999822e+00
-9.451211219999999802e-02 3.942709412800000202e+00 7.830780167870000419e+00 2.467239831799000171e+01 9.412324474600000102e-01
2.562758285912000034e+01 1.677058837207999886e+01 5.134367422870000297e+01 1.087217299733599987e+02 2.676358906325999953e+01
1.938210264559999896e+00 4.960156080560000014e+00 1.088061338314999915e+01 8.776620998549999442e+00 1.957769499799999924e+00
9.253045540000000013e-01 -4.889827439999999692e-02 6.856888843600000172e+00 2.573103235255999977e+01 3.951924296800000125e+00
4.887100169330000021e+00 1.285901330755000060e+01 1.176949316297999992e+01 1.962411554071999831e+01 6.911530037440000385e+00
5.947324713419999576e+00 5.934965045730000277e+00 -1.121446830600000000e-01 4.819839787850000334e+00 -4.185470555999999676e-02
1.573252182591999926e+01 1.967129567875999996e+01 4.945965484820000313e+01 5.908968037247999661e+01 1.279144690240000060e+01
3.956487992320000036e+00 -5.267576124000000054e-02 3.918341619040000001e+00 2.858075363999999841e+00 1.966983789259999948e+00
-3.910782707999999747e-02 -4.959973439999999789e-02 2.918408648159999785e+00 6.864676898019999918e+00 -2.955536019000000111e-02
5.935397414009999650e+00 4.894168661870000214e+00 1.891809357859999929e+00 4.864436618000000045e+00 -2.858388749999999853e-02
7.919625678830000126e+00 1.286534496982000064e+01 2.386270026960000123e+01 6.832705959880000179e+00 9.640301088699999577e-01
1.385390616844999911e+01 1.475818606680000045e+01 5.755349649300000259e+00 1.669276194236000066e+01 -6.362223326999999484e-02
2.903718236250000029e+00 1.084197022228999963e+01 8.840280921119999746e+00 7.793836989649999936e+00 -4.156016687999999903e-02
9.686182412799999586e-01 9.518352777999999903e-01 4.948199242880000348e+00 7.939758478309999923e+00 -1.323514079999999968e-02
9.045854157699999565e-01 -7.058177999999999674e-02 -6.377035391999999470e-02 7.940919286879999817e+00 -2.763934244999999984e-02
1.678333443488000043e+01 1.283970306712000031e+01 1.085843493109999969e+01 -1.354999346999999910e-01 1.293755549782000003e+01
8.823238786799999289e+00 2.860854731579999921e+00 2.880152288220000134e+00 1.888107538690000098e+01 1.948153675519999961e+00
8.861790639600000574e+00 1.902946211479999983e+00 3.907289100999999931e+00 -8.316251208000000061e-02 9.595644371200000577e-01
5.884240668450000378e+00 6.917604018459999615e+00 4.921944554120000426e+00 1.931588423030000001e+00 2.967730448070000193e+00
9.204420332799999604e-01 7.893723493160000437e+00 1.978441597874000024e+01 1.569621719905000035e+01 4.897734699019999915e+00
3.947931029199999831e+00 4.936798032799999625e+00 9.827253187300000192e+00 4.796598094160000159e+00 9.327856896999999758e-01
6.799614968320000230e+00 2.273713701799999853e+01 6.134670038302999728e+01 5.923737871197000260e+01 2.174143382500000143e+01
9.657988483599999618e-01 3.956639626749999916e+00 6.899295165639999894e+00 5.871163424999999769e+00 -4.427095014000000106e-02
9.739800630099999523e-01 9.669498162399999819e-01 2.917323157439999814e+00 1.189852830300000086e+01 9.678466207000000487e-01
9.443511604900000078e-01 9.659468799099999448e-01 9.768172824099999874e-01 2.937712214999999905e+00 9.874820542600000195e-01
2.776982475024999886e+01 8.855487277920000011e+00 6.901392495399999660e+00 3.727344899649999821e+00 9.454352061699999865e-01
1.180787341079999919e+01 4.883291109500000005e+00 6.919822392999999572e+00 2.078316330942000079e+01 5.956158860160000401e+00
1.288686223750000082e+01 2.930934987120000113e+00 9.526717842399999858e-01 2.871474481199999929e+00 9.738315827200000330e-01
4.929979481960000243e+00 9.558090843400000036e-01 2.971173590399999842e+00 7.918113241970000438e+00 -1.652295995999999989e-02
7.847453313980000011e+00 9.590049620199999625e-01 5.871916498200000056e+00 2.667296305728000050e+01 5.899427532599999857e+00
2.072264753793000125e+01 -7.803976590000000213e-02 1.576740992721999923e+01 4.940981717225000125e+01 2.081049372516000062e+01
2.971572224934000062e+01 1.924519040300000094e+00 2.675240363474999938e+01 4.340302319762000138e+01 2.281579797371000140e+01
1.090486986103999989e+01 -2.425002866999999979e-02 4.921529028980000220e+00 2.081369452439999890e+01 5.936141616899999640e+00
3.927485702559999847e+00 -1.854182583000000065e-02 -6.123297222000000095e-02 1.184592095112000010e+01 1.951663567520000031e+00
1.187170519674000069e+01 5.869444264800000255e+00 3.168502823084000042e+01 1.568762684044000011e+01 8.877609325619999936e+00
9.321499450000000353e-01 2.934145432649999830e+00 2.857195817400000060e+00 1.849722927500000003e+00 -6.648647670000000509e-02
1.971091740872000031e+01 2.169976058454999901e+01 8.829775014793999333e+01 4.429869439571999834e+01 1.772517644459999886e+01
-3.141607275000000282e-02 4.967039236999999829e+00 -8.285111243999999930e-02 1.922690424800000075e+00 9.699006486700000318e-01
9.538712727400000535e-01 -4.790179943999999662e-02 8.886208173840000057e+00 4.893728051840000148e+00 1.955911593890000022e+00
8.866941303240000849e+00 1.782844397639999912e+01 1.877239528930000034e+01 1.075848063707000080e+01 3.926945571070000085e+00
7.935654571999999796e+00 1.919945857250000110e+00 8.914587914799999568e-01 6.879898189600000435e+00 -3.327468983999999630e-02
2.166307562056000080e+01 3.760999037516000243e+01 3.745950318784999666e+01 3.240150472626000067e+01 2.828457189119999882e+00
5.945759231280000279e+00 4.933008498829999589e+00 7.907880603499999772e+00 -9.799966439999999168e-02 9.735146791300000046e-01
-5.790392567999999573e-02 3.927362060920000175e+00 4.901981791459999904e+00 1.389348731579000074e+01 9.699127119999999547e-01
8.914268246489999825e+00 2.923121388539999810e+00 9.113428270000000220e-01 8.799179130000000626e+00 9.740915732799999560e-01
6.849975032709999745e+00 9.867594414339999176e+00 1.084917231380000047e+01 1.764302455089000077e+01 2.956508844960000104e+00
2.378775207525000113e+01 8.803518255449999330e+00 1.769324467519999944e+00 4.148316618684000190e+01 9.348635097999999921e-01
4.855044109099999616e+00 5.868702265919999661e+00 2.848990891620000188e+00 2.564455902946999899e+01 -4.355377289999999568e-02
1.965665679500000040e+00 1.970840787320000009e+00 2.966843965439999842e+00 1.929697300099999957e+00 9.899846610400000468e-01
1.086402305630000065e+01 4.960492334239999579e+00 4.911913397480000221e+00 1.817281860500000068e+00 4.951522301899999867e+00
5.352701743872000151e+01 4.856621527399999749e+00 2.569110815887999877e+01 6.234178613246999845e+01 1.782158444036999967e+01
2.469305969674000067e+01 1.090661236625000008e+01 1.280493272362000035e+01 6.622208353599999597e+00 1.088987084156000051e+01
9.899271362980000433e+00 9.713909198800000366e-01 4.940561287939999602e+00 1.187226380513999935e+01 1.965531929059999960e+00
2.080133542695000060e+01 1.943973088939999982e+00 2.885706658290000171e+00 1.673959157963000166e+01 3.929072902420000180e+00
1.910990565290000109e+00 2.961209398079999833e+00 5.945053578719999621e+00 9.007414595199999541e-01 -2.808726840000000044e-02
4.256512043488000074e+01 7.812676381940000248e+00 1.675236755734999861e+01 3.154254401120000040e+01 1.386542809526000042e+01
7.804182657950000213e+00 9.920076813999999743e+00 1.588930959256000008e+01 1.777895932879999918e+00 3.940284636489999937e+00
7.865841830299999948e+00 9.450664998400000183e-01 3.927773466400000135e+00 1.786583943918000017e+01 9.615266483500000128e-01
1.481276064705000017e+01 7.927874195570000282e+00 9.045660778299999816e-01 8.817675338249999939e+00 1.946554729040000042e+00
3.880904195019999836e+00 5.959455936000000342e+00 5.926073307180000249e+00 4.834237281890000126e+00 9.574964374600000161e-01
4.155674668404000016e+01 2.851822439399999798e+00 2.272416387008000171e+01 5.145431573401000236e+01 1.184593815552000073e+01
2.176391829262000144e+01 9.910062822880000510e+00 1.483646418086999930e+01 6.667822227040000271e+00 1.190953211897999964e+01
4.883243290340000264e+00 1.961492274380000067e+00 8.933942386709999184e+00 9.865583918200000468e+00 2.961437947679999905e+00
1.682321535350000019e+01 1.941289559749999949e+00 1.889844491449999886e+00 2.578274375695999865e+01 2.938087597350000024e+00
1.887484733840000040e+00 5.889339116250000394e+00 8.771370188940000645e+00 3.869053679559999903e+00 9.185019796000000181e-01
-6.185776166999999715e-02 -6.301454939999999449e-02 1.897142922740000071e+00 1.092737868454999983e+01 3.951950265399999829e+00
1.876828155688000166e+01 2.675875173353999870e+01 3.152375507705000146e+01 5.718965076239999945e+00 4.824496347440000221e+00
9.662668825600000400e-01 -3.419813925000000226e-02 -7.924346882999999675e-02 1.959891430879999952e+00 -2.445923304000000020e-02
3.930187726479999810e+00 4.932065547049999665e+00 9.869344814619999795e+00 3.916616231559999939e+00 1.949141515880000064e+00
1.912068308360000080e+00 4.853032059380000263e+00 8.835246259199999841e+00 1.677194725805000175e+01 1.952286308479999954e+00
1.093229048000000070e+01 5.897664094559999626e+00 8.879533493580000325e+00 8.368136513199999627e-01 2.966206669590000011e+00
1.775635009811999865e+01 3.963230299317999794e+01 1.457423104757999965e+01 3.941501791819000289e+01 6.879423153760000353e+00
3.932542422400000071e+00 1.289806385710000036e+01 1.088787461681000046e+01 6.835405607260000238e+00 3.965031067990000047e+00
1.963500097520000098e+00 1.942420016000000027e+00 2.938610237699999850e+00 1.490874651456000066e+01 -1.724174099999999793e-02
-6.245750916000000069e-02 7.901252206639999720e+00 7.829903887999999590e+00 2.668808282670000054e+01 9.353389344400000471e-01
1.942148574470000000e+00 8.911723898789999154e+00 5.856340412849999844e+00 5.724255822900000013e+00 9.447434078499999943e-01
-1.968187004999999989e-01 1.970058153980000171e+01 6.043889160142000350e+01 9.802265799977999450e+01 1.180810581843000051e+01
9.593414173900000064e-01 8.936106663780000403e+00 9.887262929920000332e+00 7.792620223850000194e+00 -4.271622480000000083e-02
1.980796636640000052e+00 9.703650524500000429e-01 1.951071789620000052e+00 4.907825644999999959e+00 1.980802177850000012e+00
1.919462944159999962e+00 -8.397593999999999892e-02 -8.978398020000000201e-02 1.286302916686000053e+01 -2.760463151999999892e-02
1.880805969460000071e+01 1.879359069699999907e+01 1.278992475040000087e+01 3.675826710219999960e+00 7.932177496339999578e+00
2.577637816460000053e+01 6.773851369600000005e+00 -2.463900338699999970e-01 2.366835359999999966e+01 9.267391960299999898e-01
4.914962817440000187e+00 2.910718417440000039e+00 2.910369139770000224e+00 8.864506708109999522e+00 -2.794500000000000109e-02
-5.112513206999999560e-02 7.946382881059999903e+00 4.944486915679999761e+00 4.917009152840000397e+00 1.982074254500000077e+00
9.919178144110000872e+00 9.532862469999999755e-01 2.074721931803999908e+01 1.477416860367000062e+01 7.907193836900000328e+00
7.710667329319999652e+00 2.185280843944000040e+01 6.818799201404999621e+01 4.828652299552000215e+01 3.167318208857000172e+01
2.071689896468999947e+01 2.838309607919999866e+00 6.216532692615000144e+01 6.528996390144000372e+01 2.967000540384000118e+01
-3.786752268000000143e-02 -2.058721515000000099e-02 2.881510237830000154e+00 1.189268011433999916e+01 2.956464733169999803e+00
1.953270196040000073e+00 1.975785778189999897e+00 7.862882997499999860e+00 2.882955246239999880e+00 -5.247195875999999953e-02
-6.297569693999999219e-02 7.849421213840000355e+00 2.264373594878000162e+01 1.186464139409999952e+01 2.939434210199999953e+00
9.902983958289999222e+00 2.474738562723999991e+01 4.842042948849999817e+01 1.765772591599999997e+00 8.935163113599999818e-01
2.887229203950000045e+00 1.372323960986000024e+01 4.538045494360000021e+01 1.274879433955000074e+01 1.887361900579999974e+00
-5.446804176000000219e-02 8.865694592549999697e+00 1.769205808151999904e+01 4.883529050239999947e+00 3.944834346549999982e+00
1.981534114100000021e+00 -4.445280000000000065e-02 -1.046119981499999962e-01 4.961612969239999948e+00 9.804823866099999785e-01
9.850901138919999411e+00 2.906325900840000198e+00 1.477843157697000009e+01 8.839180916820000178e+00 3.927807093549999795e+00
3.151828479065000010e+01 4.967866947244999665e+01 6.626732401750000179e+01 5.515987703549999566e+00 1.776027839561999855e+01
3.068976650728000166e+01 1.479857019143999963e+01 4.053597288052999659e+01 2.069903368893000106e+01 9.845635497399999991e+00
1.782552604860000045e+01 1.088501864672000075e+01 1.773540531009000176e+01 2.180581225239999910e+01 4.914158696420000361e+00
1.879809690520000132e+01 4.868945687120000088e+00 2.169033425005000026e+01 2.180076690819999996e+01 1.389776352125000081e+01
1.951727777839999955e+00 9.257677087600000299e-01 1.390592712649999996e+01 7.897404998239999863e+00 1.970919454519999947e+00
4.060450458697999920e+01 5.142308582679999773e+01 3.224598910512000316e+01 7.615790424248000079e+01 1.376870786555000059e+01
1.190323754579999971e+01 8.577193106800000688e-01 8.811439017839999721e+00 2.182409249439999854e+01 -5.667502769999999829e-02
6.941386747600000184e+00 1.912097726749999893e+00 5.887301081729999552e+00 1.186107607541999975e+01 -3.433598100000000153e-02
9.670210379200000483e-01 9.524602932400000332e-01 6.934710526719999990e+00 9.216683084800000314e-01 9.812605187799999795e-01
3.913143161349999843e+00 -5.825276595000000029e-02 5.792488523520000321e+00 9.885385840779999711e+00 9.594517888000000383e-01
5.245072523647999674e+01 4.160055612858000273e+01 1.593963376352000125e+02 5.215829449804999740e+01 2.868203213804000029e+01
2.373578972556000011e+01 1.780245877950000022e+01 7.121387815848000002e+01 3.658325937723999743e+01 9.846159829839999489e+00
2.673559566495000084e+01 6.827403557320000260e+00 5.031586429944000116e+01 2.463818500177000104e+01 2.870947041600000027e+00
2.877629571569999989e+00 9.164268357400000564e-01 1.968247182224000014e+01 2.380184641139999968e+01 9.936274209040000471e+00
-2.457870480000000010e-02 -5.119067646000000082e-02 8.702421472000000380e-01 3.954944983629999911e+00 -3.105508895999999769e-02
2.057764056762000138e+01 9.813419430156000089e+01 2.389052698896400102e+02 4.128875598407999803e+01 5.552723313685999784e+01
2.925079976640000190e+00 7.822787280650000064e+00 2.261737486814000064e+01 7.865816940620000253e+00 1.910975683159999994e+00
1.940149189100000005e+00 5.888976944999999574e+00 1.871048214063999993e+01 7.897411211749999715e+00 9.354987093700000145e-01
2.949043106550000015e+00 4.890428895110000340e+00 1.273808407405000054e+01 2.906848776899999987e+00 2.940625770420000062e+00
8.845387745940000102e+00 4.904810766679999823e+00 1.385319478675999960e+01 1.776534412103999827e+01 9.637944417999999569e-01
2.066376659105999991e+01 2.877921330148999957e+01 4.157312748657000157e+01 2.944506996632999929e+01 9.919982940669999749e+00
1.384213114984999926e+01 1.290374605975000044e+01 4.816838956549999828e+00 1.476377797227000066e+01 9.658818012700000066e-01
1.182081812610000071e+01 6.890159807439999895e+00 5.783865912329999581e+00 3.272433185759999930e+01 -3.966975728999999617e-02
1.578234811975000085e+01 9.871321648780000402e+00 1.176016660185000084e+01 2.369092314839999958e+01 9.523970452000000142e-01
5.858243503799999807e+00 9.353671491699999674e-01 1.576754564272000003e+01 9.835157139759999723e+00 9.626548487499999585e-01
4.736223248376000328e+01 3.468212905939999757e+01 1.190094522884400021e+02 6.519247377969000468e+01 7.822232730349999663e+00
1.378770410785999978e+01 9.902414067400000519e+00 1.267061106757000033e+01 2.675519267616000008e+01 2.945142652799999983e+00
2.083315911600000092e+01 9.044841681999999938e-01 1.367687932627999992e+01 1.975861491319999885e+01 9.475930955800000444e-01
2.174090026098999928e+01 2.874133495740000210e+00 4.055755948987999915e+01 3.667004877853000266e+01 1.927436953519999996e+00
1.187209407936000005e+01 2.910326409840000128e+00 1.671171833024000009e+01 8.851844973600000444e+00 4.939762998920000037e+00
4.643029185248000346e+01 5.261494326110000230e+01 1.276966496371800019e+02 4.833775404075999660e+01 1.973085032287999852e+01
1.282175637988000005e+01 5.869994635500000335e+00 2.863444732075999966e+01 2.080196887043999965e+01 5.919443555189999984e+00
1.190673592445999951e+01 2.931998576249999822e+00 4.784309945420000432e+00 9.880512906699999931e+00 1.959005576000000026e+00
1.579721419312000030e+01 2.854500260520000054e+00 4.459243666103999715e+01 1.877726956312000084e+01 9.905419744119999592e+00
9.475970856400000031e-01 1.086497979590000007e+01 1.883177794287999873e+01 5.899550326169999970e+00 3.933486912369999811e+00
1.375033307144000005e+01 7.238681355213999780e+01 5.527633863871999864e+01 4.252156007020000317e+01 2.267519185328000120e+01
1.937176168339999949e+00 6.828027603999999862e+00 5.782236603000000308e+00 1.486917232593000016e+01 1.920455218459999891e+00
4.933021926200000351e+00 5.843022256770000311e+00 8.786705782049999414e+00 7.866844444249999846e+00 4.917475678009999740e+00
4.965048687920000425e+00 2.916150565800000205e+00 9.891142731100000418e+00 1.933915326229999954e+00 3.957710641959999887e+00
1.080006476374999913e+01 1.382809424188999969e+01 2.769757294060000063e+01 1.778510345624999900e+01 2.942936784660000082e+00
1.360541656030999924e+01 5.263729287344000340e+01 7.930728510992000224e+01 7.562353487840000277e+00 1.888762440700000056e+01
9.865603123299999666e+00 -1.153643634000000029e-01 1.878038559100000171e+01 1.385516224759999915e+01 9.616692690999999460e-01
9.491163994000000326e-01 1.954157809430000059e+00 9.075085397200000070e-01 9.362621125000000211e-01 -1.510337663999999913e-02
2.675159604450000117e+01 2.477943364984000141e+01 3.857246961671999941e+01 2.572047838142000131e+01 5.926703849249999934e+00
1.906313600180000067e+00 5.865028776599999993e+00 2.972513429381999828e+01 -8.766243953999999783e-02 5.930344985549999670e+00
1.081193044808000003e+01 2.473472883372999931e+01 7.478197837999999820e+00 1.182870234291000067e+01 1.864235334620000017e+00
1.684669786099999911e+01 1.376920177358000075e+01 2.356133161452000024e+01 4.858953590299999625e+00 4.885035193400000253e+00
2.934274556370000120e+00 9.910247920839999836e+00 1.080600430988000049e+01 3.941180409010000218e+00 9.523472350599999636e-01
7.839500954300000046e+00 1.778575544711999967e+01 4.252732222875999923e+01 4.853932748600000124e+00 3.883144408779999779e+00
-2.894553792000000014e-02 -8.016955154999999555e-02 6.848689262199999739e+00 9.609412427200000328e-01 -3.514789260000000110e-02
2.181204633153999950e+01 5.247528593012000186e+01 2.703069095932000110e+01 3.274410888159000166e+01 3.775594327599999911e+00
-6.185139750000000214e-02 1.183292495471999928e+01 2.669161962528000132e+01 1.917470969480000065e+00 7.921827834740000185e+00
9.575266229200000145e-01 8.879828756400000245e+00 1.377667016959999913e+01 9.415064979999999695e-01 9.462376836999999430e-01
-5.720046011999999763e-02 1.283511781750000047e+01 3.471777450260000109e+01 9.216718660000000618e-01 1.927719112159999915e+00
9.685211401000000109e-01 6.903149805790000038e+00 1.589999297956000035e+01 9.388770630399999595e-01 3.959472010449999857e+00
1.476597661601999967e+01 7.929553343309000013e+01 3.718326407725999871e+01 3.760813489195999892e+01 2.270307418519999842e+01
6.948312366669999740e+00 7.855760788999999633e+00 5.822731273199999613e+00 1.890067708719999828e+01 3.932726776780000044e+00
4.947091707200000243e+00 1.083001258918999987e+01 8.805877545690000474e+00 9.901980980650000319e+00 1.930971901249999956e+00
1.964894396690000100e+00 8.885298653999999630e+00 1.587789353842000040e+01 4.934002463599999722e+00 1.954253266310000070e+00
3.937866416319999896e+00 1.081213227335000049e+01 5.261772734126000017e+01 9.287197164999999588e-01 7.906684296679999946e+00
1.283712340990000023e+01 3.950889977506000150e+01 3.605667701320000162e+01 1.382676457424000027e+01 9.766746764020000526e+00
3.880460331220000114e+00 2.464470331881999954e+01 5.726225435871999991e+01 4.863680098249999695e+00 1.482747148230000001e+01
6.889368277059999990e+00 2.068429228347000048e+01 7.234860989727999936e+01 2.881021617480000074e+00 1.084579943978000038e+01
3.924331986999999966e+00 1.878303156129999962e+01 5.355425973780000248e+01 1.920889060129999937e+00 6.892794764169999588e+00
5.868998393010000036e+00 9.601378345000000092e-01 1.081097256800000039e+01 1.777220675531999916e+01 9.676884738700000099e-01
1.090767460430000000e+02 5.705982320100000393e+00 1.525525119856000060e+02 1.982754931098799887e+02 1.275344556447999977e+01
1.941471870500000030e+00 9.807822769599999768e-01 -9.065282507999999906e-02 6.895057733259999821e+00 -1.537882037999999986e-02
2.953399880280000112e+00 -1.544897771999999975e-02 2.924731824060000207e+00 2.909489741399999829e+00 1.987386642739999987e+00
5.889445574549999840e+00 9.628569396999999697e-01 6.825027414220000033e+00 1.579448412294999926e+01 9.715890645100000445e-01
-3.054395303999999853e-02 3.954163486720000176e+00 4.935277426279999879e+00 1.930675960459999896e+00 -2.241972432000000071e-02
4.647215065825999858e+01 6.724119512660000453e+01 7.087841325323999797e+01 1.228698726553599982e+02 3.868924994220000002e+01
1.193162778011999947e+01 9.081038492199999812e-01 8.857771407450000467e+00 8.856230759909999861e+00 9.533687859999999681e-01
2.945750619360000044e+00 9.212811657399999632e-01 8.882529808319999276e+00 1.087967569879999985e+01 -4.109147009999999933e-02
1.969388615269999976e+00 9.569388569500000274e-01 8.933245112790000775e+00 -6.747064127999999328e-02 1.977760422920000094e+00
9.620743338999999672e-01 1.947716714540000060e+00 8.895119216500000370e-01 4.888990996879999607e+00 -2.218777109999999983e-02
3.745101153745999767e+01 4.529586955311999930e+01 1.084102503701600000e+02 1.574798036251200131e+02 1.669984997453000020e+01
-7.754332499999999628e-02 1.905570379820000104e+00 1.878169638322000168e+01 2.478979402044999958e+01 9.579344400999999509e-01
2.965063225799999813e+00 9.549821197000000206e-01 3.914384653209999954e+00 2.911295429850000005e+00 -1.970369388000000124e-02
-3.350363876999999657e-02 3.956320567750000183e+00 1.916627710069999990e+00 -8.143294499999999270e-02 3.980759336140000215e+00
8.866303834050000887e+00 -4.760330633999999839e-02 1.795904270030000083e+00 2.678628242582999874e+01 -2.958826238999999816e-02
9.812714792445000000e+01 1.770249935736000069e+01 1.496236223392000113e+02 1.655735699403500121e+02 6.810071187850000207e+00
1.942156600759999963e+00 2.979884949240000136e+00 9.133913396799999695e-01 9.079212735999999673e-01 -1.273041198000000006e-02
-4.521688919999999889e-02 1.984240893529999994e+00 1.932787407710000016e+00 9.295234365700000279e-01 -9.450748709999999900e-03
1.886644795815999842e+01 -4.404226364999999643e-02 4.797065185520000163e+00 8.782326986039999284e+00 -2.815056099000000020e-02
1.884494903050000048e+01 1.485628715454000037e+01 1.275730267512999916e+01 8.858168125200000631e+00 7.942751369989999866e+00
1.788375277100000105e+00 2.475835880173000092e+01 2.766935589399999884e+01 2.797815917819999942e+00 9.925961969439999422e+00
7.878360040099999573e+00 4.879368993920000008e+00 1.381224850591999953e+01 1.188347771487000060e+01 -4.783024403999999730e-02
1.948881923839999919e+00 9.378482885200000174e-01 3.917736731289999774e+00 1.952671546099999933e+00 -1.899321534000000117e-02
1.679673497119999936e+01 1.475544571530000049e+01 1.468813883009999977e+01 1.080754015087999953e+01 2.927121863520000034e+00
9.555579000999999684e-01 2.869689539279999924e+00 7.901771580260000150e+00 9.308055288700000096e-01 9.312281164000000278e-01
2.474219890644999964e+01 7.126317286308000121e+01 1.047626218099999917e+01 4.160885659790999824e+01 2.359848184655999859e+01
7.927752124519999555e+00 8.804719991700000747e+00 5.846335897920000413e+00 5.887818136319999951e+00 7.883611184240000291e+00
5.938575929339999782e+00 4.861700428279999819e+00 7.862361895340000295e+00 1.190083239335999998e+01 3.900186170500000049e+00
-4.020854903999999952e-02 9.869129939440000499e+00 1.091103931027999963e+01 1.939429703360000090e+00 1.937053228159999918e+00
2.937737086859999902e+00 1.783060306703999842e+01 7.852123393280000307e+00 9.339539656599999962e-01 6.938701206370000207e+00
2.785893480397000133e+01 2.061408974141999906e+01 8.661990858839999419e+00 2.984934036611999986e+01 1.864641255590000046e+00
7.914648223160000384e+00 1.676744452151000075e+01 6.795315915999999845e+00 5.908802355959999808e+00 4.915474826539999675e+00
2.934110152290000162e+00 1.381305172621999944e+01 6.851174591680000425e+00 6.928965314170000056e+00 2.932894903619999827e+00
9.215109214300000184e-01 2.077855293521999869e+01 2.284229707592000125e+01 4.916993066239999877e+00 1.092169913060000042e+01
2.980681389839999973e+00 -6.586768286999999944e-02 -1.075637069999999945e-01 6.942320935179999708e+00 9.657304065999999798e-01
3.730145584000000181e+00 1.247773585199399946e+02 9.349763705654000034e+01 3.128283974732000061e+01 4.255324463121999656e+01
9.372927775599999567e-01 1.573892417931999965e+01 3.862898277888000109e+01 1.679397206767999862e+01 6.888089832190000372e+00
-2.449123857000000057e-02 3.883493790939999801e+00 6.863155910799999759e+00 9.315223537600000325e-01 1.956647735660000054e+00
4.977370321249999563e+00 9.052270111000000341e-01 4.883116003699999652e+00 5.938550082239999917e+00 -3.633828155999999782e-02
9.651784377700000084e-01 6.905446768150000025e+00 1.486672494899999997e+01 9.300124651600000236e-01 2.954673404399999814e+00
1.572910863010000071e+01 8.128804321810000033e+01 6.997396914440000160e+01 3.647311476805000297e+01 2.965708796447999873e+01
4.926460459640000344e+00 1.379973894125000022e+01 1.871892710343999866e+01 1.584930131439999990e+01 7.899574080229999851e+00
4.945603925120000355e+00 8.843048559899999717e+00 1.278591400866999983e+01 1.288224083272000087e+01 3.922792907619999880e+00
2.973849076290000060e+00 9.345076727500000180e-01 3.903717661960000029e+00 2.947111837320000038e+00 9.669835746099999518e-01
3.962605169830000218e+00 9.896692729599999794e+00 2.276834424601999984e+01 9.568049526099999813e-01 4.932182529680000371e+00
7.502253058000000197e-01 7.734681986370000573e+01 1.044853738266400001e+02 8.724282129269999686e+00 4.054197891956000177e+01
3.899766104499999830e+00 2.574173936996000123e+01 5.638278375920999963e+01 6.890530633540000061e+00 2.881396074547999930e+01
4.932008752279999797e+00 1.282035635967999987e+01 3.259532550659999828e+01 2.925701330879999951e+00 1.087959710530999935e+01
-2.915253828000000103e-02 1.927106002099999937e+00 7.827501029479999595e+00 5.968841478089999875e+00 9.486964451799999587e-01
9.353814254200000233e-01 1.577899974255999993e+01 2.176457972889999937e+01 3.942750495189999871e+00 3.928015364799999798e+00
2.772391823271999911e+01 7.111620628650000242e+01 4.014768647156000014e+01 2.767162745999999895e+00 2.571427183903999847e+01
8.846695439099999447e+00 4.952888004991999793e+01 3.654127080864999755e+01 4.877221521920000136e+00 1.383890387413999967e+01
4.933663553119999712e+00 2.278221684466999974e+01 1.978802475203000100e+01 9.477321093999999668e-01 2.927923837229999826e+00
3.905759910100000010e+00 2.869841930231000049e+01 3.268731572592000134e+01 4.923520427749999762e+00 6.896283418780000396e+00
9.693089007399999790e-01 -4.125407597999999898e-02 -9.351728801999999174e-02 1.921836721250000046e+00 -2.024886600000000078e-02
3.049312046961999911e+01 6.634174938520000353e+01 1.164504450358000014e+02 1.357610206141999925e+02 2.268076989397999910e+01
1.190262117792000041e+01 6.876343093120000027e+00 2.869834067480000073e+01 3.873913848912000191e+01 9.353147559400000199e-01
3.967603805380000015e+00 9.587404249300000014e-01 5.907665402700000179e+00 5.916425209259999818e+00 -2.028958146000000087e-02
9.672140609199999517e-01 -4.007428425000000155e-02 9.007342812999999948e-01 -7.638206282999999985e-02 -1.960744967999999977e-02
-1.440715733999999894e-02 -5.586695711999999786e-02 2.878433845680000047e+00 9.749028628000000474e-01 9.676901270800000177e-01
7.822648558000000474e-01 9.129943133480000483e+01 1.553196193365099873e+02 6.607605636339999755e+00 4.957501922942000050e+01
1.951905245599999894e+00 1.682566298396000093e+01 4.659744093418999711e+01 3.921851046910000083e+00 8.894798206829999998e+00
-2.816197712999999811e-02 6.900537733180000188e+00 1.677151422637999900e+01 4.953636798799999852e+00 2.944707909599999951e+00
9.720540441999999670e-01 8.991723177999999539e-01 8.774003837520000459e+00 7.953937056080000012e+00 1.944114657499999899e+00
-4.092598223999999868e-02 6.824923345420000231e+00 1.883155741471000155e+01 1.958684955320000087e+00 3.935166973869999918e+00
2.177847402340000116e+01 7.906093507303999957e+01 5.608279800660000092e+01 5.780181308190000422e+00 2.867087061830000039e+01
2.895040702200000204e+00 4.354413373663999920e+01 4.554574336216000319e+01 2.890568377920000209e+00 1.784156869475999940e+01
1.946705558329999919e+00 2.377967164728000071e+01 1.478497636886999977e+01 -5.172209640000000053e-02 9.226214281900000369e-01
2.940608100269999969e+00 2.375494868391000125e+01 1.976007079100000041e+01 2.942974813350000218e+00 4.914521257279999666e+00
1.916254731800000055e+00 5.958137034059999948e+00 7.901565715520000310e+00 1.889193236869999959e+00 9.748564643799999541e-01
9.232163596092000546e+01 2.160044179464999914e+01 4.921124608291999891e+01 8.509662073354999734e+01 1.788420660589999933e+00
5.897028662520000353e+00 1.294237846623999921e+01 1.387026235183999923e+01 -1.431187671599999933e-01 1.967824909459999994e+00
-7.285999247999999651e-02 1.960675779800000074e+00 4.915748695639999610e+00 1.908313605200000040e+00 1.977430281499999998e+00
1.282434487095999920e+01 3.906570585639999926e+00 5.846300361599999995e+00 2.379447671280000165e+01 6.949892826520000177e+00
4.923347207630000000e+00 1.381776704402000000e+01 2.375713823946000147e+01 6.909434228050000293e+00 2.933210693459999963e+00
2.265854188775000111e+01 1.002027864372499977e+02 7.501278583155999513e+01 2.623820816549999879e+00 3.671546072950000195e+01
6.844069840300000429e+00 3.960709340935000000e+01 4.948677103271000277e+01 8.813229660539999344e+00 1.486159840230000029e+01
3.944510421069999939e+00 9.855670591450000018e+00 2.380945148196000005e+01 2.932543117379999842e+00 9.515446773400000335e-01
9.081017902000000364e-01 1.378002123679999968e+01 3.069945090778000107e+01 1.089153646399999964e+01 4.923293017819999839e+00
1.983565290187999963e+01 1.384190025610999975e+01 2.468659927524999986e+01 1.279619112990999952e+01 4.937854810640000203e+00
2.759064965199999975e+01 5.266394788688000261e+01 7.529357131014999993e+01 1.055302132313000030e+01 1.586108941854999976e+01
1.183679010138000010e+01 1.861683538160000095e+00 5.717573654999999810e+00 8.821741117860000259e+00 9.444027639700000032e-01
4.949313896839999671e+00 -4.189090121999999861e-02 3.917244603639999934e+00 1.946896019300000003e+00 -1.855555776000000073e-02
2.378296617810000058e+01 1.280344148608000054e+01 3.964309605417999904e+01 2.074680311492999962e+01 4.919883207799999880e+00
9.365052137499999541e-01 8.856162706139999230e+00 4.072881713539999993e+01 1.912303037450000076e+00 5.904172522319999672e+00
2.818904532689999964e+00 5.458628820861999742e+01 4.709511838848000309e+01 2.674220247774000114e+01 2.171610379822000070e+01
1.886842372250000066e+00 2.872654698079999847e+01 2.942845893587999839e+01 1.483665617517000079e+01 1.083019354400000012e+01
1.937392641650000025e+00 5.848972049400000373e+00 2.367253465233000043e+01 7.905265429399999988e+00 6.900653009950000083e+00
9.747979864300000408e-01 -6.066426960000000090e-02 8.870542619940000151e+00 3.964328533119999776e+00 9.596670932799999942e-01
8.867943278100000271e+00 2.874574542359999985e+00 2.474640403279000012e+01 1.186835054043000071e+01 5.940805596899999763e+00
5.681175197730000015e+00 4.366941072128000201e+01 5.029640546531999945e+01 6.626999821120000078e+00 1.283844554454999987e+01
2.279772162896000154e+01 1.281835409476000009e+01 1.161191766648000012e+01 1.579575764544999927e+01 7.912308013279999663e+00
9.892837007289999818e+00 1.190049682899000061e+01 7.794681963020000381e+00 1.089233136560000048e+01 2.951895969480000215e+00
1.979939681749999991e+01 1.581316728730000065e+01 3.461505597746000262e+01 1.280636605750000001e+01 4.908578847800000311e+00
1.382858328262999947e+01 5.873415893249999797e+00 9.781098861609999418e+00 1.184276505180000072e+01 9.373831994800000400e-01
7.442758639000000009e-01 2.079884022599999938e+01 3.964174672648000097e+01 2.735177164680000050e+00 1.189311349835999998e+01
1.483003572035999973e+01 4.869775068800000106e+00 4.817826239629999563e+00 2.484854605582000175e+01 1.933573704680000116e+00
2.929903099770000185e+00 -5.037944687999999782e-02 2.915127122699999962e+00 2.940883458150000074e+00 -2.481844050000000038e-02
2.176745987019999973e+01 2.082878554367999868e+01 2.470312369807000152e+01 1.578808885299999965e+01 5.913507001200000168e+00
4.918730234359999898e+00 9.303995997999999767e-01 8.755390348560000646e+00 7.883819702540000307e+00 3.944478226000000198e+00
3.445201174975999692e+01 4.760590592423999823e+01 2.093081289138399939e+02 4.019186459569999670e+01 4.558610883168999806e+01
1.883469901428999904e+01 6.863117944479999899e+00 5.049411414035999712e+01 2.978003980200000100e+01 4.881415463779999797e+00
2.957161769759999892e+00 9.631710941500000178e-01 4.872870516199999891e+00 3.939453574059999852e+00 1.969360883300000031e+00
8.940417988600000143e-01 9.125279055999999667e-01 2.368365638891999936e+01 1.384858577416999914e+01 4.926711491599999881e+00
-6.424900236000000153e-02 1.899292330640000026e+00 2.672793027287999834e+01 1.590029017936000066e+01 3.935425180000000189e+00
7.654352273719999822e+00 6.149955598279999691e+01 1.316093827214500038e+02 1.249633747777000004e+01 2.363675406954000024e+01
7.841720977999999675e+00 1.675861629262999841e+01 6.335787565252000064e+01 2.275812223879999863e+01 9.847404492849999968e+00
-3.763670184000000168e-02 1.942419698479999957e+00 1.384816431740000020e+01 4.942738391359999817e+00 9.625993499799999631e-01
8.927887062419999964e+00 1.893979598150000054e+00 1.570742436309999945e+01 8.886233294369999314e+00 2.927294667299999986e+00
9.418297528000000307e-01 6.886969104040000289e+00 8.894978601929999229e+00 7.930923826129999910e+00 2.953331151780000052e+00
4.172451545220000213e+01 5.647026447119999659e+01 2.451630923872000167e+01 1.167698746289999967e+01 1.777744142243999903e+01
9.821348949069999890e+00 2.966583052128000020e+01 1.468996648655999948e+01 1.179628487849999985e+01 8.867741296500000203e+00
-4.296113640000000233e-02 5.916218498880000176e+00 9.240196226500000387e-01 1.949701135970000054e+00 9.669343420000000577e-01
-5.744529072000000014e-02 7.885380204799999682e+00 9.898722575020000747e+00 2.932719360420000143e+00 2.955896022450000160e+00
5.931555684450000143e+00 3.976408824519999996e+00 1.874926765999999967e+00 7.895329787149999667e+00 -2.302313706000000057e-02
9.314042378719000226e+01 6.730393201000000047e+00 1.495332010931199989e+02 1.256988077963199970e+02 1.870875437256999874e+01
2.273232579296000111e+01 9.113810233600000421e-01 3.154060966963999846e+01 4.859846514355000124e+01 4.909687941919999687e+00
1.941440100679999947e+00 9.803992069000000420e-01 9.007504343200000152e-01 2.910625693500000111e+00 -1.963884446999999978e-02
1.857145192399999978e+00 1.952810809400000069e+00 1.276112030880999981e+01 1.378799549888000087e+01 9.531433225000000009e-01
