8.880481721700000719e+00 1.088441107220000070e+01 1.081713471427999984e+01 -1.669037529599999847e-01 1.952155527499999987e+00
6.437140445072000716e+01 -5.457545164799999515e-01 2.303466900053999922e+01 9.914071738708000225e+01 1.742037744799999954e+00
2.672869059071999942e+01 2.074087188264000048e+01 2.560208976475999876e+01 1.662166778390000133e+01 7.898462994319999986e+00
1.914531933079999915e+00 8.919755801280000895e+00 1.187707689966000046e+01 1.876152125900000023e+00 1.964901958040000007e+00
5.842503895650000167e+00 7.848644951959999894e+00 9.756330337359999660e+00 1.178093850834000023e+01 -6.199471160999999592e-02
-1.281217605299999895e-01 9.899464899519999861e+00 2.385490777152000064e+01 4.813839089960000095e+00 7.958739285260000074e+00
8.044196837507999476e+01 3.050248868499999944e+01 1.530621625012000031e+01 1.417505585802000034e+01 1.282259393284000026e+01
1.179059628090000089e+01 3.179524828910000167e+01 3.871678469879999795e+01 2.658389619899999889e+00 7.927269691760000292e+00
8.702803014400000148e-01 1.190001621386999986e+01 2.183827924507000162e+01 1.381371525311000070e+01 2.957864687759999889e+00
3.845590451680000132e+00 4.885373873839999881e+00 1.382194927327999956e+01 1.879199232319000146e+01 -4.598350964999999707e-02
1.485424778351999997e+01 8.752975694200000323e-01 1.275452196700000052e+01 1.484061607481999978e+01 2.936117938979999842e+00
8.513681953500000787e+00 3.162965891422999931e+01 1.131698802188400066e+02 7.399970889200000457e+00 2.578083968996000053e+01
1.076350052783000066e+01 3.793674488260000199e+00 4.259893299226000352e+01 1.370216192432000035e+01 8.895746639880000473e+00
9.797053916799999485e+00 1.828885851649999950e+00 1.465562750045999962e+01 2.575968487864999901e+01 -8.989678079999999238e-02
4.868851405550000067e+00 6.891294576940000027e+00 2.777908572119999864e+00 3.846901733950000235e+00 2.944412833079999903e+00
9.027281351800000575e-01 1.924104050570000002e+00 5.830029400739999978e+00 7.874019086479999707e+00 9.569611359999999900e-01
6.841353625566000574e+01 4.951353884350999834e+01 9.493867959089999431e+01 2.628270247985999930e+01 2.873317178450000142e+01
1.485094060049999953e+01 4.880331894380000257e+00 7.499473364800000041e-01 1.481370477900000004e+01 -6.828564869999999287e-02
2.906107920929999811e+00 7.919591125850000246e+00 -1.766960584199999962e-01 1.285754306277999959e+01 -4.530185495999999867e-02
8.859285977849999938e+00 -1.207310264999999910e-01 2.176349229903999927e+01 3.079957294876000162e+01 9.929819166759999760e+00
1.487832004877999914e+01 6.861402396879999976e+00 7.801687077919999602e+00 1.482967099436999980e+01 1.947962520379999951e+00
4.626633269120000058e+00 3.753389591012000182e+01 6.526285907637000605e+01 4.534910262028000005e+01 1.781481627315000082e+01
1.981928262691999976e+01 3.798041886760000097e+00 7.276495625200000150e-01 1.777458426975000094e+01 1.922736282140000030e+00
1.983052721215999981e+01 5.789738539500000059e+00 5.759959128720000265e+00 2.478400047519999916e+01 2.931428581680000089e+00
1.385049779456000074e+01 1.283600505909999967e+01 1.176728806110000036e+01 4.786990318850000037e+00 9.378055593999999884e-01
6.897647338899999703e+00 7.917777635480000242e+00 1.381416961532000087e+01 3.848291804920000114e+00 4.948761846200000036e+00
1.849638447963999965e+01 9.586353189249999573e+00 5.117364569824000142e+01 7.424846468543999833e+01 6.740161587160000245e+00
1.881259042960000016e+01 5.856193581720000374e+00 6.694342848519999833e+00 2.073582837876000085e+01 9.102988463500000238e-01
1.089545066912000060e+01 5.925181696440000145e+00 7.830290980520000055e+00 3.853886084500000031e+00 9.516291757299999432e-01
2.851955668200000016e+00 8.881443236249999984e+00 2.774825810416000138e+01 -2.219033758500000009e-01 4.931968505000000391e+00
8.920216269269999998e+00 9.304023262599999677e-01 8.541596377000000295e-01 3.881079318639999887e+00 -4.154242463999999885e-02
2.132266292427999943e+01 5.142301855792000254e+01 1.756760096116499881e+02 5.102776326778000282e+01 3.664308014200000230e+01
1.583214047943999958e+01 1.858513974140000080e+00 2.269047372313999844e+01 1.677998992543999890e+01 4.915585911560000021e+00
1.187813280756000012e+01 -1.044842822100000013e-01 1.276281259888000008e+01 1.785572720640000099e+01 3.939451521520000110e+00
7.876389163489999845e+00 5.897962518809999999e+00 -2.087529364800000120e-01 8.835542398439999445e+00 -6.287778089999999931e-02
1.089095901580999914e+01 9.161207399799999873e-01 6.825965596719999695e+00 1.287116865111999964e+01 6.950203305999999692e+00
1.946452169836999957e+01 5.162015086369000016e+01 8.404192312888000060e+01 9.316110617199999666e+00 1.374271076570000005e+01
1.584152184436000077e+01 1.877012483599999948e+00 7.343144919999999853e-01 2.078432142636000179e+01 1.928457014059999919e+00
7.893691593739999846e+00 2.920741049640000142e+00 3.822519514900000193e+00 1.285609610793999913e+01 -4.991201370000000054e-02
1.483469965823999992e+01 7.871406342380000254e+00 1.772058370571999930e+01 1.677476124097999843e+01 7.925658511850000032e+00
5.863904966399999807e+00 -1.623887327699999883e-01 1.873714888773999832e+01 1.684018729159999950e+01 3.935138919519999945e+00
2.051921685522000161e+01 4.939311168607999747e+01 2.200176606344000163e+01 3.736937540963000259e+01 1.776125597004000056e+01
1.580450577909999943e+01 4.780795061390000100e+00 3.622554869980000092e+00 1.778384983301999966e+01 -9.309639176999999488e-02
1.980702321536000099e+01 7.755530063840000210e+00 2.961728746589999872e+01 3.075414387520000048e+01 2.905186994670000189e+00
3.891381272859999907e+00 6.869980184290000125e+00 1.478848215416999956e+01 8.721897589900000636e-01 6.949664314179999636e+00
1.888645934449999952e+00 9.881909657739999631e+00 1.581282392830000028e+01 1.083635637635000037e+01 1.957103529949999920e+00
6.335624507554000218e+01 1.330518975494000067e+01 8.926619756050000021e+00 8.305368133755000315e+01 1.743949689859999985e+00
9.847943678260000056e+00 1.584429287298999967e+01 1.275759793227999950e+01 3.778125992320000126e+00 9.409446698500000261e-01
6.878093148339999630e+00 1.687105910509999873e+01 2.580244794980000123e+01 1.835493044599999957e+00 3.949955598279999869e+00
8.662279508200000366e-01 2.085140736381000082e+01 2.077756479030000136e+01 3.853805872360000162e+00 1.946417301199999894e+00
1.189480283598000021e+01 4.869873419000000148e+00 1.776012892874999949e+01 1.285002466383999931e+01 1.941547749679999990e+00
1.161242659676999978e+01 6.653652918123999882e+01 6.811387848258000588e+01 4.443501095960000313e+00 2.378525173646999846e+01
3.856964455479999998e+00 1.383696765014000007e+01 5.686425503519999758e+00 4.800836436169999999e+00 4.926019626859999612e+00
1.183370876256000059e+01 4.811338245740000019e+00 3.644860761759999956e+00 2.777170262751999985e+01 9.122369009499999848e-01
1.789140728925000090e+01 5.877219202080000038e+00 4.762378672159999660e+00 1.883445938712999990e+01 1.943933971609999922e+00
4.901049907520000026e+00 7.881210062360000101e+00 1.785308882174999923e+01 1.485755863422000012e+01 1.959933431000000059e+00
4.846334552895999792e+01 6.332702138199999808e+01 4.413552839423999785e+01 1.823126431113999857e+01 1.877586028057000078e+01
6.849598227999999622e+00 3.080976716812000049e+01 2.376847433688000066e+01 8.350368396399999726e-01 5.938057948920000051e+00
6.875816108739999599e+00 3.582710430929999745e+01 2.478132803733999978e+01 2.816515154999999826e+00 5.941852043999999999e+00
8.762241502900000034e-01 7.856435089699999708e+00 2.380725142152000018e+01 1.382961604639999997e+01 5.946592042499999842e+00
8.992804463200000376e-01 4.919598662900000363e+00 1.383562288084999992e+01 1.586403292047999969e+01 1.959771243080000058e+00
1.242812593840000090e+01 6.954202052034999326e+01 5.111717752428999972e+01 8.234678964149999558e+00 9.775886280759999991e+00
3.873305510499999826e+00 8.992888792300000045e-01 1.796953807279999982e+00 8.836520375430000129e+00 9.513462289599999844e-01
8.824246687000000255e-01 2.916640249679999908e+00 4.821460964779999969e+00 1.584859917724000056e+01 -4.412858048999999949e-02
7.868890277450000248e+00 2.892622481220000097e+00 6.788115887560000061e+00 1.181827868861999953e+01 -4.981261778999999945e-02
2.895723373440000081e+00 3.875236749759999988e+00 1.680723543617000004e+01 9.887032722520000760e+00 1.953636494239999966e+00
5.149611720798999670e+01 2.034388066043999999e+01 1.004124885004999967e+01 6.929036271385000134e+01 7.710812927200000333e-01
1.586626586124999960e+01 1.382504213840000062e+01 1.476353868774000055e+01 -1.760202576000000074e-01 3.943879423779999893e+00
6.890371392399999628e+00 1.685966126705000079e+01 2.179260067450000093e+01 2.845640052839999878e+00 6.950046813190000172e+00
1.887519431000000081e+00 1.485103275338999929e+01 2.078812465500000073e+01 3.835887069640000036e+00 2.948018356109999960e+00
3.909200982879999842e+00 6.886441939840000082e+00 1.980799665553999844e+01 9.860270820400000247e+00 4.949764334600000204e+00
9.605465856100000366e+00 3.751663750984999979e+01 2.915181050232000004e+01 1.745088933438000112e+01 1.077742249759999993e+01
1.587161172759999950e+01 9.854354181070000607e+00 5.732253645450000157e+00 1.382235259495999991e+01 1.934069239999999912e+00
1.688333566112000028e+01 6.865143921339999622e+00 5.764428721409999845e+00 1.583591260975000026e+01 -6.274670912999999461e-02
1.489269389729999915e+01 3.869711399559999876e+00 2.876269726135999960e+01 1.885369080159999911e+01 3.942313478320000009e+00
7.905186903949999788e+00 2.889147083880000189e+00 2.855087737319999874e+00 6.861754876480000043e+00 -3.705494931000000158e-02
1.041962579029999958e+01 1.093332741608000021e+02 7.209959280094000178e+01 1.128969835536000055e+01 3.177623840720000103e+01
4.880943070969999908e+00 1.873670326400000086e+00 8.823830770440000748e+00 1.184233616652000087e+01 9.536483574999999879e-01
3.884005408000000159e+00 4.876747493719999937e+00 1.382359461655999944e+01 1.686028516549999878e+01 1.954742112649999974e+00
7.874042557040000112e+00 8.613504613000000365e-01 1.809836216569999934e+00 1.583112194007999918e+01 -4.701913838999999956e-02
-9.515411009999999448e-02 8.893812999779999728e+00 2.080674045974999942e+01 2.847564327719999788e+00 1.954356977900000070e+00
5.155162160911000058e+01 6.519347030319999625e+00 6.016024835169999818e+01 7.740435831413999779e+01 3.815994200260000024e+00
8.875487208239999148e+00 4.870707409579999592e+00 2.740955854530000124e+00 1.882387713808000029e+01 9.440667136000000514e-01
1.288554605959000021e+01 4.870338561499999663e+00 1.769986101440000015e+00 8.841412975500000826e+00 2.951254530479999971e+00
-9.665203175999999285e-02 1.488774534000000038e+01 1.482036024551999986e+01 1.864588889900000046e+00 4.954500424039999906e+00
1.901279981540000108e+00 1.686850983260000092e+01 2.379544326825000056e+01 4.871611654699999683e+00 2.947300420709999980e+00
3.166777610644999896e+01 4.349519710711999920e+01 1.625949509858000042e+01 4.651515492554000275e+01 5.798378219009999945e+00
6.868562006320000357e+00 1.782028014759000101e+01 4.737640799120000246e+00 3.816643013500000237e+00 1.592429071263999951e+01
1.834215583610000033e+00 3.875581163766000259e+01 1.665605451707000029e+01 3.822508726240000154e+00 1.390482031252999917e+01
4.912874855330000123e+00 1.883622989180000040e+00 1.582225667071000075e+01 4.884483105500000200e+00 4.952736112010000191e+00
8.914385235599999291e+00 1.854213346369999904e+00 2.078638306427999893e+01 1.289545367746000082e+01 9.496182413799999500e-01
4.666183877000000280e+01 2.845655700320000037e+01 2.026819376958000163e+01 5.059194146592000152e+01 5.799173273700000131e+00
5.888621994900000267e+00 2.182902570543999943e+01 2.571714276335000093e+01 7.857896333750000295e+00 3.930642541480000141e+00
3.871512065200000130e+00 2.079395227938000090e+01 3.571199107830000230e+01 2.836600307039999880e+00 1.092267888391999975e+01
9.223527406600000589e-01 9.875560939299999674e+00 9.810740154699999493e+00 5.903895605999999852e+00 5.954906204070000264e+00
9.368358759999999563e-01 7.908185511800000178e+00 1.894040161850000015e+00 1.190053681464000057e+01 -2.895665759999999783e-02
4.358224834819999671e+01 1.023423973122999939e+02 7.925108536429999617e+01 9.372347096320000404e+00 2.481039005974000133e+01
4.898638566679999862e+00 1.486254916410000071e+01 1.782117756035999889e+01 1.586855721435999911e+01 4.951026496039999891e+00
3.927011122750000194e+00 8.885986089659999365e+00 1.587241756176999985e+01 8.897325992460000776e+00 -3.295831031999999633e-02
-1.077451769699999951e-01 1.085633786540000045e+01 1.980610912144999958e+01 1.886783529699999917e+01 1.949574353959999895e+00
1.929459269989999948e+00 2.921907369449999958e+00 1.915845029750000039e+00 8.902007188200000698e+00 1.973861273270000050e+00
4.760640596639999700e+01 3.256220642747999960e+01 8.341110750144000008e+01 8.339724356249999460e+01 1.084533904549999939e+01
1.089689140639999998e+01 1.895945332069999933e+00 2.842015950840000027e+00 5.825505362010000354e+00 2.961755973119999830e+00
5.949020712480000306e+00 -5.525126963999999613e-02 9.282190854699999827e-01 4.929106815499999961e+00 9.819402351399999507e-01
1.912383007130000090e+00 3.904258123119999979e+00 5.857594006920000318e+00 1.788942308813999915e+01 -3.253710222000000263e-02
1.188154780320000015e+01 2.868861461699999893e+00 1.776674682109999903e+00 3.862799881780000000e+00 -5.835486563999999626e-02
3.044575702452999977e+01 6.036901028754999743e+01 1.351221944520700049e+02 2.337157517765999870e+01 2.477910263604999841e+01
2.580815073536000170e+01 1.477803934337999969e+01 3.568418799030000343e+01 2.279792750585000149e+01 2.913221058239999994e+00
1.486886000045999978e+01 8.519267349999999350e-01 1.380744712561999954e+01 1.782940565862000071e+01 9.360125328699999692e-01
4.866694695499999668e+00 5.830972018799999823e+00 1.174333639916999950e+01 1.783036810304999875e+01 1.940330263789999954e+00
3.844770929320000086e+00 8.627481163000000342e-01 1.774254178754999955e+01 1.382909191807999960e+01 1.939858549760000050e+00
4.951792594255999802e+01 5.153769255345999767e+01 4.012987223470999965e+01 2.044211728871999867e+01 1.280282602377999979e+01
2.973169055856000043e+01 3.740494779040000051e+00 8.492818953600000498e+00 2.365932637355999901e+01 8.866078651000000033e-01
7.858455906859999729e+00 2.867880235799999955e+00 1.475323882170000012e+01 1.186008464999999923e+01 1.946605389679999965e+00
1.283007061029999996e+01 5.854673363999999935e+00 3.173032790203999909e+01 1.079196842576000037e+01 3.940590213850000190e+00
1.188434242631999993e+01 3.862761667600000060e+00 1.483463819624999935e+01 6.853300742050000061e+00 1.958157253280000010e+00
1.648306263967999996e+01 2.439758422906000135e+01 1.529182450707999941e+01 5.335475374890000211e+01 1.481014941683999986e+01
1.775890635444000054e+01 -3.142143575999999938e-01 1.264886539203999938e+01 4.365177888104000203e+01 -8.869305599999999234e-02
7.907804536399999584e+00 1.288594562043999936e+01 7.881824405239999720e+00 7.880451783289999845e+00 9.687462261399999441e-01
1.085658408515000062e+01 1.284674702637999921e+01 9.822409524999999419e+00 1.831874605849999949e+00 3.950472871570000155e+00
1.286973068646999963e+01 1.901590676479999908e+00 1.813442332519999978e+00 1.080900431335999912e+01 9.453683123199999594e-01
3.944654048326000151e+01 3.627781273480000124e+00 3.819155994660000175e+01 1.262543457584799995e+02 6.775427085279999595e+00
3.268357419659999863e+01 9.783935098480000647e+00 1.756301118516000059e+01 3.854417414592000313e+01 3.874240122519999829e+00
9.481865542299999783e-01 2.962188956999999956e+00 5.924193719999999885e+00 1.926961543460000037e+00 1.979333659999999995e+00
8.663292380800000636e-01 8.906233460399999302e+00 4.816101986959999692e+00 1.081471192571000017e+01 9.494823071800000402e-01
1.387035666338000084e+01 9.129750782500000161e-01 5.841869758799999701e+00 7.812819136339999915e+00 1.942877183240000027e+00
2.658464819675999991e+01 5.705421744209999702e+00 1.037213756713999935e+01 1.043588018364900023e+02 8.190873488800000102e-01
3.170487403759999978e+01 1.770399195770000045e+00 1.656684396745999877e+01 5.952092953380000040e+01 1.286578710184000052e+01
-5.120911691999999876e-02 9.608911296400000079e-01 2.929242001260000006e+00 2.918907711840000196e+00 -2.242919159999999870e-02
1.891399667149999964e+00 9.251801347599999392e-01 4.846706419460000248e+00 -1.610671116599999841e-01 9.550519481799999433e-01
2.892669342150000045e+00 8.913621065399999210e+00 8.691519390399999878e-01 8.794001504700000638e+00 9.654250690000000246e-01
1.567797348885999931e+01 3.475573686170000087e+01 5.062736107949999820e+01 4.041450217741999751e+01 7.901777464100000259e+00
3.742157689599999948e+00 9.801275570379999635e+00 1.668233192227999950e+01 5.450773298139999667e+01 -8.051930388000000383e-02
1.954699028749999901e+00 -3.619539674999999734e-02 1.943389019000000051e+00 3.911211673419999979e+00 -1.478763540000000050e-02
1.389514008109999921e+01 1.918321283989999904e+00 1.879438745449999892e+00 8.044354022499999868e-01 2.967290090760000165e+00
2.879435209800000006e+00 9.104246215300000333e-01 8.765569493200000561e-01 1.180657665911999921e+01 1.947709461799999930e+00
4.726167471500000161e+00 3.797002891660000046e+00 1.569097735683999950e+01 7.954561994002999370e+01 7.882833749479999597e+00
2.771778912390999849e+01 2.801215672500000142e+00 2.569864968655999959e+01 4.454780770466999940e+01 1.488179127299999926e+01
1.945742662730000072e+00 1.958333021659999895e+00 4.940722059979999692e+00 8.910885987000000341e+00 -2.412612944999999870e-02
1.910624324600000090e+00 2.935182225360000174e+00 9.017958268000000333e-01 3.872417180259999814e+00 -3.849742727999999614e-02
2.828729507879999883e+00 5.902627468380000408e+00 2.082722111616000049e+01 1.277309198164000037e+01 5.942951578499999776e+00
2.368616257428000083e+01 9.819949563910000734e+00 6.667064612979999971e+00 1.856993503600000039e+01 5.895128911199999600e+00
4.625509093879999867e+00 2.279505914599999983e+01 4.569435904366000045e+01 2.453670067119999842e+01 1.187346970559999981e+01
9.874912477600000571e+00 3.930917092600000107e+00 1.687597581320000018e+01 7.847929318580000313e+00 2.961384024360000033e+00
2.855249035860000006e+00 3.921008389329999844e+00 8.510734259200000151e-01 2.180797532013999884e+01 -4.609034054999999741e-02
2.083548831150000069e+01 -1.231887479399999957e-01 7.836688793060000435e+00 1.678111566991999837e+01 1.947778435730000091e+00
5.724758118479999602e+00 1.476964030271999917e+01 2.970604986924000102e+01 6.459561601066999970e+01 1.905386569760000093e+00
3.163989208567999967e+01 7.309828162000000518e-01 3.163557273151999993e+01 5.149708988919999797e+01 5.880556792500000185e+00
7.889763536000000244e+00 9.167641408000000158e-01 9.885040997049999945e+00 1.840906442000000087e+00 1.962350869520000041e+00
8.748031510900000640e-01 2.908995165929999960e+00 3.873175025170000119e+00 2.283162212642000100e+01 -3.987674063999999824e-02
1.684071472309999962e+01 3.880036027300000079e+00 3.829497214539999916e+00 3.747925719039999937e+00 1.947546919100000107e+00
5.753196186540000312e+00 1.480723878551999917e+01 3.072498834154000136e+01 3.260119188299999848e+01 9.206023622500000281e-01
4.466242744235999851e+01 1.872734148712000035e+01 2.762806850109999957e+01 2.434405900799999856e+00 9.890290695339999161e+00
2.877713946840000148e+00 1.905712658749999955e+00 8.754436788399999614e-01 9.803815869699999297e+00 1.961505967429999941e+00
7.886359347379999996e+00 3.910549163079999779e+00 1.587983314659999934e+01 2.181541401184000151e+01 7.965268851590000310e+00
4.883816613199999601e+00 5.904824253180000149e+00 3.863613144459999926e+00 7.765759158559999875e+00 -4.938776387999999767e-02
1.876970749059999832e+01 5.809755573780000404e+00 3.273052900964999878e+01 2.149692835576000149e+01 9.904465677519999289e+00
1.473065760200999996e+01 3.077419005571000099e+01 1.265834118351999926e+01 1.237308669759999979e+01 2.886181612320000145e+00
-6.824005217999999651e-02 -5.937762266999999788e-02 8.914146416010000351e+00 1.183957715504999975e+01 -2.816757828000000102e-02
1.190493635880000056e+01 9.214491637899999699e-01 4.892171536400000242e+00 1.379116325578999991e+01 9.618848910999999724e-01
5.898207223860000070e+00 6.908088664960000180e+00 3.872354717919999967e+00 4.792436310920000331e+00 9.333449930799999628e-01
1.882729753479999957e+01 -1.538895056400000072e-01 7.780010029639999658e+00 4.360290205543999775e+01 1.688656642064000124e+01
1.976767142114000109e+01 1.479220525680000087e+01 2.671990025687999903e+01 3.478349301519999770e+00 3.845421880149999971e+00
8.935104977279999972e+00 1.945878806719999909e+00 7.923736786850000158e+00 5.863565774039999567e+00 4.958221593200000221e+00
-6.059831615999999865e-02 1.944747910640000077e+00 -7.737232833000000365e-02 1.386321040111999991e+01 1.957270619180000004e+00
1.186132434203999964e+01 5.900888071139999802e+00 1.182668382047999955e+01 1.758976515829999920e+00 5.933836134959999953e+00
6.814496474620000299e+00 5.869216488750000238e+00 2.575352209328000086e+01 2.267403206531000137e+01 2.908495963740000079e+00
3.269712550794000094e+01 2.178640917706000124e+01 1.365310913755999955e+01 5.465553378360000103e+00 7.850376672020000335e+00
5.894222530110000413e+00 1.922421260179999924e+00 3.857260546120000022e+00 1.881163417599999832e+01 9.460491237999999470e-01
1.089854380477999918e+01 2.927062869599999839e+00 1.786204929608999947e+01 4.828502720840000428e+00 2.950743044639999813e+00
1.784708044991999998e+01 -1.091459285999999973e-01 9.819358686730000230e+00 3.480436491092000040e+01 3.932708363859999778e+00
3.762311314180000199e+00 1.282595324907999945e+01 3.469039355096000321e+01 2.063446124871000009e+01 3.895173744700000107e+00
2.467113418338999864e+01 1.746110725309999889e+00 3.654049817800000000e+01 6.245864998812000124e+01 1.284768613227999978e+01
3.895170239020000036e+00 4.924841531270000239e+00 1.387403757068000054e+01 8.435975017600000347e-01 4.954611402950000354e+00
1.898537375000000083e+00 2.921682847980000108e+00 4.869963968899999607e+00 1.284036424015000044e+01 -4.577572763999999961e-02
1.088479951256000078e+01 3.920163645999999780e+00 8.751342402099999696e-01 1.076660470783999912e+01 9.391055850999999732e-01
6.779554569880000159e+00 1.185027387168000068e+01 1.177274763119999967e+01 1.555519529913999932e+01 5.885919384540000188e+00
1.671359731640000135e+01 7.799952524480000093e+00 1.700546948750000009e+00 2.640916634939999952e+01 3.851764968279999923e+00
9.095791216599999895e-01 4.939938293450000018e+00 1.907032026440000028e+00 1.682071778815999963e+01 -4.552762139999999569e-02
4.920650391199999696e+00 3.942974341120000226e+00 4.920059629039999827e+00 3.845034981219999981e+00 9.591945846399999587e-01
4.846070483600000145e+00 3.903350767600000104e+00 -1.670646918600000030e-01 1.573422365292999991e+01 -5.203296305999999954e-02
1.479150762000000086e+01 1.186625444753999936e+01 1.578564976156000021e+01 1.862556493527999990e+01 6.929860415200000290e+00
3.367405400901999712e+01 6.778259078559999651e+00 -3.971700296999999824e-01 2.339213185499999881e+01 5.882723036249999815e+00
5.882009964899999943e+00 6.921804440319999863e+00 4.873650772999999603e+00 7.963672878999999982e-01 9.607125764799999690e-01
5.904181289760000340e+00 2.939606111639999853e+00 1.589716707532000051e+01 1.984909638763999951e+01 -3.126553910999999714e-02
8.869992155280000290e+00 4.905654569600000237e+00 6.833679391149999560e+00 7.771007898999999775e-01 1.935865554320000070e+00
1.680178843483999884e+01 -1.476121190399999894e-01 2.775309927328000015e+01 2.865300550778000144e+01 1.090027614367999931e+01
3.370787974672000331e+01 9.780780521080000511e+00 2.468740577200000175e+01 6.488849849920000246e+00 1.185056223167999967e+01
9.006492231999999598e-01 4.926794830879999587e+00 8.873153339850000876e+00 1.282757332197999922e+01 2.949489757559999870e+00
9.899947568800000042e+00 9.291155651200000420e-01 3.872861975560000225e+00 8.850178939679999246e+00 1.951104187189999895e+00
1.883233223660000011e+00 7.914700924999999998e+00 1.084710793564999953e+01 5.786886129360000020e+00 1.939837217600000052e+00
1.779295263246000047e+01 5.842666793940000325e+00 7.732924697239999645e+00 2.262113365775000062e+01 1.189023102344999927e+01
1.373268389072000062e+01 2.380191443114999927e+01 3.366704215816000101e+01 1.550457371409999929e+01 2.862729085349999814e+00
3.896652807939999796e+00 2.923831945649999930e+00 8.866981629899999717e+00 1.980623455805000077e+01 5.945282234429999590e+00
2.909273746799999838e+00 3.928752753970000011e+00 -1.218247508699999981e-01 6.821429894799999616e+00 -5.049469368000000097e-02
7.883173538000000313e+00 -9.268756775999999198e-02 2.385525114509999867e+01 1.280646717870999929e+01 1.093070112392000048e+01
2.832718172249999888e+00 1.087714826228000042e+01 1.579737166279000071e+01 1.366885891525999952e+01 1.898092122049999997e+00
2.774072121292000048e+01 1.379964353863999982e+01 2.070579565802999866e+01 3.050811947289999893e+01 2.884412354815999890e+01
3.938060667279999816e+00 9.541830546999999774e-01 9.285978852099999736e-01 8.785348559200000240e-01 -3.567353399999999980e-02
1.927833292999999948e+00 2.944553601359999995e+00 3.917880022719999911e+00 1.388151816044000064e+01 2.958374148599999920e+00
6.888161534199999991e+00 7.909055176399999887e+00 4.846717629859999654e+00 8.285573440000000289e-01 2.938210688999999931e+00
1.584150417016000034e+01 8.696352182500000083e-01 1.278093775990000047e+01 3.970179661755999945e+01 9.907731876159999729e+00
2.874698395796000128e+01 1.779319066068000055e+01 3.258743255475000211e+01 1.582533550820000023e+00 8.860657793039999675e+00
7.890062129540000413e+00 5.913187235879999726e+00 1.985630783059999871e+01 8.806118433210000873e+00 4.944707854519999835e+00
9.921352512969999538e+00 1.934773948099999918e+00 -1.150322026499999983e-01 9.851386222000000359e+00 2.956535093009999837e+00
9.886792250259999193e+00 2.909740647810000080e+00 3.853590220660000121e+00 5.780878390139999823e+00 1.931396572099999931e+00
1.081802578231999945e+01 2.856423012600000089e+00 1.975799098639999940e+01 3.270624096929999780e+01 8.885627974080000158e+00
1.477334539499999977e+01 1.682396218322000081e+01 2.269055118586999953e+01 5.538208919500000604e-01 5.859348013319999993e+00
4.931105470250000344e+00 2.943808971600000213e+00 6.909165793239999687e+00 4.886412935360000098e+00 2.954512358580000164e+00
6.918377276860000258e+00 -6.585018363000000319e-02 -1.038688304400000040e-01 1.784224605564000044e+01 1.949728981340000056e+00
2.897793770699999882e+00 8.922035782800000092e+00 2.887251659579999963e+00 1.378549301360000001e+01 9.288651843999999880e-01
1.485792214439999981e+01 4.887637792249999613e+00 1.283451675294999994e+01 1.669208216119999832e+01 9.897683217040000869e+00
1.176510524232000066e+01 2.281773451441999967e+01 1.372266107627000054e+01 1.049224214450000048e+01 -1.681747085699999977e-01
5.930646225360000301e+00 2.945644870619999800e+00 1.921842639110000084e+00 1.851545748259999957e+00 -4.729388957999999810e-02
-6.873602975999999753e-02 9.505259776000000160e-01 3.922300864209999904e+00 1.286142026385999948e+01 1.953570825919999976e+00
1.837830353600000022e+00 4.896715064540000384e+00 8.301700094499999683e-01 1.472305344107999936e+01 -5.370371684999999951e-02
1.778796547298999897e+01 1.087267316618000024e+01 6.801261077859999560e+00 6.527168999199999266e-01 6.929463941259999871e+00
2.580634162379999985e+00 1.276396297059999974e+01 3.589070835639999846e+00 5.240230225711999879e+01 8.681383779400000389e-01
8.871809314949999248e+00 1.591837147158999954e+01 1.387089220460000050e+01 5.780734504979999855e+00 2.955609490620000113e+00
9.906043803759999378e+00 9.430144912000000268e-01 1.905384790999999911e+00 8.856420670080000335e+00 -3.040190496000000006e-02
4.882860215420000038e+00 5.917939761839999591e+00 2.865781856279999928e+00 1.275284108091999968e+01 2.931397080780000053e+00
1.183894097295000059e+01 4.882771807160000144e+00 9.822566181430000043e+00 3.065985869178999934e+01 1.290294870223000068e+01
1.474027112669999973e+01 1.181156191104000008e+01 2.704242709019999857e+00 2.345087048082000081e+01 1.844588068580000018e+00
1.090853301962000010e+01 3.937517030920000050e+00 6.896359560399999644e+00 3.814656885399999808e+00 3.949671072010000117e+00
9.171952373799999725e-01 3.943454791000000181e+00 7.909402967720000177e+00 7.830437407459999832e+00 -4.433995889999999690e-02
3.879415012449999978e+00 8.913682708830000578e+00 1.386875712317000087e+01 1.675758668866999912e+01 9.496777974400000266e-01
1.679653397779999935e+01 6.861753023200000356e+00 1.878263085429999890e+01 4.594694066239999763e+00 6.920302117120000318e+00
2.729788238729999872e+00 1.481641056860999939e+01 2.270389107344000124e+01 3.345629745003999744e+01 4.888024757600000214e+00
5.893680853140000231e+00 -7.427843046000000282e-02 1.288683888357999940e+01 6.787753146880000088e+00 4.956280580479999642e+00
6.910574294949999974e+00 3.936163911339999988e+00 8.974498827700000403e-01 1.817561739799999909e+00 9.641668150000000104e-01
1.869122015210000098e+00 3.923090206779999978e+00 5.886032319599999951e+00 1.173799329654000090e+01 -5.985428175000000184e-02
1.285587277311999976e+01 -9.402525359999999721e-02 4.864981099999999614e+00 5.687760753690000115e+00 3.928080466930000014e+00
5.716084048799999984e+00 1.682528204257999960e+01 1.874443034872000169e+01 2.639427726069000002e+01 2.858489709780000165e+00
5.922450146400000115e+00 3.952667184250000076e+00 5.932352500080000368e+00 1.840971638899999929e+00 1.962770300479999896e+00
9.317771368299999635e-01 -4.048999812000000226e-02 4.940174365519999888e+00 8.862775695990000813e+00 2.968013070030000033e+00
8.637752643400000707e-01 8.924024131919999547e+00 8.772166230400000320e-01 1.275985687216000031e+01 -5.602811876999999607e-02
1.382346360310999955e+01 1.893035577170000039e+00 8.838200917260000011e+00 2.565338109910999975e+01 5.923782802139999859e+00
1.370675311043000022e+01 2.581426771279999954e+01 7.718745903200000313e+00 1.846818003339999947e+01 8.770039818399999465e-01
1.190411098985999949e+01 -5.625626904000000095e-02 3.911094260680000101e+00 8.116587870400000515e-01 3.959294331280000190e+00
9.151243055200000143e-01 2.948526809310000107e+00 5.922961738349999727e+00 1.183178051382000007e+01 1.964603873179999960e+00
1.900104177440000042e+00 1.091495173016000031e+01 7.870874856020000365e+00 7.943758462000000131e-01 1.936377484040000096e+00
1.484550669120000066e+01 3.866410049349999767e+00 9.795953252349999474e+00 2.468546687499999948e+01 9.893317522780000317e+00
1.378165983925999960e+01 1.582128494854000067e+01 2.671712673912000113e+01 3.560542457439999975e+00 1.862557843250000067e+00
1.937724721399999961e+00 1.948567652749999990e+00 7.915001989850000363e+00 1.386473456354000078e+01 2.957951119620000124e+00
5.933074257060000356e+00 -5.375855628000000136e-02 1.915707835999999942e+00 7.859706076250000173e+00 9.574736902299999519e-01
2.887923454950000135e+00 3.921097624599999776e+00 1.287072555924999939e+01 1.678732815445999904e+01 4.954988306479999771e+00
1.282453395735999990e+01 1.087907692573999974e+01 6.803819976399999803e+00 2.670115199340000078e+00 2.931550370040000075e+00
1.474386960596999963e+01 7.821225982969999713e+00 2.571309942559999939e+01 5.351865170039999953e+01 6.900043879420000081e+00
1.088446223989999950e+01 2.921367062189999864e+00 7.865375803280000078e+00 3.772947394210000027e+00 2.952620530679999966e+00
-7.695212220000000047e-02 1.944449349499999924e+00 1.909212089599999995e+00 4.850873014100000269e+00 -3.110854571999999846e-02
1.924552786520000058e+00 5.924450408190000239e+00 3.899441320419999801e+00 3.814317962770000126e+00 9.273824874999999635e-01
1.908513637129999996e+00 2.910861695099999924e+00 8.877733840439999469e+00 2.674194919560000017e+01 4.915386731749999960e+00
1.084007583154999921e+01 1.784865134042999912e+01 2.791963831439999932e+00 1.561463654487999975e+01 3.848398954959999951e+00
9.454341086199999911e-01 9.477476273799999573e-01 9.291121031800000374e-01 8.872595189100000113e+00 4.949081446280000129e+00
2.958456911969999936e+00 1.960020767630000105e+00 6.944020379980000435e+00 3.898003791549999875e+00 1.960284991249999997e+00
2.871346031399999887e+00 3.913361776299999928e+00 1.786583651669999995e+01 1.777027960494000070e+01 6.946307878299999850e+00
2.851820555339999785e+00 4.901499287420000073e+00 -1.499222520000000058e-01 7.740102304069999661e+00 -6.325656929999999567e-02
1.271118359173000023e+01 1.580504301160000047e+01 3.171444520090999930e+01 4.150517649503999706e+01 1.387987934899999942e+01
7.887747420080000182e+00 4.924459650290000212e+00 3.884469086020000184e+00 1.799555792960000122e+00 2.954105659200000122e+00
9.192958654599999724e-01 2.944495817580000008e+00 3.919087113879999862e+00 2.085405430205999977e+01 9.660047325399999663e-01
4.912252855520000239e+00 4.928393527879999958e+00 1.907308370900000050e+00 4.817417539550000072e+00 2.932006221840000038e+00
8.967198645999999718e-01 9.919585610560000433e+00 5.889913061999999755e+00 1.578820073344000008e+01 9.199169807500000573e-01
1.281034476453999993e+01 2.836191013230000113e+00 5.789174755200000355e+00 3.358730172436000316e+01 1.384115964799999965e+01
9.206335999000000436e-01 5.932544918819999680e+00 9.117542357200000280e-01 2.182156197016000121e+01 9.344360493100000165e-01
-4.106507544000000121e-02 2.965244099610000017e+00 3.955205282800000166e+00 2.919494074080000168e+00 9.663468814000000240e-01
1.898943920480000047e+00 1.918939068560000072e+00 3.886727762920000107e+00 1.682404699993999841e+01 9.318608430399999421e-01
2.873729895419999902e+00 8.897417362080000558e+00 1.285532654476000047e+01 3.775561992400000122e+00 -8.812053179999999875e-02
7.736210904500000041e+00 7.795291998319999749e+00 3.570318324683999833e+01 5.549891592728000234e+01 2.082106903656000085e+01
5.936761991040000019e+00 3.950872216960000127e+00 7.925157273319999973e+00 2.881279753139999844e+00 -4.456568970000000102e-02
2.948934619200000107e+00 1.958611883599999937e+00 -5.997715550999999784e-02 1.905730497379999999e+00 1.963665914239999921e+00
5.901472041449999928e+00 6.928097233119999920e+00 6.908391009609999855e+00 2.766448560899999798e+00 -6.092483930999999936e-02
1.886575157300000027e+00 1.917087000320000012e+00 6.893847564099999659e+00 3.773452979486000203e+01 8.927485628850000410e+00
1.379289958879999922e+01 1.685894596981999882e+01 2.806616444699999935e+00 1.250259641823999957e+01 8.659443649600000459e-01
3.927240208569999780e+00 1.945300194559999918e+00 -6.896938428000000398e-02 1.283287532683000087e+01 2.954612165969999982e+00
1.945715904380000083e+00 1.961732029520000031e+00 2.949381802380000028e+00 7.871689724120000342e+00 2.966596097340000071e+00
1.088952832252999947e+01 4.912483209800000417e+00 1.085715764048000054e+01 8.234126921800000165e-01 1.937057409379999928e+00
1.881818920467999945e+01 8.620978887999999341e-01 7.755247770739999602e+00 4.365415421494999748e+01 1.589824060071999945e+01
1.974923945480000143e+01 1.880338030516000103e+01 4.066451462119999860e+01 3.545305373290000173e+00 4.853898099230000263e+00
3.910505116900000022e+00 9.320819924800000100e-01 1.188067132001999937e+01 1.682332530128000059e+01 2.949049470719999899e+00
5.923399327080000276e+00 1.936976803849999929e+00 8.959077909999999534e-01 9.851673145870000425e+00 9.524264765500000118e-01
-1.348791790499999921e-01 3.908853115419999913e+00 5.816596760879999550e+00 1.079874312968000005e+01 1.928083027340000033e+00
1.685588763499999843e+01 2.902837828620000060e+00 1.780113444570000070e+01 1.675762538480000075e+01 6.921390609700000418e+00
6.693883188100000048e+00 1.679243378047999968e+01 2.058795172101000048e+01 2.253907905799999867e+01 8.389002412899999594e-01
5.869151107979999615e+00 3.911363380750000118e+00 1.881324993807999846e+01 1.838166468500000095e+00 2.930067581609999916e+00
3.920558235880000186e+00 -5.423369984999999727e-02 5.893716856020000172e+00 1.087563555244999947e+01 -4.148357490000000036e-02
7.914235623739999781e+00 8.924677372619999716e+00 4.892717572789999636e+00 -1.789562808000000060e-01 9.243123201999999816e-01
1.488695310005999950e+01 2.895024660959999885e+00 6.854113346200000123e+00 2.272017345935000066e+01 4.901070384319999640e+00
7.838478203750000262e+00 1.384842110035999951e+01 1.879581613959999942e+01 7.632935041039999646e+00 4.857794611520000139e+00
9.932164691049999661e+00 2.939491013880000114e+00 9.913976260929999285e+00 2.844827858549999977e+00 9.403868349999999765e-01
3.953784465040000029e+00 9.595630406799999790e-01 9.422283246400000589e-01 4.893223122140000214e+00 9.582212060200000492e-01
8.865818300800000218e-01 3.915796723780000210e+00 8.867892891240000353e+00 1.277092392672999921e+01 6.923116977280000306e+00
9.859989961000000136e+00 4.897079922559999687e+00 8.375687560000000254e-01 1.471593061293000027e+01 1.905557724379999929e+00
1.473840199500000026e+01 2.579909245513999849e+01 3.269221238490000303e+01 1.551778134351999938e+01 1.081947552113000022e+01
7.932430943720000016e+00 2.951763285000000181e+00 3.925997802219999944e+00 3.870955613020000019e+00 3.956565585459999923e+00
2.935785616230000006e+00 -4.687296012000000123e-02 1.929470554909999969e+00 4.871049492830000105e+00 1.958578070960000028e+00
1.880172883279999985e+00 -8.364976920000000149e-02 1.186123616787000046e+01 3.076329981387999979e+01 1.953870833719999922e+00
1.480191972855000060e+01 1.587019510402000044e+01 1.978459309388000165e+01 6.450552897399999264e-01 8.926039951379999948e+00
1.173195079455000034e+01 4.814838058100000318e+00 2.471121381040000031e+01 7.948726385938999783e+01 9.893679403240000170e+00
7.882041760639999950e+00 3.925777666900000185e+00 4.867237418180000219e+00 6.784196973100000250e+00 1.955579250890000065e+00
-8.586319301999999209e-02 6.944101757440000355e+00 2.902016487810000100e+00 6.839524411090000200e+00 9.665947333000000086e-01
1.916435619380000066e+00 3.921616763319999865e+00 5.888510457089999761e+00 8.126977529800000211e-01 9.258394779999999935e-01
1.088832820304000037e+01 5.893216566000000434e+00 1.185591118656000020e+01 1.574873004580000035e+01 9.900113367699999500e+00
1.835581599199999969e+00 1.984156194664999973e+01 1.577486297049999919e+01 5.616497897340000378e+00 8.485679209599999995e-01
7.935939975500000187e+00 9.386473478500000356e-01 3.911658885760000093e+00 6.861963973119999949e+00 4.941184043479999843e+00
1.953125094260000028e+00 1.958343767119999912e+00 -6.097724387999999690e-02 1.388258366360000018e+01 3.959527001350000130e+00
9.907348092490000369e+00 9.927158228470000623e+00 2.901382337999999894e+00 1.792930672550000049e+00 2.942436294570000221e+00
2.286412538360000113e+01 2.892903756149999950e+00 7.855559115200000164e+00 8.683766215200000360e+00 7.909403923520000212e+00
5.815327413120000344e+00 1.585356799344999956e+01 1.980408769921999834e+01 1.057179947456000058e+01 2.881836995880000085e+00
4.931742895700000240e+00 2.945925708959999945e+00 7.925405522120000157e+00 8.842357597499999500e+00 9.573931049499999624e-01
2.938134313289999966e+00 9.535689483400000555e-01 -6.563344788000000096e-02 6.861781081600000221e+00 1.961959256389999906e+00
2.880297036029999980e+00 9.247627855000000174e-01 8.823619601200000107e-01 8.768249094510000674e+00 9.512981700400000573e-01
1.883395868643999904e+01 3.894994799500000049e+00 1.583124718552000054e+01 9.682734339999999662e+00 3.929978132500000054e+00
9.722432749419999354e+00 1.181367101820000087e+01 2.716459616639999908e+00 1.845398796426999866e+01 2.881878817800000103e+00
8.912608529759999954e+00 2.947679205060000029e+00 3.916761568240000102e+00 2.834766191639999988e+00 9.636142556800000314e-01
9.257047685199999432e-01 9.562798417600000267e-01 1.926561502280000004e+00 1.386257522584999968e+01 9.689012099199999506e-01
1.291369123732000013e+01 2.927408396160000148e+00 9.045819886599999471e-01 1.803308283200000028e+00 1.938479252600000091e+00
9.863259496030000406e+00 2.889712499519999866e+00 1.184185124544000089e+01 2.566126480399999821e+01 3.901679538339999809e+00
2.179905684267999888e+01 1.983941946991999927e+01 2.877389037109999848e+01 1.539685294399999904e+00 2.865822981600000041e+00
7.938812762000000411e+00 3.948648034720000144e+00 9.928584005859999451e+00 9.856201242699999199e+00 9.564207396399999617e-01
3.942572317059999776e+00 9.570600207999999665e-01 -6.276703608000000489e-02 8.878297794839999924e+00 1.963051671799999953e+00
6.881919379360000200e+00 3.916035841449999833e+00 -1.323587271599999948e-01 1.177503300569999922e+01 9.336737939499999417e-01
7.809367389380000191e+00 9.872254100530000187e+00 2.080223033357999896e+01 7.644828818599999742e+00 3.899454677320000062e+00
1.470664456799999975e+01 8.794816024499999330e+00 2.683899633539999829e+00 3.644047386594999693e+01 1.841030177599999984e+00
9.018484784200000437e-01 3.933233441500000094e+00 4.894808459000000056e+00 8.815429738800000692e+00 9.487360169199999804e-01
6.927622590940000435e+00 1.950292508059999985e+00 6.923562300700000449e+00 3.861038998480000206e+00 9.605043505899999445e-01
1.186982514057000060e+01 4.902712856960000032e+00 1.583545090974999958e+01 2.476164332904999910e+01 8.919562261499999423e+00
8.384924799999999845e-01 1.388095482487999988e+01 1.479270210674999930e+01 1.069245020900000043e+01 1.898616171800000085e+00
3.172964257481000061e+01 1.579631729227000037e+01 2.265660798277999888e+01 2.548720159874000046e+01 1.982737273681999923e+01
1.936701650899999905e+00 3.951557515839999812e+00 2.918165681370000097e+00 8.777511906399999564e-01 -3.984206210999999970e-02
9.266417019999999560e-01 -5.428722465000000025e-02 1.909877677939999963e+00 1.686414922999999888e+01 -4.590468287999999869e-02
6.881748249040000154e+00 -8.911886489999999716e-02 1.284792460761999955e+01 1.779573080285999964e+01 1.092587485556000004e+01
3.837666695529999838e+00 2.877556626210000079e+00 2.778859376892999933e+01 1.671710495821999842e+01 2.900813794139999846e+00
3.070049922922000007e+01 7.784631985600000137e-01 2.862451554949999988e+01 4.847650316085999833e+01 1.981835172874999884e+01
4.932355040240000044e+00 1.951186658149999920e+00 9.156401750800000627e-01 4.873188379640000178e+00 3.958275542440000017e+00
1.938960765200000047e+00 9.531466937200000489e-01 -7.880118209999999179e-02 4.878227394499999647e+00 -3.824431200000000253e-02
-9.286115400000000131e-02 1.092383827903999993e+01 1.086803995240999932e+01 2.803434114269999888e+00 9.265616334999999815e-01
8.889414443199999960e-01 3.907056793000000194e+00 1.484865040649999912e+01 2.276907316016000138e+01 4.912309257439999577e+00
1.480619323670999954e+01 8.838361316700000359e+00 1.572878361273999914e+01 8.605841602950000890e+00 4.845058376449999926e+00
3.939565953459999825e+00 1.952351863400000109e+00 1.919681914699999936e+00 6.883022006440000062e+00 -4.683907701000000062e-02
2.947373392799999881e+00 1.955613814399999928e+00 1.092856744460000051e+01 3.893575360359999848e+00 2.957603153340000013e+00
5.906046386039999874e+00 3.930595511259999952e+00 5.889803781660000404e+00 1.980116646500000144e+01 6.940243539519999949e+00
9.837304017219999253e+00 1.287502379428000054e+01 7.803322963640000332e+00 4.641853599500000094e+00 8.971909120000000071e-01
2.379248066490000113e+01 3.845947881999999929e+00 2.475322035370000151e+01 3.255580719743999651e+01 1.087070123900000063e+01
4.931483407340000014e+00 3.950640940900000064e+00 1.921269085400000076e+00 2.850825565920000138e+00 -4.097690774999999952e-02
9.374293954000000317e-01 1.954824505039999938e+00 -7.324859808000000472e-02 8.869135855679999736e+00 -3.874325498999999645e-02
4.890314996959999938e+00 6.916708090420000232e+00 1.084632760675999918e+01 -1.880461331999999930e-01 -5.780964492000000010e-02
1.484016119988000071e+01 -1.202186156399999983e-01 1.576059165420999975e+01 3.073475578161999877e+01 7.912507001119999828e+00
1.575786679720000016e+01 2.681420703570000086e+01 2.261841645200000173e+01 -4.000434755399999709e-01 6.869074030000000164e+00
5.895235397849999615e+00 5.920211241599999674e+00 1.084490138143999971e+01 5.820822556799999603e+00 3.945012634839999865e+00
3.926198363080000142e+00 -5.978694563999999850e-02 8.885723419000000067e-01 5.891455394340000318e+00 -3.960256859999999879e-02
4.850694378320000055e+00 1.391466455519000078e+01 1.384170071017999959e+01 9.779994724690000751e+00 3.948539831679999779e+00
7.822440094400000099e+00 8.944644341799999898e-01 4.808514627050000101e+00 2.673208064808000017e+01 1.937771795359999993e+00
7.682359512499999710e+00 1.980831575990000104e+01 3.067197968488000015e+01 1.050341157875000064e+01 7.884194323490000045e+00
9.866212569729999160e+00 4.925151044419999735e+00 1.086486666320000083e+01 6.788415462819999746e+00 1.951619399029999924e+00
9.059384162800000473e-01 2.944761896100000165e+00 3.903287598939999992e+00 1.686412323169999894e+01 9.657485084800000452e-01
2.887091585759999912e+00 9.268221578499999946e-01 6.868232069020000274e+00 2.475178287099999963e+01 1.948914138349999936e+00
1.179640173720000007e+01 1.087237275500000067e+01 1.978129139780000045e+01 1.559966202304000049e+01 5.915304122280000243e+00
2.175382718302000029e+01 -1.639647554399999985e-01 7.723062730969999734e+00 3.748268375488999737e+01 4.889262288560000336e+00
7.921298690899999606e+00 5.948189023920000373e+00 7.908652055600000175e+00 2.834751097289999855e+00 -3.160604286000000263e-02
9.138932221600000183e-01 5.944347406140000345e+00 6.904899243790000085e+00 4.821984608720000232e+00 9.630960152499999927e-01
1.687572915604999935e+01 6.899019258580000091e+00 9.826424860239999504e+00 4.787599378100000358e+00 9.370344839499999967e-01
1.480129016172000078e+01 8.410397809599999830e-01 2.470894051219000076e+01 3.069059320299999882e+01 1.089880244587999947e+01
2.571167633174000144e+01 1.676686524595999828e+01 2.663647648523999933e+01 2.059284363744000146e+01 5.853129601200000032e+00
9.050306347000000029e-01 3.921677124519999946e+00 1.485845408031000048e+01 8.852433433739999913e+00 1.951754271320000012e+00
1.190689564836000081e+01 -7.447658399999999845e-02 2.864911792350000042e+00 1.684750852843999880e+01 -4.638565764000000119e-02
7.863653996000000035e+00 1.901179413559999976e+00 4.840700429840000041e+00 1.477943033855999921e+01 1.945169723000000017e+00
4.779253765850000057e+00 2.838151879859999838e+00 1.975641145562000034e+01 5.164435541086000114e+01 4.911567320929999703e+00
2.667882540716999884e+01 4.766977696639999706e+00 1.865884829779000142e+01 5.148611850399999668e+01 4.873208027000000442e+00
4.898014163600000082e+00 7.924614800119999636e+00 1.388496623404999930e+01 1.084455543205999994e+01 1.959005047880000072e+00
9.065311483600000386e-01 2.932499727300000192e+00 8.907900643899999693e-01 6.847367463700000378e+00 -3.839537294999999933e-02
1.888785704000000010e+00 4.927335053900000261e+00 2.869743626220000010e+00 1.180364304000000075e+01 9.307289668600000621e-01
1.383560787883999943e+01 1.894385903060000098e+00 9.806069087199999146e+00 1.469740495227000032e+01 5.897624125920000182e+00
1.171949254661999973e+01 2.481810284895999885e+01 2.567788728380000052e+01 1.044496084394000057e+01 8.222933094400000087e-01
2.943034307040000019e+00 9.615384168399999654e-01 3.932138605000000009e+00 5.891598602340000213e+00 2.963305145100000093e+00
1.936470507679999953e+00 -4.395495536999999980e-02 4.922476520000000022e+00 1.387513141087999990e+01 4.957080235970000359e+00
-1.314776383200000065e-01 9.921081073059999866e+00 1.088187680252000078e+01 1.176811895424000021e+01 -5.280628140000000192e-02
7.803243466999999711e+00 9.890129320659999834e+00 3.826363110700000014e+00 9.662133397779999910e+00 2.923859265329999957e+00
1.472350054488000026e+01 1.584148338960999958e+01 4.675301412932000034e+01 2.650500773639999963e+01 8.892708856380000526e+00
4.920700497800000406e+00 1.956641246750000063e+00 2.932684903020000178e+00 -1.356308752500000048e-01 9.679758286599999817e-01
1.911913362650000003e+00 9.520220467900000205e-01 3.921845627200000184e+00 8.842682208239999397e+00 9.653160429999999570e-01
4.882565189120000149e+00 2.919056367900000115e+00 8.726235990399999753e-01 1.477254787709999917e+01 9.311142627999999810e-01
8.532364928500000278e-01 1.490334951048000001e+01 1.084519656730999948e+01 1.076357806993999944e+01 -8.685789893999999733e-02
5.733568409910000163e+00 5.828455556159999773e+00 4.726548244399999987e+00 5.357401676207999941e+01 2.853143254559999953e+00
1.915027602049999889e+00 6.942973328619999940e+00 2.911108818809999832e+00 7.886669599520000240e+00 9.514777114000000369e-01
3.939619360000000015e+00 1.958040013880000041e+00 1.933650874190000035e+00 1.896697421120000060e+00 2.963835168600000181e+00
1.186678442730000071e+01 4.922478122180000248e+00 2.846134582139999925e+00 1.076852268092000031e+01 9.380784970000000111e-01
1.679580029599999946e+01 1.878971505049999990e+00 2.175376495396000109e+01 3.463050791167999876e+01 1.290283081725999992e+01
2.669204138903999990e+01 1.482384257376000036e+01 4.658919292670000267e+00 2.545607542417999980e+01 6.855913096540000140e+00
6.903345967539999961e+00 5.945099549460000077e+00 4.893983003389999809e+00 -1.669411587599999858e-01 1.954778023190000047e+00
2.910336180059999833e+00 9.482115808000000090e-01 5.894889863999999591e+00 1.283884266729999979e+01 1.959368055050000113e+00
8.846729727400000076e-01 2.914675073040000175e+00 7.812870517070000353e+00 1.776946954014000113e+01 3.936884304279999913e+00
9.819929739159999116e+00 9.868298166640000701e+00 2.771491086424000017e+01 4.643890017260000391e+00 8.905587163019999863e+00
9.731244708640000241e+00 4.803684375110000460e+00 2.760786369099999860e+01 5.646764241857999878e+01 7.853492331350000022e+00
8.914245980400000491e+00 9.391178079999999984e-01 7.867905763759999616e+00 5.826168628079999579e+00 3.954425379159999920e+00
1.920816865639999982e+00 5.939997968580000176e+00 2.876601099180000176e+00 1.859827813039999889e+00 9.546563555200000550e-01
2.903798025299999974e+00 9.916533478719999906e+00 8.853291776160000737e+00 1.077895970912000045e+01 1.945988492059999908e+00
2.179985849319999858e+01 8.832422027339999815e+00 3.673702053891999952e+01 7.536802309999999672e+00 8.895402788400000205e+00
7.668110132200000040e-01 1.780088262804000010e+01 3.267529286999999982e+01 3.547079667927000202e+01 1.878985854199999972e+00
2.944074444239999977e+00 9.519186073600000020e-01 3.912626076790000074e+00 8.870074730729999857e+00 3.968526743680000024e+00
7.929155255120000412e+00 3.938056474720000200e+00 1.891700067799999996e+00 4.833941325709999681e+00 9.615579637600000229e-01
1.905255004700000088e+00 9.303953408199999719e-01 9.824166983619999627e+00 1.184436747398999934e+01 1.937531203490000076e+00
8.767359903239999142e+00 1.783109066112000107e+01 4.859242152376000234e+01 5.997859011999999712e-01 4.827730726849999598e+00
1.751328846560000096e+00 1.582215094302999958e+01 4.658494766023999745e+01 2.461498133271999933e+01 4.828137649790000374e+00
1.948244803759999977e+00 1.962640261460000035e+00 1.090702547759000041e+01 6.914648582799999943e+00 1.962832479320000045e+00
1.092097743032000068e+01 1.944828569630000059e+00 -1.271993681699999934e-01 2.874629768160000154e+00 9.454915019799999820e-01
2.909603193240000163e+00 7.932211674290000403e+00 2.180743054815999926e+01 8.546959824400000016e-01 1.927920574550000099e+00
1.777859370090000013e+01 1.826612825600000045e+00 5.518465489499999599e+00 2.664791594892000148e+01 6.813774021040000406e+00
1.180653394944000034e+01 2.084820117888000013e+01 4.058189682439999757e+01 1.675523125460000040e+00 8.842706713980000188e+00
1.944697914200000044e+00 1.957134041840000060e+00 7.861413348890000208e+00 2.909143534440000067e+00 4.952712924140000084e+00
9.132584769999999574e-01 2.935236262080000103e+00 2.581911906199999862e+01 1.863244566110000111e+00 5.932408383600000334e+00
7.885255295510000373e+00 -8.935585631999999612e-02 1.573455382432000071e+01 2.681461070001000024e+01 4.926278208020000271e+00
2.867832084763999845e+01 2.375359357334999899e+01 5.328062357273999794e+01 2.251412892284000122e+01 1.380228204802999947e+01
1.280488566342999945e+01 3.851752205109999938e+00 4.156655790300000319e+01 6.713017967949999942e+00 6.879145693119999905e+00
1.584704422833999971e+01 8.893398573999999890e-01 1.666855881512000082e+01 1.877330513313999916e+01 5.909093437560000162e+00
2.911202400540000124e+00 6.931225734999999943e+00 1.080954547490000017e+01 4.864331117119999881e+00 9.441010235800000316e-01
2.902148410080000129e+00 1.924444533259999979e+00 1.883382075720999893e+01 8.612859391300000667e-01 2.956529642520000056e+00
2.461512417783999851e+01 1.070635503917000086e+01 5.335812466710000201e+00 4.443486767451000219e+01 8.193067794999999709e-01
1.883021943808000032e+01 1.286139529561000039e+01 2.470732689256000114e+01 3.755591718609999852e+00 5.918257126320000339e+00
9.259000659999999661e-01 9.357202273600000453e-01 1.488054616476000014e+01 8.924623750000000300e-01 4.964121994460000131e+00
1.882282392200000043e+00 1.190534398157999973e+01 2.079952954410000032e+01 4.832325714289999574e+00 3.942584635539999827e+00
1.930420740800000035e+00 9.449215835499999994e-01 6.852155430399999858e+00 3.905327513470000067e+00 9.602850649599999899e-01
2.957035816784999938e+01 3.563983259279999771e+01 1.080748169761599939e+02 3.237081025253999655e+01 3.374321974216000086e+01
1.388248801151000045e+01 2.906421354479999941e+00 1.075309218335000061e+01 1.183589214186000049e+01 5.933625619199999868e+00
5.925095376359999833e+00 2.935844951159999994e+00 2.841264231959999886e+00 1.288019746516000019e+01 4.958232477170000152e+00
6.871000198660000002e+00 -1.050997679999999962e-01 2.373237103632000000e+01 2.580537040307000041e+01 8.927257722389999373e+00
1.922336470999999936e+00 3.911945517219999946e+00 2.178861705318999853e+01 -1.165765154400000003e-01 5.946451133280000079e+00
4.700647493239999974e+00 4.466099659679999689e+01 3.517921297080000187e+01 4.853867711169999666e+01 4.794387844730000126e+00
5.898018926399999806e+00 6.873694244080000182e+00 4.703547743599999720e+00 9.833302486000000897e+00 9.273660064300000005e-01
1.288789193865999927e+01 5.874018726840000149e+00 2.169602631040000063e+01 8.830087625160000897e+00 6.923401241919999727e+00
1.938417099680000089e+00 -6.736290965999999769e-02 1.083273691808000017e+01 4.901621687329999588e+00 -4.412881295999999953e-02
9.243830056599999789e-01 2.925582805199999914e+00 1.583362333590999960e+01 4.887697767079999700e+00 7.960464897919999672e+00
1.963097185699999869e+01 6.655130964976000030e+01 4.508086726711000125e+01 2.638224300321000015e+01 1.078039959590000052e+01
4.896393191599999639e+00 6.895542322239999855e+00 7.702130593900000655e-01 1.285773976317999967e+01 -5.432284115999999607e-02
7.916404374439999891e+00 1.910230745600000057e+00 8.829409626000000344e+00 1.586813419347999954e+01 9.558461337400000479e-01
5.914794651720000296e+00 -9.407510990999999601e-02 1.579844560695999967e+01 5.866527493679999594e+00 3.955931690799999956e+00
9.337008617199999971e-01 4.924032097459999591e+00 1.087114860199999988e+01 8.900489196360000577e+00 1.967010546800000093e+00
5.158472878204000267e+01 2.756419330645000088e+01 2.712612680604999937e+01 5.341032363690000295e+01 9.789170855049999176e+00
1.911494331020000104e+00 3.905728000959999946e+00 1.822257969949999890e+00 1.487618688056999972e+01 9.559278611199999443e-01
1.934353613180000098e+00 1.929352094029999964e+00 2.870053976099999904e+00 6.906170670009999846e+00 9.674560038699999698e-01
1.901811488149999896e+00 6.899595607600000235e+00 1.479184386720000077e+01 9.859420884160000398e+00 1.951670497879999910e+00
7.910679475070000244e+00 5.905976091000000316e+00 1.781116118865000075e+01 1.687075631900000161e+01 2.955186182999999911e+00
7.664601684860000042e+00 6.463831024639999612e+01 7.115626165643999457e+01 9.453735479980000633e+00 1.479956393670000026e+01
1.188103085552999971e+01 7.879063317740000016e+00 2.763668553420000062e+00 1.784464459847999862e+01 1.941254366059999903e+00
4.903628989639999602e+00 1.900484064200000045e+00 7.963205832999999956e-01 1.387031234099000088e+01 -4.592802060000000103e-02
1.987568713892000005e+01 4.866234847160000321e+00 1.473728690849999978e+01 2.180754622911999974e+01 1.937421242749999939e+00
-6.524964072000000170e-02 2.931428561430000190e+00 1.185433962131999941e+01 9.105213978999999735e-01 3.966085288659999986e+00
3.269203026936000356e+01 4.866752951787999848e+01 3.518799089705999705e+01 4.443324368364000065e+01 8.806343735520000493e+00
2.925452055000000051e+00 9.217446104800000040e-01 9.831386859489999352e+00 3.892381268079999845e+00 -3.856103820000000154e-02
9.453770368299999616e-01 2.940557339999999797e+00 1.885723774399999941e+00 5.918601986249999669e+00 -2.980375802999999865e-02
3.897381850869999997e+00 8.916488515000000614e-01 1.978580287261999970e+01 8.828333827739999862e+00 3.948680131780000213e+00
7.893014098400000123e+00 1.900129481840000079e+00 1.081939993355000063e+01 1.786172747903999891e+01 1.954699347890000105e+00
4.950127360399999787e+01 5.751704858565999956e+01 1.030896070529000070e+02 4.725887223449999652e+01 2.278470918713000160e+01
5.901930767129999644e+00 3.904731295960000015e+00 -1.699851824999999983e-01 1.087399601767999968e+01 -4.035451103999999900e-02
4.942842651320000336e+00 3.943375418290000045e+00 8.968589950599999971e-01 3.932778100000000165e+00 9.761716492299999937e-01
9.881874213759999748e+00 -1.155840580799999961e-01 1.179076585520999920e+01 2.383101541859999983e+01 9.503037200799999695e-01
1.490123205383999938e+01 6.909037894239999922e+00 1.681454914892000119e+01 1.487653444590000085e+01 5.954987144130000409e+00
2.053664684183999967e+01 4.059464553104000117e+01 7.012180717568000432e+01 3.334861289380000038e+00 1.678483438640000003e+01
2.891944183980000194e+00 4.906690502900000084e+00 3.800325770050000163e+00 1.286409118000000085e+01 -4.915181897999999772e-02
2.945028786239999974e+00 1.950192707150000038e+00 8.953586110000000264e-01 3.930797189110000200e+00 9.746828052399999498e-01
1.785932427464999961e+01 3.878831413119999905e+00 8.749256950799999544e+00 2.282985607855999888e+01 4.936985150900000008e+00
1.934347130749999977e+00 2.919557173079999846e+00 1.285450696002999926e+01 2.906805171359999829e+00 2.962689577499999949e+00
3.059826087126999994e+01 3.365162825019999815e+01 1.272443729294000008e+02 3.342000796936000029e+01 1.377678097759999964e+01
1.192205580599999948e+01 1.903670989759999932e+00 1.382730457775000055e+01 1.188516906533999951e+01 4.954682461820000050e+00
3.948360061899999884e+00 9.339152881600000233e-01 2.885825474759999842e+00 6.923577501159999592e+00 -3.063638294999999900e-02
7.900446068719999992e+00 8.768097924400000132e-01 2.378878393991999829e+01 2.384626302870000103e+01 4.941616016480000262e+00
9.300341116000000463e-01 1.089797695382000065e+01 8.844004477349999505e+00 -1.009790849699999937e-01 3.959154122710000223e+00
3.462723010250000044e+01 2.041066877384999856e+01 5.909403621876000301e+01 6.146895032719999818e+01 2.078518365840000115e+01
8.906071714739999479e+00 1.856122720489999933e+00 7.902298539100000019e-01 1.086272452100000052e+01 9.464088269799999509e-01
4.925621947639999831e+00 4.884694040840000362e+00 4.822658742559999823e+00 1.788333510060000009e+01 -4.194772919999999877e-02
6.918370370799999947e+00 1.787455364111999856e+01 1.281505396845999911e+01 3.882640933839999864e+00 4.954656812359999662e+00
5.928591040709999760e+00 4.907846494400000203e+00 3.850787835309999796e+00 3.890211092589999975e+00 9.630135807399999859e-01
1.443664966398000082e+01 7.029067475987000080e+01 7.481168060052999635e+01 5.111976918084999966e+01 2.272238300975000058e+01
5.900840152349999812e+00 -1.316270201399999951e-01 1.578527243763999977e+01 2.881722873421999864e+01 1.946504541439999958e+00
2.949238587900000041e+00 2.933520769559999852e+00 8.891378572320000728e+00 3.922837722490000179e+00 -2.695656509999999964e-02
8.908337778030000820e+00 -1.137499491600000023e-01 9.821460964779999969e+00 6.885130102719999812e+00 4.954050135320000159e+00
9.471311704000000553e-01 3.912822743980000073e+00 4.887542632639999773e+00 5.921504720879999795e+00 9.681048924399999756e-01
2.460903243027999920e+01 7.140792021138000223e+01 2.023625691462000020e+01 1.546679553361000004e+01 1.877915279691999828e+01
1.926825865220000100e+00 -1.171893014999999955e-01 3.857496450520000231e+00 7.895547512720000327e+00 5.956153269539999684e+00
4.953093710000000094e+00 1.922747176639999944e+00 -9.744624647999999834e-02 2.934108677279999799e+00 2.970864720389999825e+00
2.914293959130000111e+00 3.859335571719999969e+00 1.282142981380000002e+01 1.187045535134999952e+01 -5.050786103999999749e-02
5.921956290209999807e+00 3.920270854360000001e+00 7.845040282670000309e+00 1.787529135509999989e+01 9.641344433499999811e-01
7.650211995680000143e+01 1.449405539105999985e+01 6.199163790120000073e+01 1.212556775029700020e+02 7.766427570560000326e+00
2.915894966249999776e+00 3.917147828080000060e+00 2.833944697739999796e+00 5.872792215119999604e+00 9.612558548199999775e-01
-4.998606228000000012e-02 2.949005103779999803e+00 9.090927352900000091e-01 2.927020155870000195e+00 1.978513526900000041e+00
4.902867690079999896e+00 8.900129867400000450e+00 5.811030102300000166e+00 9.855890028550000181e+00 1.954592255359999919e+00
5.931154898880000026e+00 2.927752119660000041e+00 -1.513982785499999872e-01 1.389970699879999927e+01 -3.838175280000000189e-02
5.513955213480000062e+00 6.448536646435999842e+01 8.286477619692000474e+01 3.930961784673999659e+01 2.572387355473999904e+01
7.899927144650000344e+00 8.934610555899999973e-01 1.476412877435999960e+01 9.853070234680000539e+00 9.441388522000000449e-01
9.534784600000000276e-01 9.483496517799999692e-01 1.894902096620000087e+00 2.930012630399999818e+00 3.973896238540000070e+00
4.916693774479999668e+00 3.905968606600000115e+00 7.806173139800000271e+00 9.873058036059999765e+00 9.519259564900000026e-01
4.925431561999999985e+00 5.889338124000000008e+00 1.781519074343999876e+01 2.896044680190000165e+00 4.950653698400000025e+00
1.566361073248000046e+01 5.848671960419000015e+01 4.419130918518000328e+01 2.854361792539999954e+01 1.277294604393999933e+01
-1.213298805599999919e-01 1.980504502201999983e+01 2.869426338266000087e+01 -1.687824183599999917e-01 1.191675823589999972e+01
1.882528162400000094e+00 2.082079282169999956e+01 2.771360041870000046e+01 2.848074034800000209e+00 9.921928040650000113e+00
2.915430948840000092e+00 2.865131043959999957e+00 1.379527529936000008e+01 8.886985154999999637e+00 4.943493528440000340e+00
1.919818330040000021e+00 9.903019282389999844e+00 4.832314388060000354e+00 3.890550878680000046e+00 3.959449694139999920e+00
3.762435986911999919e+01 6.685824750820000162e+00 6.821640183498000454e+01 6.148954335815000150e+01 1.780216886430000045e+01
7.900858446199999996e+00 4.869637673359999752e+00 -2.201781252599999961e-01 8.865063742680000303e+00 9.446099433400000356e-01
8.922317220540000093e+00 4.895401952480000318e+00 8.185762777599999707e-01 9.884575923399999908e+00 -4.271505273000000130e-02
1.901019587600000005e+00 2.086772299860000146e+01 1.477139052479999926e+01 5.856474816959999607e+00 4.943769670400000038e+00
9.337495167999999568e-01 2.914711145580000107e+00 3.872431212700000014e+00 5.908841818349999997e+00 2.966525415930000076e+00
2.865261148489999954e+01 8.844511086079999984e+01 1.651282698360099914e+02 2.035898871239999863e+01 3.177417688106000071e+01
1.091475841637000066e+01 3.893178481420000114e+00 8.833053401280000827e+00 1.387796083079000020e+01 4.957163075479999570e+00
3.945710691219999955e+00 -7.089523055999999435e-02 1.089056861443999935e+01 4.922912786000000374e+00 2.972242587899999844e+00
3.891309796839999890e+00 4.864833125959999727e+00 1.377497803910000052e+01 8.844008264099999295e+00 1.942347793159999947e+00
1.924239049220000108e+00 2.890633558619999821e+00 1.782964203930000124e+01 8.901966211110000415e+00 1.953038953999999938e+00
1.963751694536000159e+01 5.646029272644000230e+01 3.614981477247999919e+01 2.251884276643999883e+01 1.776131467560000132e+01
5.862806224079999851e+00 5.797957888950000083e+00 1.369494863779999960e+01 1.181667607932000053e+01 4.909318899439999662e+00
8.910341237700000860e+00 6.866358955359999960e+00 1.578087919608999989e+01 1.687711693877000130e+01 1.940024902700000053e+00
1.192208347883999942e+01 3.883445171500000015e+00 1.281414625086999948e+01 9.894164351049999695e+00 9.489470705200000467e-01
6.918319340800000106e+00 4.882043717600000221e+00 6.849527012800000314e+00 1.588643307681999950e+01 -4.137209136000000176e-02
3.358830095223999734e+01 7.337234896255999672e+01 5.619177686945999994e+01 9.371195904880000427e+00 2.777648911029999823e+01
4.881339829219999871e+00 4.872709076179999599e+00 1.797450227119999910e+00 1.286919820299999984e+01 1.943882377850000065e+00
6.932461182639999997e+00 1.899836028560000001e+00 -1.229638838399999962e-01 5.906750570879999884e+00 -3.529920059999999693e-02
2.086713059619000177e+01 1.807266760490000124e+00 1.075909586689999919e+01 2.781579913767999912e+01 -6.639843131999999259e-02
5.928319361039999791e+00 3.907812893170000024e+00 2.382801885033000033e+01 8.896505956560000428e+00 1.957317310010000089e+00
5.359503016115999685e+01 2.856553391638999884e+01 8.098487781119999340e+00 1.064517553167199964e+02 3.789515504380000177e+00
8.887686088500000636e+00 1.185985426008000054e+01 1.173466597530000044e+01 1.284072578365000084e+01 3.939726733600000141e+00
9.046397845900000512e-01 1.288752947823999939e+01 2.178643106487999859e+01 1.869975219799999921e+00 2.948013339780000130e+00
3.912361981960000179e+00 9.898046567650000682e+00 8.806971771449999764e+00 3.874387727199999798e+00 9.519625320400000312e-01
3.921563415100000061e+00 6.892884708999999610e+00 8.824662961199999600e+00 8.891101775879999281e+00 3.956653862500000063e+00
2.762307839889999883e+01 5.752213141341999858e+01 1.917100642340000149e+01 3.849334305600000050e+01 8.798413304160000337e+00
1.787659947431999896e+01 4.844018303240000378e+00 1.374706449301999989e+01 1.683409086548000033e+01 -6.390406061999999443e-02
1.091090703889999958e+01 -1.169884781999999956e-01 1.281443275840000062e+01 1.188191650871999983e+01 9.507405368800000423e-01
9.080269397200000370e-01 1.488280454735999925e+01 1.180589869073999942e+01 4.872936835760000029e+00 3.951687966340000191e+00
9.340815519999999816e-01 9.897734424430000288e+00 1.386382473265999948e+01 5.901019489590000333e+00 2.964610490880000171e+00
5.752051840371999702e+01 3.331155118795000192e+01 3.310624996899999672e+01 4.138771595450999996e+01 8.763352255710000094e+00
9.894404843289999363e+00 -1.555820816400000084e-01 3.778235253220000089e+00 2.084265321510000035e+01 2.941036232250000104e+00
-5.244819335999999915e-02 9.198723197800000584e-01 3.898376849199999938e+00 3.924574825000000100e+00 1.971524275039999941e+00
8.995618014399999751e-01 2.083103468283000126e+01 2.180308133416000160e+01 6.861242489920000409e+00 3.945737166879999869e+00
8.923605125399999949e+00 2.918613743399999905e+00 9.827816036859999826e+00 6.890510416749999756e+00 9.573156648999999740e-01
1.761911265024000173e+01 4.665529921636999688e+01 8.710087351299999625e+01 8.443749633119999487e+00 2.778753330640000030e+01
8.885288500650000643e+00 5.883066380669999873e+00 2.759891052810000023e+00 2.584930875749000023e+01 9.415453002400000493e-01
7.933046845039999795e+00 4.926763744699999670e+00 1.848250822160000029e+00 5.909192710350000155e+00 -3.599735093999999885e-02
2.088508047644999976e+01 1.874734199840000004e+00 1.875424629484000150e+01 2.483134949176000106e+01 1.937621312749999936e+00
4.915653476090000140e+00 -8.647876223999999279e-02 8.823657893760000093e+00 1.488245897706000065e+01 9.583302093400000166e-01
1.856641543858000176e+01 5.852755581008000263e+01 6.419373499099999947e+01 1.945557056414000030e+01 1.380613117855999938e+01
9.890432604909999981e+00 2.885945609909999821e+00 -2.536032159000000119e-01 1.784056930055999857e+01 9.409830468400000036e-01
7.903913665760000207e+00 6.902357143839999765e+00 7.964018668000000245e-01 1.586259823227999988e+01 9.511108785999999871e-01
1.687100694191000017e+01 1.869387301549999991e+00 1.773381487589999850e+01 2.183166817249000147e+01 1.938391532030000031e+00
3.933116893839999850e+00 9.338379566500000228e-01 8.860144318650000628e+00 2.907215065379999963e+00 2.964049812119999849e+00
3.952485954849999672e+01 5.063762693147999983e+01 1.770148286531799897e+02 3.537692436825000186e+01 3.475247621236999862e+01
1.490313903278999952e+01 1.901307531260000072e+00 8.799925779900000578e+00 1.686578221024999991e+01 2.947718217089999815e+00
1.946193633470000073e+00 9.442463473000000107e-01 7.886085526879999641e+00 4.927242385039999562e+00 9.721243959399999968e-01
3.902952045100000156e+00 3.902233064799999873e+00 1.278909707296000065e+01 5.868230997390000425e+00 2.950611100500000195e+00
1.920024939980000012e+00 1.786877845695000033e+01 7.836190318249999898e+00 8.924010871599999950e-01 5.955552456090000391e+00
3.557377193471999988e+01 3.401957378560000134e+00 5.117623545616000058e+01 6.845299410479999835e+01 7.802314220799999589e-01
7.866531323360000272e+00 1.181076326804999965e+01 1.734837395600000054e+00 1.180040532906000017e+01 8.926739315100000738e+00
7.923180701599999765e+00 7.885700874080000311e+00 8.550809765200000356e-01 1.890603019999999912e+00 2.958196650870000166e+00
8.905051331200000142e-01 2.081789961185999971e+01 1.876156135948000170e+01 8.391412705599999855e-01 5.940820181760000374e+00
-8.403969105000000384e-02 7.930347122329999721e+00 1.385687267437999992e+01 2.890403160600000021e+00 3.967058813079999968e+00
4.655739696175999853e+01 2.560786608455000035e+01 6.227811439899999968e+00 6.144891068420000124e+01 5.818288170479999799e+00
3.851153994999999775e+00 1.986708703196000059e+01 2.673669510630000090e+01 3.798072701590000211e+00 5.940405511169999819e+00
2.929283459490000130e+00 7.938135077120000105e+00 8.884909993320000865e+00 -1.053431503199999952e-01 2.971726023360000024e+00
8.822810281599999804e-01 1.190236617695999932e+01 2.280511723676000102e+01 7.855359779869999670e+00 3.954501275350000178e+00
5.907984866699999671e+00 3.894919718979999779e+00 9.832813625889999187e+00 5.890156405439999965e+00 -3.894661115999999840e-02
1.051562028350000055e+01 4.543778422692999897e+01 6.911682831708999686e+01 4.839768471603999700e+01 1.278652654120000065e+01
2.981957930724000150e+01 1.781167488859999981e+00 8.674089651450000105e+00 2.978619913433999855e+01 -8.030941181999999567e-02
-8.310873374999999674e-02 2.902915250039999950e+00 1.284837861910000001e+01 1.389836946848000032e+01 -3.614922188999999952e-02
8.878496026949999731e+00 8.862430220460000285e+00 9.783618483250000608e+00 2.851803328259999937e+00 1.950370102009999940e+00
5.916981535889999755e+00 4.926328708279999802e+00 1.842411548360000095e+00 1.488367925582999973e+01 9.624785538700000309e-01
1.561816539087999978e+01 4.362046628984000307e+01 7.027300999150999417e+01 4.411398520000000545e-01 3.381914043790000335e+01
1.868378275640000030e+00 4.875064359079999576e+00 6.749101111659999930e+00 1.380542546767999923e+01 -6.205170239999999865e-02
2.947374340500000134e+00 1.951686364159999965e+00 9.093448696599999437e-01 1.933814096479999911e+00 -2.313756575999999926e-02
1.789558462853999998e+01 2.903674751400000087e+00 3.803974823289999918e+00 2.084328642044999924e+01 2.952895721700000031e+00
5.902469136059999677e+00 -6.806403269999999894e-02 4.838227041379999704e+00 4.872207867350000221e+00 2.961004575000000028e+00
2.153167593663999924e+01 3.766757322979999856e+01 2.920498658354999932e+01 1.935129433447999858e+01 8.804074450050000777e+00
8.265400365699999696e-01 8.880924338099999815e+00 2.969973948647999862e+01 1.276655994400000083e+01 5.929326157020000210e+00
9.457923278800000055e-01 -3.688443863999999600e-02 5.914031984880000259e+00 9.184477095999999952e-01 9.781713780399999836e-01
1.287812167815999942e+01 9.147628284400000087e-01 4.807527813770000158e+00 6.855882249309999565e+00 2.951083484399999790e+00
3.891200986299999887e+00 1.889456863519999974e+00 9.804201421600000188e+00 1.285950246007000075e+01 1.955787437899999981e+00
2.752422186304000107e+01 6.760317906896000295e+01 4.918955807695999738e+01 2.145198788229999920e+01 1.381936199963000078e+01
8.793066777660000000e+00 1.178918861592000056e+01 4.598857615280000033e+00 2.471095019427999873e+01 3.914402482119999860e+00
1.893123897950000023e+00 1.892308043269999906e+00 5.799506191799999932e+00 1.186893983244000061e+01 5.955628316640000364e+00
1.488440150123999928e+01 8.810940274299999819e-01 1.178557385484000086e+01 2.384840456015999877e+01 9.522624207700000065e-01
3.916345123750000212e+00 8.987887989999999716e-01 5.795942289000000081e+00 7.888171728049999665e+00 9.504084628000000201e-01
1.962807036247999903e+01 4.658744705374999739e+01 7.815022485279999387e+01 1.351803151418000049e+01 1.978414881535999825e+01
2.838109118340000236e+00 1.980746028649999957e+01 1.860547307643999915e+01 7.786530599299999800e+00 1.090077671314999996e+01
6.913936560399999820e+00 8.998662391299999674e-01 2.790667432919999857e+00 7.880674850000000120e+00 1.949588415560000065e+00
1.690065030535999924e+01 2.878358488950000016e+00 5.757105370469999706e+00 2.286528409993999844e+01 9.405215412399999808e-01
6.899316490510000399e+00 -1.035229572000000015e-01 1.081354180375999974e+01 1.586311106433999996e+01 9.494596547200000458e-01
8.615847779999999290e+00 4.763472630095999705e+01 6.936899129223999694e+01 5.535304057860000349e+00 1.282204756434999915e+01
2.180990700490000123e+01 1.280522271333999917e+01 3.663908147170000262e+01 2.372027054999999862e+01 6.902941328799999887e+00
8.905891966020000439e+00 9.030682525600000066e-01 1.782641282283000095e+01 1.387252646383999988e+01 1.952167607840000096e+00
4.892800422829999718e+00 2.889877470600000109e+00 3.080707550572000031e+01 3.855022773700000016e+00 4.946257522219999814e+00
8.907559534080000674e+00 2.885351239199999807e+00 6.837409799979999647e+00 1.684316399300000100e+01 9.570551008600000076e-01
1.356385849375999975e+01 7.448485217834999617e+01 6.431870228671999712e+01 1.343290623440000076e+01 2.581196473457000096e+01
2.082423639657000081e+01 3.784269437319999874e+00 6.856748773299999877e-01 2.073921256280999970e+01 -8.494628760000000334e-02
6.931145685939999801e+00 9.181980206199999994e-01 3.879412362130000069e+00 9.896897627199999548e+00 -3.263514299999999840e-02
1.488516145620000053e+01 8.858276582580000280e+00 2.878878815678000080e+01 1.087492529504000061e+01 6.943476285160000039e+00
5.902409032439999592e+00 9.208379709999999774e-01 1.483251018450000025e+01 1.187469672195000037e+01 -4.134178116000000042e-02
2.657541116411999838e+01 5.063846934821999923e+01 7.727286910739999826e+01 3.430167301210000019e+00 3.180868286971999837e+01
2.279886083645000028e+01 1.283471664880000063e+01 3.265613430855000132e+01 2.074195452377999871e+01 1.291205093305000062e+01
1.943268461840000016e+00 -4.505268600000000151e-02 7.903358381600000371e+00 5.928478018979999931e+00 -2.477479284000000045e-02
6.874851371200000116e+00 -1.011931315199999931e-01 1.279748826876999956e+01 1.481737859555999925e+01 2.945070360299999912e+00
