8.874448354080000101e+00 6.875807461179999969e+00 1.079108407666999980e+01 -1.627657934400000006e-01 4.945302980150000138e+00
6.147839394062000196e+01 1.487078030000000162e+00 1.729928687183999969e+01 9.343845748840000454e+01 1.778793378050000040e+00
3.469269450824000245e+01 1.372157615254999996e+01 2.852646010444999902e+01 1.459789481201999983e+01 5.868325242510000095e+00
4.919649768230000220e+00 2.925801274349999925e+00 6.872758988920000256e+00 4.882941341779999611e+00 1.966224354319999978e+00
1.845569044999999964e+00 6.857807675200000119e+00 3.967896373329999893e+00 1.180366889925000073e+01 9.323954559999999558e-01
1.866258956000000024e+00 5.901179548830000066e+00 2.384612884086000051e+01 5.807601157649999735e+00 2.958836567880000157e+00
5.341188840542999827e+01 3.855790247384999958e+01 1.729733617476000163e+01 2.713156846624000096e+01 1.081627415408000026e+01
6.752040855999999813e+00 2.882319314977999980e+01 2.772114551199999966e+01 3.661649003199999974e+00 2.924932840949999946e+00
2.862570676889999888e+00 6.891137419119999663e+00 2.084671664652000089e+01 9.801113559039999146e+00 4.956848573540000302e+00
4.850213973799999856e+00 -1.144506307500000042e-01 6.794572210450000149e+00 1.678678214641999844e+01 2.954873663939999950e+00
8.826180525359999862e+00 3.856465928830000056e+00 1.472087436530999938e+01 1.679767142516000078e+01 3.924393091779999843e+00
4.428455696690000387e+00 3.650087545336000261e+01 1.250242249852800001e+02 7.302602310380000183e+00 3.374191415175999964e+01
1.070815374380000051e+01 5.751462193620000107e+00 5.449192444143999836e+01 3.768288984379999818e+01 7.870036471999999783e+00
7.763196208400000131e+00 8.030779272999999385e-01 2.260005682190000087e+01 3.373037611809999703e+01 2.900459895420000045e+00
4.854709535359999606e+00 5.879850613440000373e+00 9.779576389120000712e+00 1.382575352899999999e+01 -6.362588799000000461e-02
3.904148645139999818e+00 9.187920827200000140e-01 2.831550284279999996e+00 1.188559396137000057e+01 -4.551643449000000036e-02
5.351655821490000164e+01 4.253907122367999705e+01 1.170319578673600063e+02 2.729972807560000092e+01 3.072951542667999902e+01
1.083691109431999955e+01 1.185696013251000025e+01 -2.883242401200000193e-01 7.829768818879999870e+00 -7.620787151999999787e-02
4.910627260850000120e+00 2.927046540000000086e+00 8.426747368000000460e-01 6.885455340400000068e+00 -4.242967109999999653e-02
8.843524218629999822e+00 8.734106468800000300e-01 1.172700093719999970e+01 2.282921999527999901e+01 3.925248271960000146e+00
8.875363575510000658e+00 3.870622482699999978e+00 2.799693641999999816e+00 1.982256597163999956e+01 9.489187804599999998e-01
6.392573534799999013e-01 4.553377527439000261e+01 5.428392459652000213e+01 4.138386097578000289e+01 1.581360186849999927e+01
4.824201724519999956e+00 1.078901045075000020e+01 -2.933440920000000007e-01 2.175344317740999855e+01 1.927548441919999966e+00
2.383401253686000132e+01 1.082199554209999981e+01 2.727891290010000080e+00 1.877223798325000104e+01 -6.702446168999999510e-02
1.087151387635999988e+01 7.864407417499999831e+00 1.678402356020000141e+01 1.826555168180000077e+00 2.947368513359999831e+00
5.899156106460000437e+00 7.914326174450000195e+00 1.482693079110000056e+01 2.854075220309999938e+00 -5.017841136000000118e-02
2.252491359089000156e+01 1.367028047336000007e+01 4.015866502283000017e+01 7.131161171844000535e+01 1.176924512639999953e+01
1.682245483639999861e+01 5.862446162880000422e+00 5.681374356480000110e+00 1.374457071199999980e+01 -8.726364008999999700e-02
7.891843684040000362e+00 4.915346332999999568e+00 5.817936337259999924e+00 1.184353426344000049e+01 -5.425634015999999948e-02
4.847048923910000084e+00 1.188162612210000013e+01 1.974519515720000129e+01 1.770189821300000022e+00 3.926087943879999820e+00
5.921444780069999858e+00 1.930911390199999911e+00 -1.511726733000000045e-01 6.889980712389999873e+00 -4.118824484999999980e-02
2.136269461872999997e+01 4.445209561392000097e+01 1.557592239434800092e+02 4.011363005882000010e+01 5.067430358784000077e+01
6.843199389999999660e+00 5.862346152179999770e+00 3.171028413532999934e+01 1.677504385808000009e+01 5.919830535120000015e+00
7.881368064200000134e+00 8.995951118799999646e-01 1.177773258666000089e+01 1.481812227762000056e+01 1.939467369169999955e+00
3.885436993899999969e+00 2.904257481600000190e+00 7.768924951600000295e-01 5.842192925310000007e+00 -5.647404726000000014e-02
9.899800160139999861e+00 1.920391644800000019e+00 2.830134645659999837e+00 1.385754095839999955e+01 9.516453635799999589e-01
1.646015094970999826e+01 5.355596041055999734e+01 6.205802948072999925e+01 4.234712957420000201e+00 1.475067549813000056e+01
1.684628937961999995e+01 5.871562184760000136e+00 2.741070207900000000e+00 1.576939583338000084e+01 9.297410406399999605e-01
5.906769638280000123e+00 -7.711267472999999706e-02 8.466885954099999667e-01 1.185624874514999938e+01 9.565622531199999834e-01
1.283884577769999957e+01 5.861442371999999956e+00 1.372870313600000003e+01 2.577028377076999988e+01 8.924573203379999597e+00
9.846647255440000635e+00 2.828094079079999990e+00 1.272181176535000091e+01 1.781236811052000135e+01 1.930544751800000070e+00
2.848959470000000138e+01 5.844051182740999906e+01 2.701258764399999990e+01 3.830978754093000305e+01 9.747000122319999349e+00
2.578796730520999958e+01 4.766979708680000094e+00 1.581081433040000039e+00 2.971015953870000104e+01 8.986185402399999855e-01
2.281952616799999944e+01 3.786476765080000195e+00 2.164093476465999899e+01 2.876392107739999915e+01 -8.532942084000000316e-02
1.897453981369999987e+00 7.879935234140000411e+00 2.880101409914000143e+01 5.859098523600000163e+00 1.949649836240000100e+00
4.885457780120000315e+00 6.877804874199999752e+00 1.880641976697999951e+01 1.384035299005999953e+01 -4.650353370000000208e-02
6.639069907840000440e+01 5.327004452999999806e+00 6.929356409900000457e+00 9.615688743814000361e+01 2.750694767220000170e+00
1.784557819962000025e+01 5.823854574720000343e+00 1.472884149048000069e+01 5.777533336380000328e+00 2.937988504379999810e+00
4.868994281450000017e+00 2.085402548468999839e+01 1.277386066110999963e+01 1.817577890389999951e+00 9.474212613700000452e-01
8.753432169699999488e-01 1.485872159820000071e+01 1.878687088435000163e+01 5.814289036859999982e+00 1.949694626000000097e+00
8.882277872399999552e+00 3.859321791999999807e+00 1.673780620922000040e+01 1.083799989631999949e+01 2.936040958199999995e+00
7.571694440239999935e+00 7.346373460921999765e+01 8.997276896011000247e+01 1.375040087929999988e+00 2.575518482240000040e+01
2.842110482699999885e+00 9.793009418320000492e+00 8.656468891199999405e+00 1.178840162802000080e+01 6.919558855450000046e+00
1.481851751387999983e+01 5.786839603769999840e+00 4.614974691529999618e+00 2.671973144640000086e+01 1.903246122889999947e+00
1.488075123948000034e+01 4.854855827839999804e+00 6.738061785280000215e+00 1.282943459992000079e+01 9.390247228000000446e-01
1.909603510760000011e+00 1.879156553600000112e+00 1.584791477583999963e+01 7.869558296600000169e+00 -4.029150438000000251e-02
4.945149194359999711e+01 6.632251235985999926e+01 4.209893956105000257e+01 1.321067664725000057e+01 2.376764246283000048e+01
8.490501544599999839e-01 1.781183115342000178e+01 1.976475985264999835e+01 1.789055588000000085e+00 6.933633080919999969e+00
1.866393791839999983e+00 8.886626440020000572e+00 2.482065065320000130e+01 3.827881253200000167e+00 9.946604782990000615e+00
-1.281717399600000029e-01 1.285416785920000038e+01 2.479062689160999966e+01 1.082267515558999982e+01 3.945741949119999870e+00
9.917355894399999983e+00 9.194692095099999962e-01 1.184129831351999940e+01 1.688466767695999948e+01 -3.989284992000000085e-02
2.342739134940000056e+01 6.947101956615999541e+01 8.488508064511999862e+01 1.019371334374999982e+01 2.172338627170000080e+01
1.870824784250000095e+00 4.877439353599999805e+00 7.489607872599999272e-01 1.781455952015999955e+01 9.392341434400000022e-01
3.894788938000000034e+00 5.898068078819999727e+00 9.795480104619999295e+00 1.185342637547999978e+01 -4.986402038999999953e-02
1.089060743936000009e+01 8.987586475600000124e-01 1.079257794023000017e+01 1.686130886293999964e+01 2.947339129800000013e+00
2.904196154070000091e+00 4.878194843030000172e+00 1.380576195949999985e+01 8.882068285440000821e+00 -4.656623094000000157e-02
6.650432957200000317e+01 1.431288202524000042e+01 7.006730456239999683e+00 8.229593890370000508e+01 1.758827721260000088e+00
1.286382763894000014e+01 1.683728703475999922e+01 1.374025943840000075e+01 8.332468503400000115e-01 1.938726667100000078e+00
6.875907708399999763e+00 8.853530167260000638e+00 2.075728256364000046e+01 2.836048627379999854e+00 3.940221669520000081e+00
-1.179091825200000027e-01 2.183581351839999840e+01 1.076794412221999941e+01 7.853944665320000240e+00 3.943434609040000094e+00
5.918418666240000015e+00 2.897232126420000053e+00 1.882224884125000131e+01 1.187638080996000056e+01 4.952252245550000431e+00
9.576892287999999809e+00 5.050776704999999822e+01 3.512444044032000079e+01 1.241647440592000073e+01 1.476194436960000012e+01
1.288602969277000021e+01 6.850829492799999976e+00 2.761947324479999910e+00 6.833000112999999764e+00 1.933274192599999886e+00
1.090075642508000087e+01 5.862021377819999657e+00 2.777811401280000148e+00 1.586088031623999939e+01 9.408980017000000418e-01
7.904281918489999725e+00 8.753598001000000295e-01 1.976387533264999874e+01 1.085359363723999948e+01 2.941401197999999884e+00
3.910553933170000107e+00 4.899927433820000289e+00 9.865090356039999619e+00 5.879485834799999644e+00 -3.393468269999999620e-02
7.420362768800000453e+00 8.535984680615000286e+01 8.113463294167000583e+01 1.419136966950000023e+01 2.378656407984000154e+01
5.872874506259999627e+00 2.869543840530000001e+00 4.817989994899999573e+00 1.283979078850000022e+01 2.955105641459999877e+00
8.882694100000000370e-01 8.882105522219999827e+00 9.833196358180000374e+00 9.870907571920000123e+00 1.958825030240000098e+00
8.872115963940000682e+00 -1.396205342999999877e-01 7.819556575400000042e+00 1.583458435960000088e+01 9.543365189200000431e-01
2.900617597560000149e+00 1.189002855180000040e+01 1.879934697819999911e+01 1.856408499020000047e+00 2.955850626000000148e+00
5.661467614173000129e+01 7.566501094460000409e+00 6.116776482769999745e+01 6.742642262504000428e+01 2.819968389930000097e+00
9.869972823819999519e+00 5.863175112659999577e+00 2.742016158300000228e+00 1.883251314424000000e+01 -5.886504089999999856e-02
4.865917609850000325e+00 9.858261288159999580e+00 7.302285085599999892e-01 9.814604965210000032e+00 1.940133627380000059e+00
8.985932326000000137e-01 1.188440358779999961e+01 1.179363010916999954e+01 8.732841491799999689e-01 4.954045050949999585e+00
5.890149213449999976e+00 1.786447034640000098e+01 2.379708338945999913e+01 1.869638263039999915e+00 2.945622344519999825e+00
3.360937557543999787e+01 3.645671400388000194e+01 1.720202953356000108e+01 4.046603806777999779e+01 9.787523068000000492e+00
9.858023109279999474e+00 1.481461681308000067e+01 1.173700410672000061e+01 7.819994003749999756e+00 9.927734554000000600e+00
4.816435596799999885e+00 2.078843724048000041e+01 2.065796786586000167e+01 1.180622907272999988e+01 1.090952675840000019e+01
1.903236133969999910e+00 1.865782023950000035e+00 1.682991313388000165e+01 6.869205901239999967e+00 3.952002335440000014e+00
9.903316904740000481e+00 1.858509561259999998e+00 1.177673319165000088e+01 1.687665721436000155e+01 1.942503478399999928e+00
4.363357343767999907e+01 4.041700306456999670e+01 2.510643327037999839e+01 5.150498423182000352e+01 3.770633681860000141e+00
5.871341900400000036e+00 1.478677577414999966e+01 1.869211156096000082e+01 2.829988938810000132e+00 5.924615495100000295e+00
8.528254996599999860e-01 2.878855179230000161e+01 3.364707004566999871e+01 2.810636206589999908e+00 3.913024402390000045e+00
1.903228953319999972e+00 6.873038312560000307e+00 7.781660985410000286e+00 3.879263136640000109e+00 3.946466897500000126e+00
1.924314299840000020e+00 8.987472006400000213e-01 -1.135964185199999921e-01 4.897465158560000198e+00 -3.462151167000000057e-02
4.152416551620000007e+01 1.024005497961999964e+02 8.726335422127000641e+01 6.332237127520000008e+00 2.379852541625999862e+01
1.883502798140000101e+00 1.286695160967999918e+01 2.682744941789999871e+01 7.853486338159999747e+00 1.948770477560000103e+00
2.910413455680000094e+00 8.861368598820000386e+00 2.086264764551999917e+01 9.894696992740000141e+00 1.960405852160000073e+00
1.871054524550000098e+00 5.825077390409999722e+00 1.980417788704999893e+01 1.082195217956000022e+01 4.943440904360000054e+00
2.915717669400000212e+00 2.909852319270000098e+00 3.875428462989999989e+00 1.888304769639999847e+01 9.705883492000000334e-01
6.051691115215000139e+01 3.945731993977000229e+01 1.032302614225999946e+02 1.062724589752399993e+02 8.803673599679999739e+00
9.903054187720000456e+00 1.892092553299999924e+00 4.846994719519999606e+00 1.684923731792000012e+01 9.607282110999999514e-01
5.937829568609999775e+00 -7.027940051999999327e-02 9.022192121800000075e-01 1.909679168000000038e+00 -2.508808950000000065e-02
3.896429716120000109e+00 5.889562081710000285e+00 4.842097973059999561e+00 5.854337386530000131e+00 -3.795165737999999650e-02
2.943132905100000141e+00 -6.309041075999999304e-02 -1.001726481600000024e-01 4.927832596400000043e+00 1.972229805290000026e+00
1.571727834520000044e+01 4.470415456157999756e+01 9.347306945260000077e+01 2.265433752199999873e+01 1.586542492815999950e+01
1.689426493279999875e+01 5.878989777030000141e+00 2.480805134593000005e+01 1.087166922625999987e+01 1.946091937160000063e+00
5.914953576960000348e+00 1.900737583670000008e+00 8.831487392639999712e+00 1.489501916592000086e+01 1.957039458949999977e+00
1.918846825759999986e+00 6.906414479200000400e+00 5.849322348480000322e+00 3.895120936750000151e+00 2.959679275680000110e+00
8.861010201359999172e+00 9.844709027500000431e+00 2.173278494794000082e+01 1.185330916524000067e+01 5.937581379750000110e+00
5.045742378581999787e+01 4.844916485734000133e+01 3.097302636110000051e+01 2.437581891669999834e+01 1.977687347635999870e+01
2.973110937870000114e+01 3.737648012170000200e+00 5.534205035280000295e+00 3.769437784376000167e+01 8.975237312799999589e-01
7.852411055870000212e+00 2.859063644999999987e+00 1.174459927260000036e+01 1.084385377685000051e+01 4.938993306140000428e+00
8.858684297699999988e+00 7.862343373879999930e+00 2.575069099099999903e+01 4.836832237580000360e+00 1.938718004959999908e+00
3.885696229540000157e+00 5.879742378809999614e+00 1.685462392160000178e+01 5.878406884830000401e+00 -4.280934645000000066e-02
3.245885301786000099e+01 2.331777778673999890e+01 2.727451248643000170e+01 5.841639456341000169e+01 1.279338649600000011e+01
2.177593007664999902e+01 5.710371682559999940e+00 1.767764913246000091e+01 3.177532760917999965e+01 9.154119276100000091e-01
5.900891740439999644e+00 6.872159417199999787e+00 8.867816151839999605e+00 1.489400470490999950e+01 9.647206767999999544e-01
1.185254482008000032e+01 2.082764862687000118e+01 9.812715913990000871e+00 -1.642694102099999942e-01 4.944184712780000268e+00
6.883701623980000406e+00 2.900234325000000002e+00 2.820206694359999933e+00 4.837871007500000431e+00 -4.863009312000000223e-02
3.448235227291999649e+01 5.829782408199999377e-01 4.522560248079999923e+01 1.272982010457800044e+02 9.773373937780000631e+00
2.172604734688000150e+01 6.772505363439999648e+00 2.059670075700000069e+01 3.063401531859999949e+01 7.885358071549999792e+00
-4.914459216000000019e-02 9.613132692400000456e-01 4.924445966150000409e+00 3.934825344220000076e+00 -2.092426668000000115e-02
5.863590370499999871e+00 4.895991852799999933e+00 9.801997223680000815e+00 6.822154733019999640e+00 9.468895546900000237e-01
1.286954726277999939e+01 3.907643799999999779e+00 2.815059160560000162e+00 6.800806044159999786e+00 5.943818500439999930e+00
3.147704052214999848e+01 1.640993063600000079e+00 1.924904674820000139e+01 9.021780476874999977e+01 2.782662225600000205e+00
3.769511237119999691e+01 6.772376728960000314e+00 1.953864203059999838e+01 5.252328820924999775e+01 1.386231073735999964e+01
9.437677652800000594e-01 1.964103427640000010e+00 2.919283822380000171e+00 3.923322272590000104e+00 9.782701461999999681e-01
3.885105626950000168e+00 7.915948669249999625e+00 7.835060821849999968e+00 3.820317251260000102e+00 1.950554437759999926e+00
3.877816619199999870e+00 4.904977059680000195e+00 1.864019746639999919e+00 1.380133438286000036e+01 -3.566343167999999619e-02
2.262461116352000090e+01 3.872636176539000274e+01 4.757857269779999854e+01 3.938299604320000213e+01 1.288565780152000073e+01
1.725885091729999932e+00 1.877603556700000098e+01 1.568350533201999930e+01 4.453649961299999660e+01 1.913403086300000000e+00
2.951432310900000022e+00 -3.798056952000000014e-02 3.943954236999999807e+00 9.136707337899999670e-01 -1.559568167999999914e-02
9.881255231200000821e+00 6.901617205600000027e+00 1.858255135400000091e+00 1.786788355879999957e+00 9.623704941999999818e-01
5.878212808019999791e+00 9.156142162000000528e-01 1.874846443970000109e+00 6.801773057800000188e+00 1.950982258700000083e+00
1.167571648056000022e+01 5.768721315599999677e+00 2.665456865711999868e+01 7.944614387324000404e+01 9.865744618960000878e+00
3.172588760677999886e+01 3.795916271799999908e+00 1.569387044517999996e+01 4.152713136684000261e+01 1.488180475949999959e+01
-5.119520354999999856e-02 1.962116468480000098e+00 2.940503486339999917e+00 5.916289338240000362e+00 9.785268562600000219e-01
2.912113964820000067e+00 6.933650094159999888e+00 2.896324487399999814e+00 1.084959127495999986e+01 9.618382691200000334e-01
8.355016603000000597e-01 9.901375656309999940e+00 1.881771554746000064e+01 1.577252289103000038e+01 4.944145550900000075e+00
2.366398177728000007e+01 1.281218682685000054e+01 7.669570699520000367e+00 1.258115443023999980e+01 3.892702768419999959e+00
8.696662963919999711e+00 3.078129703296999864e+01 5.859256894699999663e+01 1.651336643824999939e+01 1.387808196709999997e+01
1.087401265345999946e+01 5.928854965440000235e+00 1.686590000449999849e+01 1.684220475697999930e+01 2.960914810799999852e+00
2.859426118380000048e+00 9.186800038300000359e-01 6.841100509900000404e+00 1.682226952055000169e+01 -4.489246151999999601e-02
1.084560199903999944e+01 8.800939633600000089e-01 2.847063158040000097e+00 1.480277588963999946e+01 1.948903852159999950e+00
4.692726862879999850e+00 1.177854712751999955e+01 1.569048416889999942e+01 5.360319708336000133e+01 8.981965707400000332e-01
2.368892299352999942e+01 3.739971583029999991e+00 2.963426619666000050e+01 3.955313446555000212e+01 5.886033725759999946e+00
7.892338244120000290e+00 1.918911232099999919e+00 7.885961363599999885e+00 2.844143442570000069e+00 -3.462891911999999711e-02
1.875217317860000010e+00 2.907328690559999984e+00 2.877052121759999803e+00 9.831402158770000455e+00 9.600850119699999574e-01
2.484351321640000165e+01 4.875636212599999908e+00 9.838150452640000765e+00 4.739411206399999799e+00 6.947073530800000007e+00
6.747179220609999639e+00 2.379257580750000045e+01 3.872951380992000026e+01 4.662163306136000074e+01 9.914172468040000297e+00
4.867415940541000197e+01 2.271637184098999995e+01 2.268244894864999850e+01 6.424732453119999853e+00 1.588318685439999989e+01
6.884885519980000090e+00 2.902508728049999931e+00 3.868283891199999935e+00 1.280685091135000064e+01 1.960750579249999959e+00
3.893456638660000024e+00 1.908307888219999970e+00 9.877463127100000406e+00 1.582103659767999915e+01 2.963414268300000209e+00
7.884726910640000419e+00 7.899556090939999997e+00 1.850729571200000034e+00 1.273632385171000081e+01 -4.665867299999999773e-02
2.377142023478999988e+01 1.779397127388000044e+01 2.371735235327999902e+01 2.446393545520000146e+01 1.690524012499999884e+01
1.072826575624999990e+01 2.575653898039999845e+01 1.665458638153999971e+01 1.435469582174999914e+01 8.885516997599999911e+00
9.309026057500000562e-01 1.938881333359999903e+00 5.913661128000000211e+00 1.083506178656000074e+01 1.972181117000000095e+00
8.914150539719999600e+00 1.921668852800000105e+00 3.888218444800000118e+00 1.078914684745999963e+01 9.639970957000000285e-01
6.896903579079999957e+00 -9.225858366000000421e-02 1.870807752379999966e+00 -2.329929019800000001e-01 1.933675055929999997e+00
2.481745751305000169e+01 1.831818533599999910e+00 1.176756415284000035e+01 3.158763431198000049e+01 1.288487573679999976e+01
1.776627282653999984e+01 1.877759998966000055e+01 1.270455911041000086e+01 5.468132255549999599e+00 3.846850513600000188e+00
7.939790881549999568e+00 -5.524781579999999553e-02 1.924731456319999978e+00 3.856982170180000224e+00 5.961654956400000316e+00
-6.401330532000000517e-02 9.414106425999999583e-01 9.210645506800000382e-01 1.685626109197999867e+01 9.601652748700000295e-01
1.085765566006999983e+01 7.900502080219999890e+00 6.818570207619999657e+00 1.748488586419999935e+00 2.934239602439999928e+00
1.808674037479999885e+00 1.086450642704000025e+01 2.474262233881000128e+01 2.366028636288000087e+01 4.906722280010000325e+00
2.768996031193000107e+01 2.377199184855000169e+01 1.259768246808999947e+01 6.475185650500000278e+00 7.850572717940000445e+00
5.889683972940000345e+00 9.194002112800000459e-01 1.855121577500000063e+00 1.879946565939999914e+01 1.944795711979999897e+00
6.896554899999999932e+00 8.926560169829999225e+00 1.285859346025000072e+01 7.819654394239999640e+00 4.951844865770000048e+00
3.843916910679999965e+00 -1.129428108899999950e-01 9.800870478849999401e+00 2.575504822399999938e+01 3.931042407700000130e+00
5.760685520250000025e+00 1.183360934477999926e+01 3.476343638150000004e+01 2.662863583644000087e+01 3.894051871209999849e+00
2.463598655647000157e+01 6.745695558999999619e+00 4.958761691803999838e+01 8.643596547804000352e+01 1.483774705239000014e+01
9.897574570119999748e+00 3.927214081209999819e+00 7.873302018589999562e+00 -1.242276142499999930e-01 4.955707272199999736e+00
1.895947885190000015e+00 2.925294850199999797e+00 5.867636348039999561e+00 1.583422409509000062e+01 9.523670808699999935e-01
5.883406522349999612e+00 4.918347431599999986e+00 -1.240028935200000043e-01 1.476998549232000002e+01 1.939201103540000082e+00
7.766956447100000105e+00 2.484389979538000048e+01 1.375892122928000028e+01 2.054764960886999958e+01 2.883795358800000042e+00
1.669932997153999921e+01 9.800685538030000643e+00 1.701298056079999954e+00 3.243915734622000002e+01 1.854592379390000101e+00
-8.834145524999999222e-02 4.939298233879999778e+00 3.912790830790000118e+00 1.682837058229999982e+01 9.565751029600000344e-01
1.391338875253999952e+01 2.942207854319999871e+00 5.912219692499999901e+00 1.831531443680000093e+00 3.957986365150000019e+00
6.841761777700000380e+00 2.903513523330000012e+00 8.303249292400000092e-01 1.472791723511999962e+01 9.496782907299999854e-01
1.578202697823999934e+01 7.862477001200000259e+00 2.876276678122999897e+01 1.962565488415999937e+01 8.929234356480000301e+00
3.865012468769999998e+01 1.773066834380000012e+00 1.633776877279999873e+00 1.838455975629999983e+01 4.881710454440000291e+00
6.879679776339999719e+00 8.925615882360000697e+00 7.871581859660000013e+00 8.033134234600000090e-01 4.960246113680000235e+00
1.901324246419999975e+00 9.389161973799999839e-01 1.089715388041999944e+01 2.382876948380999949e+01 -3.111306876000000110e-02
8.870701370220000825e+00 6.904248604000000178e+00 5.827710900479999623e+00 8.776010966490000342e+00 -6.388908695999999388e-02
1.979551889956999844e+01 8.476748157700000341e-01 1.971551983843999878e+01 3.765668664350000228e+01 8.898965142479999813e+00
3.470417312192000026e+01 1.977667930639999838e+01 1.763376675794999926e+01 9.480055330000000779e+00 7.851238175059999769e+00
9.012921169600000004e-01 8.927860389930000196e+00 7.869800429899999727e+00 4.827394542020000401e+00 -4.854242844000000029e-02
7.898823308239999896e+00 1.923189252770000079e+00 3.873358085170000020e+00 1.082356896305000049e+01 9.496577337399999541e-01
1.885112960689999895e+00 1.291647239499999955e+01 1.385464104499999927e+01 3.787332219850000126e+00 9.414113991400000492e-01
1.879237531792000127e+01 1.084456408610000011e+01 1.273286478802000055e+01 1.561612842313000016e+01 1.289501303259999965e+01
9.735835425759999495e+00 1.881103760938000136e+01 2.366334862620000123e+01 1.051857561223999937e+01 8.865074919870000514e+00
4.897796241200000011e+00 2.924973644700000097e+00 3.873353331280000145e+00 1.880274268288000172e+01 6.945951896260000424e+00
8.906263911539999967e+00 5.929539992159999606e+00 1.875120030379999969e+00 5.821705534560000395e+00 -4.988709000000000199e-02
1.487195702250000018e+01 5.907226178580000209e+00 9.845876519380000857e+00 2.075173330547999839e+01 1.192468512918000023e+01
4.828080804799999903e+00 1.186424503679999987e+01 2.279403343490000111e+01 1.065922565816000045e+01 8.954964365499999968e-01
2.671358901470999925e+01 2.179175442861999912e+01 4.069972075522999688e+01 2.346519787260000101e+01 1.083819649628000015e+01
1.938449618749999992e+00 2.952708980250000170e+00 9.289101110499999869e-01 1.898589855440000029e+00 9.645880312000000290e-01
1.926022319299999896e+00 -5.667646949999999989e-02 2.914184266499999953e+00 1.385262730400000031e+01 4.956595060549999765e+00
7.885353870080000327e+00 1.090975765375999984e+01 1.184575428309000067e+01 1.789568682500000119e+00 2.937723595500000062e+00
1.383089080172000074e+01 1.866816098299999949e+00 1.576546195497999925e+01 3.768362722405999676e+01 1.290916571872000063e+01
2.674228411845000153e+01 9.797678552349999848e+00 2.263366568777000154e+01 2.533354002299999852e+00 7.863460964899999794e+00
1.892729773010000116e+00 5.915018596470000389e+00 1.785060273330000058e+01 1.380403851764000045e+01 1.943467184810000026e+00
4.915964782579999692e+00 -6.535156949999999798e-02 -1.127525734799999929e-01 1.084556405540000057e+01 9.542915444799999758e-01
1.289536657086999938e+01 3.914448010600000138e+00 5.859341815199999637e+00 1.830344275280000099e+00 9.322714028799999886e-01
1.882221152293000088e+01 6.859888480959999590e+00 2.176354466392000120e+01 2.164963964754999992e+01 1.189123852494000033e+01
1.478427077705999970e+01 1.182495155285999999e+01 2.569794168499999998e+01 -4.193195849999999947e-01 5.868906240930000351e+00
3.934388464239999994e+00 1.944899059069999936e+00 3.910491992469999900e+00 6.866327344300000135e+00 2.958531680640000161e+00
7.924743881720000438e+00 9.366001206399999779e-01 -1.077708644999999937e-01 1.684555922294000041e+01 2.952103212839999991e+00
2.898894811799999971e+00 6.923543787339999867e+00 1.885756797290000009e+00 1.379970492152000006e+01 -7.003817765999999223e-02
2.184512860426000103e+01 3.886423463739999917e+00 8.833546607040000609e+00 1.069636039004000061e+01 5.895838179600000117e+00
6.765667639900000196e+00 2.182610087320000147e+01 1.473084984011999943e+01 8.504545783679999360e+00 1.836075115999999952e+00
2.929297229489999932e+00 2.949738777479999907e+00 2.920702922939999890e+00 1.857004978159999986e+00 9.526869117999999803e-01
3.931311792639999858e+00 1.946625212000000049e+00 2.923502522699999773e+00 1.185425438016000044e+01 1.951155858709999968e+00
3.829989148600000171e+00 5.891632097459999606e+00 1.837892257850000099e+00 2.271960149810000118e+01 -5.630746589999999913e-02
1.878213513268000057e+01 1.186531078295999997e+01 1.179050164697999925e+01 6.473918497599999711e-01 4.930146491000000353e+00
5.692091514000000352e+00 1.575685255083999969e+01 6.646085244160000016e+00 5.032265878274999693e+01 8.668406737000000639e-01
2.872777141019999814e+00 5.918910083520000143e+00 5.871256771829999721e+00 1.078796105119999993e+01 -4.318269408000000031e-02
3.905842797400000066e+00 9.407977998400000041e-01 9.021633853599999586e-01 8.840135362499999871e+00 2.968219094340000197e+00
5.885276249400000381e+00 4.917390064250000137e+00 8.673207023800000304e-01 8.755510517730000331e+00 -6.689439594000000378e-02
5.839545544799999988e+00 2.881388084160000140e+00 1.781870409737999950e+01 4.069740530624000030e+01 1.190185691699999992e+01
1.173521383499999970e+01 2.581259911928000150e+01 3.712390015450000025e+00 1.544667272709999928e+01 1.848171552319999966e+00
9.909077246469999878e+00 1.934810001200000018e+00 7.897181015420000172e+00 3.816255695799999792e+00 3.948267691119999867e+00
1.923278737520000004e+00 9.443383446699999961e-01 9.914615644959999585e+00 8.835225451919999529e+00 2.954749051109999858e+00
-1.224921495599999993e-01 2.915817801599999814e+00 4.867199843899999934e+00 1.875606234805000128e+01 9.514419774400000307e-01
2.379219122841000100e+01 1.855750012759999956e+00 1.577763916774000030e+01 1.158652893494999958e+01 6.917387267319999644e+00
5.733092185800000351e+00 1.981209491371999931e+01 2.570658598232000003e+01 5.551284392696000225e+01 2.893866675239999964e+00
4.894779473959999905e+00 -7.634276244000000322e-02 9.884735428600000873e+00 1.279114877541999995e+01 3.958255660179999857e+00
7.906149246320000046e+00 5.935522815779999739e+00 -1.006120601999999919e-01 1.815225968720000083e+00 1.963371686599999943e+00
1.874795375900000005e+00 1.092183412924999963e+01 3.888673612959999915e+00 1.175706637679999922e+01 -6.146392994999999582e-02
1.884804582087999947e+01 1.905006933289999926e+00 1.861801824080000056e+00 7.685577929239999939e+00 3.922970973159999986e+00
1.370439432320000073e+01 1.781843526000000111e+01 1.374272334175999966e+01 3.643567506064000128e+01 3.857667691000000065e+00
9.220733392600000133e-01 1.951573975040000075e+00 4.929425250799999603e+00 8.367299524000000321e-01 -3.888674568000000109e-02
9.343383560200000382e-01 -3.853816947000000132e-02 1.939950929449999917e+00 1.886046923961999866e+01 9.681897933999999983e-01
6.860733562060000068e+00 9.179954971299999489e-01 2.867927390759999806e+00 7.729139534839999826e+00 9.416146038399999529e-01
1.581053037280000062e+01 1.888288270849999950e+00 1.382620844362999968e+01 1.662950883499999932e+01 2.926802327429999906e+00
1.367063368844000060e+01 1.780996023000000150e+01 9.691545763000000591e+00 1.136584720109999935e+01 2.864525842739999995e+00
1.089853626853999913e+01 2.939790843479999971e+00 1.908379537580000118e+00 7.987675203999999862e-01 -4.090186043999999993e-02
1.912717267399999921e+00 9.490924493200000311e-01 4.924312563199999992e+00 2.083432952712000130e+01 -3.562321193999999636e-02
6.890415138069999834e+00 5.910354942899999742e+00 9.862415713360000780e+00 -2.167300500299999821e-01 9.317857641400000279e-01
1.283281687480000066e+01 3.856933886080000207e+00 1.377594679343000017e+01 2.564825470144999997e+01 7.887869246510000210e+00
9.774410233959999417e+00 1.581504768205000033e+01 2.772193214026000163e+01 8.554381734330000597e+00 4.858009015280000398e+00
1.929286149499999992e+00 -5.712188930999999997e-02 4.911409123880000394e+00 3.862151932809999799e+00 1.955143265960000099e+00
3.928106652609999916e+00 1.939944105199999935e+00 9.065573907399999687e-01 9.860101220980000747e+00 5.953442092619999571e+00
2.884740346920000142e+00 4.920732539780000359e+00 1.587521522724999912e+01 2.378304615912000131e+01 9.546773604399999558e-01
1.082323820360000077e+01 5.870866826490000356e+00 8.792148927779999568e+00 2.668792469340000029e+00 2.931961992599999789e+00
1.673659265750000102e+01 6.829951720120000402e+00 3.172503878510000064e+01 4.950748334264000050e+01 8.896351841099999547e+00
1.487281758431999990e+01 9.161739027099999877e-01 3.862035972400000183e+00 7.775112490999999793e+00 1.956106362439999913e+00
1.916485883930000078e+00 1.944216051680000001e+00 4.910613810800000145e+00 3.856830502539999816e+00 -3.108292379999999869e-02
8.924148322740000694e+00 9.928116906399999664e+00 7.902553039099999843e+00 2.800311164130000030e+00 -7.022095902000000112e-02
3.905062767400000023e+00 -8.681513174999999638e-02 8.879794047900000820e+00 2.778456820419999929e+01 6.915171952959999757e+00
1.283944865421999992e+01 6.848846690560000283e+00 8.789562508679999553e+00 1.162071896205000066e+01 4.853196238279999797e+00
9.422975715400000452e-01 9.484689145600000426e-01 1.925085860480000077e+00 1.386887930195000074e+01 1.947060677719999910e+00
2.958817155419999789e+00 9.596460470500000062e-01 4.942769705149999915e+00 8.992213390000000084e-01 2.961076461689999828e+00
9.870018327189999496e+00 1.091349437815999934e+01 1.387508844685999954e+01 2.077335283080000039e+01 3.947398888359999969e+00
4.855953785269999656e+00 9.904239779859999260e+00 3.856678105899999931e+00 1.672829418643999944e+01 9.393830878600000212e-01
5.722308736799999629e+00 1.381170776855000071e+01 3.171375098393000158e+01 2.950553211824999877e+01 1.187985030563999977e+01
7.885143944000000182e+00 5.924356238399999697e+00 6.884786612500000125e+00 2.783628348240000161e+00 9.540213916599999955e-01
9.181314143200000055e-01 -5.461409448000000000e-02 9.216862613199999776e-01 1.286033355976000081e+01 9.658201910499999432e-01
3.912459677679999803e+00 1.926463218499999908e+00 1.901420508439999990e+00 4.813680067519999994e+00 9.316277606799999722e-01
9.010394261199999866e-01 4.918351046629999779e+00 6.889526230299999554e+00 1.277762438929000055e+01 5.920105488809999983e+00
1.481523420803999969e+01 4.837374406220000367e+00 1.785739318400000109e+00 4.362495147044000277e+01 9.845625062170000774e+00
1.922145657680000008e+00 3.934109752959999984e+00 1.909479503000000022e+00 2.179925601196000073e+01 -6.639114293999999472e-02
-4.192248960000000135e-02 1.966602468800000114e+00 3.954724859650000202e+00 1.909940467520000018e+00 1.965863063540000066e+00
9.016409742400000038e-01 2.922086368109999999e+00 1.088470247779999944e+01 2.082929106143999931e+01 7.934322774860000038e+00
4.878038743880000361e+00 5.903288093039999573e+00 7.857827854730000006e+00 1.811207585450000046e+00 9.123307264900000213e-01
8.749645368479999519e+00 6.802340558380000068e+00 2.770122882700000133e+01 4.752920205083999861e+01 1.081723124360000021e+01
-6.195140657999999995e-02 5.950789885319999861e+00 4.926704743490000205e+00 6.894452027409999850e+00 4.955702234000000317e+00
2.947525374720000091e+00 9.612121456000000119e-01 -6.034923224999999558e-02 6.901215125650000282e+00 1.965079273520000003e+00
2.903308731840000156e+00 8.929561103999999361e+00 1.907373895849999945e+00 5.768797795800000294e+00 -6.004569608999999614e-02
2.890031594159999884e+00 9.187944624999999643e-01 4.893849639319999945e+00 3.972615752632000152e+01 3.924140085849999959e+00
9.795256449849999214e+00 1.485425586002999943e+01 3.805845728079999990e+00 1.250909713479999930e+01 4.869137961679999904e+00
5.925278715810000207e+00 9.481418560000000051e-01 9.337635087400000256e-01 1.282482906871000061e+01 2.951900434200000145e+00
-5.121195191999999841e-02 2.962708723470000027e+00 8.951144581079999440e+00 4.875003222710000195e+00 2.967938701500000054e+00
6.891065476539999679e+00 1.091480355604999986e+01 7.850311591759999708e+00 -2.040544774799999961e-01 -6.174110951999999680e-02
1.782156913865999925e+01 8.670323788300000611e-01 9.760166994700000487e+00 3.967683819610000029e+01 1.189803761471999977e+01
1.975403264599999886e+01 1.680696728810000096e+01 3.164845140427999937e+01 3.542662525539999940e+00 1.185974566095000071e+01
2.917986843900000071e+00 9.322695431199999883e-01 1.088607220075999926e+01 1.084048874768000026e+01 3.948853189899999894e+00
6.918590270410000187e+00 1.937013610249999962e+00 -1.100759624999999992e-01 1.487568514632000038e+01 9.543236771799999962e-01
8.629149795399999601e-01 1.291243560448000061e+01 8.818019742149999729e+00 7.768576947679999734e+00 9.287778664000000406e-01
1.485006443564999934e+01 4.900953528049999619e+00 1.078609628297000000e+01 2.078280487038000146e+01 2.920606126320000051e+00
5.703363431339999678e+00 1.280029219554999997e+01 8.614219871159999542e+00 1.553292846879999978e+01 1.844944873580000033e+00
1.187111614125000081e+01 1.915097063599999982e+00 1.283424724894000057e+01 2.804296684080000102e+00 4.930815150049999929e+00
3.916020863740000024e+00 9.457085933200000127e-01 1.892842598719999936e+00 1.587788566765000020e+01 1.956374613379999960e+00
6.915903993699999752e+00 6.921493179999999690e+00 2.894122092539999969e+00 2.836314621660000146e+00 1.925938522370000072e+00
1.388996876408000070e+01 8.946539158599999819e-01 1.485528147149999967e+01 2.574659800754000116e+01 9.899709295959999267e+00
3.834121320669999999e+00 1.284789246601000023e+01 1.979281599356000143e+01 1.562601608179000046e+01 -1.475641970100000089e-01
4.932527531359999884e+00 9.398581285599999502e-01 1.091560582784000033e+01 8.848891344240000123e+00 3.940079809359999796e+00
4.954255071799999577e+00 9.576448699599999781e-01 9.420344689599999821e-01 4.876243489850000223e+00 1.959796065529999964e+00
-1.150993443599999944e-01 9.911629647999999904e+00 1.586950740105999991e+01 9.769831372000000513e+00 9.254918665000000377e-01
4.869165843500000257e+00 2.897353433640000198e+00 -1.512183216599999880e-01 1.075686066055999923e+01 2.909717678639999860e+00
1.273796700069999943e+01 2.680575826023000019e+01 3.769627170719000020e+01 2.747089508455000129e+01 1.827673060520000003e+00
4.936314461180000279e+00 4.950792012379999996e+00 4.928901386539999763e+00 8.692158537099999860e-01 9.582526996300000377e-01
9.378973194399999880e-01 9.535862224000000165e-01 2.927118307619999804e+00 9.877063294899999235e+00 -4.251379364999999938e-02
3.876295795599999927e+00 7.919742377959999580e+00 5.873511496739999949e+00 2.277795410059999881e+01 4.953258178879999640e+00
1.680043134949999839e+01 1.586740412914000053e+01 1.477888523610000071e+01 3.653295977019999974e+00 5.922483831060000092e+00
1.171646761943999948e+01 2.818058468249999837e+00 1.769698478177999945e+01 5.149680491824000228e+01 5.895980047050000117e+00
8.878502084939999150e+00 3.922400013879999925e+00 4.873944819200000111e+00 1.180108889399999939e+01 1.954631375119999959e+00
2.912393887859999975e+00 3.943836411159999944e+00 1.907171536789999955e+00 5.843235840000000181e+00 1.967608294399999957e+00
4.917676126279999949e+00 7.922000661200000238e+00 7.889254395920000107e+00 -1.749934529999999933e-01 -7.328901869999999985e-02
9.887358947319999203e+00 2.897631965099999984e+00 1.085240204623999993e+01 1.277771609991999924e+01 1.189866742293000001e+01
4.841245208300000158e+00 1.384920646501999997e+01 2.077300396056000054e+01 1.461860713247999932e+01 1.854038142559999880e+00
1.936108750340000073e+00 4.940644342099999697e+00 7.913068208000000325e+00 6.856598584960000409e+00 1.941703116590000056e+00
3.958013924589999899e+00 9.571972509999999712e-01 -6.176477285999999733e-02 7.895589785000000305e+00 9.589008267999999946e-01
7.908250261580000107e+00 2.923458643380000055e+00 8.985256542999999763e-01 7.811958291399999643e-01 9.382741119999999935e-01
1.586525017227999967e+01 1.890713478079999899e+00 1.285366995787000022e+01 2.267883809258000127e+01 8.912501082449999501e+00
1.081334475020000063e+01 1.585382853399999981e+01 9.802505157669999747e+00 3.560900905120000015e+00 1.880200818560000098e+00
4.929199215439999726e+00 9.461227811500000362e-01 8.924941507950000741e+00 9.835621459300000424e+00 9.537165238600000539e-01
7.938826651070000295e+00 9.511766181999999903e-01 -6.768244494000000278e-02 5.861023388159999570e+00 -4.104295271999999772e-02
2.875318271399999848e+00 7.924067593280000210e+00 -1.249654869899999993e-01 1.376693936096000037e+01 -5.039251541999999889e-02
1.081799293519999949e+01 3.892300528899999890e+00 1.183342202256000064e+01 9.694629787780000285e+00 9.928874206179999717e+00
2.069879951225999903e+01 1.281726175792000078e+01 5.712660867300000334e+00 2.243834636531000015e+01 1.881347595500000081e+00
5.912367347400000028e+00 4.945961648659999987e+00 2.911541003219999979e+00 5.846655411599999574e+00 9.628780118499999929e-01
1.923923746999999906e+00 -4.368930696000000030e-02 7.929714176180000074e+00 1.386352892795000002e+01 9.706973525200000008e-01
5.914270017959999848e+00 6.929033355789999682e+00 2.904549203100000199e+00 -2.039065528500000057e-01 3.940370278600000109e+00
9.860116403619999303e+00 8.908235838100000414e-01 8.849490839819999621e+00 2.669476619339999957e+01 6.906285564460000082e+00
1.281154778464000010e+01 1.584633429412000005e+01 1.979281369234999843e+01 4.560893872700000351e+00 2.867317872240000121e+00
7.940584808719999721e+00 -5.075469719999999713e-02 1.933356702440000019e+00 5.865090567450000236e+00 3.958766852800000180e+00
-5.174279594999999649e-02 -4.131841428000000011e-02 -5.930115299999999534e-02 1.088164293770000057e+01 2.963594323200000158e+00
5.888501099970000041e+00 1.920392098400000025e+00 8.786762203600000376e-01 9.776952172719999723e+00 1.939189228939999898e+00
1.182028009331999918e+01 2.587875715231999862e+01 1.580579537362000053e+01 6.660131058340000187e+00 1.904159632789999890e+00
1.069848579764000007e+01 9.808394775400000043e+00 1.703308207160000087e+00 3.948532456873000029e+01 4.849317595399999625e+00
-9.306819080999999272e-02 8.936811627839999161e+00 8.902954688939999528e+00 7.821873275029999739e+00 9.512575898499999738e-01
3.935804067219999869e+00 2.952641666009999888e+00 3.925329972610000162e+00 1.869060818899999976e+00 9.635636322999999726e-01
4.872794703440000319e+00 6.907424050240000390e+00 7.841466508399999924e+00 1.976272661575999834e+01 5.922751957260000033e+00
1.840241958500000052e+00 8.878656074849999413e+00 1.080664457195000061e+01 1.570222322188000064e+01 2.902253590199999955e+00
2.573333061982999936e+01 1.579736691781000069e+01 2.766301258149999853e+01 2.449890783700000085e+01 1.183552166730000010e+01
2.937733898699999902e+00 9.538765855299999874e-01 3.923000038390000110e+00 8.895836900800000446e-01 9.615764949399999706e-01
2.927080346969999969e+00 1.947115897039999988e+00 2.912550750839999925e+00 1.186760185986000060e+01 5.956632519000000237e+00
9.883291593070000047e+00 -8.960142888000000028e-02 7.840018143350000024e+00 3.175907091647000158e+01 4.921323760399999969e+00
-1.591756563600000007e-01 7.875644668999999709e+00 2.678667551639999900e+01 2.371237240848000027e+01 1.890244505899999927e+00
2.769527078047000046e+01 7.723765442800000214e-01 2.362042981311000034e+01 5.745592890975999723e+01 2.280355658870000113e+01
-6.591218426999999325e-02 9.490962838600000007e-01 3.913584331900000102e+00 4.886495830760000381e+00 9.558397460799999967e-01
1.938746576090000007e+00 2.952797261340000201e+00 -7.605583370999999260e-02 6.886450878999999858e+00 -3.946023054000000196e-02
2.904658258260000014e+00 8.919149190660000670e+00 1.786497802362000087e+01 8.001899427699999956e-01 1.920204214039999968e+00
1.884788050250000069e+00 3.902554326999999823e+00 9.841074743800000135e+00 2.576480467400000052e+01 2.908992617670000058e+00
1.780445657322000130e+01 1.283381502159999954e+01 1.171196585975999938e+01 8.591038209000000592e+00 6.839215217889999643e+00
-6.227785439999999895e-02 9.485571486699999610e-01 -8.487135935999999548e-02 8.871607317960000572e+00 3.950550224950000189e+00
1.943262885800000062e+00 5.954629745400000118e+00 1.192552542155999973e+01 2.892164327400000179e+00 9.561267971200000382e-01
2.910036024840000124e+00 2.930026837799999839e+00 7.893075975920000431e+00 1.280962252966000037e+01 3.939948667119999914e+00
1.983486535912999926e+01 1.587649261101999976e+01 1.181219335059000031e+01 1.654543234459999956e+00 2.897903173350000028e+00
2.179329291994000073e+01 4.849415867840000338e+00 1.675787455213999877e+01 3.955498660263999966e+01 1.287217258375000029e+01
7.932207480919999831e+00 2.951548605839999784e+00 9.236870747200000009e-01 4.881288473599999733e+00 9.585268660000000329e-01
-6.095555532000000026e-02 4.955094693500000425e+00 3.928032930460000127e+00 7.867071968390000336e+00 9.619905961000000394e-01
6.891084850929999561e+00 1.391788744475000072e+01 1.083523661533999949e+01 2.821436851890000153e+00 -6.164409419999999917e-02
1.583390158143999926e+01 1.872449811919999929e+00 8.749479917880000457e+00 3.173330769440000054e+01 8.912304641249999548e+00
1.574956322799999953e+01 2.180657362000000177e+01 2.259535787744000146e+01 1.584607764799999874e+00 1.087291255925000044e+01
8.898380357309999766e+00 2.919437212890000133e+00 1.283275876863999976e+01 9.826413086080000525e+00 6.943327562680000398e+00
2.923557717720000060e+00 3.941145841450000020e+00 -1.098486125099999988e-01 1.896056185159999963e+00 9.589163302000000000e-01
2.860563210960000102e+00 7.916842651669999675e+00 1.185025696778999915e+01 3.773873043580000086e+00 1.946723823829999978e+00
1.083242357119999966e+01 9.002925640000000174e-01 1.826018604739999995e+00 2.573610309512000072e+01 9.386046729999999449e-01
1.569532448104000011e+01 2.581976388680000056e+01 2.969502317399999924e+01 9.521575634350000428e+00 7.887464197099999907e+00
6.870834044979999611e+00 2.924665431599999810e+00 7.870021169480000189e+00 6.803171564920000414e+00 9.530810351199999753e-01
-8.773500419999999411e-02 2.944786823039999835e+00 4.905369190400000079e+00 1.086187069352000023e+01 -3.322667951999999647e-02
3.885493936900000111e+00 9.281626762600000413e-01 3.877377404799999816e+00 2.476549462390000045e+01 3.950192562159999810e+00
1.881061837120000035e+01 9.884117639979999481e+00 1.780713109439999897e+01 1.461553834703999932e+01 8.917876820789999215e+00
1.875723101199999832e+01 -1.542890591999999950e-01 1.473771991749000065e+01 5.654439127020000200e+01 8.947861078600000129e-01
4.919241729920000417e+00 3.949108620160000083e+00 6.913523589999999608e+00 3.836576914240000136e+00 9.664502414500000249e-01
9.170446599999999560e-01 1.947314858960000006e+00 3.912779912800000037e+00 9.836324801740000012e+00 1.965805181749999964e+00
1.287467572917999981e+01 9.902238958359999899e+00 1.084949190416000064e+01 5.808990520680000103e+00 -6.411515796000000211e-02
1.380663818995999925e+01 -1.570617944999999904e-01 2.071513702596000073e+01 3.869612383439999803e+01 1.190414396495999938e+01
3.071002176174999931e+01 1.977569222905999879e+01 1.958841817571000021e+01 1.154067396095999953e+01 7.859581647289999751e+00
9.068155118199999754e-01 8.925245385120000208e+00 1.585347710335000038e+01 7.830429555320000290e+00 2.947725609149999926e+00
1.290884142712000049e+01 9.264933432099999866e-01 8.726982615999999693e-01 1.188133458527999942e+01 9.520748466399999721e-01
1.285708874268999935e+01 5.896319578800000016e+00 2.841134570399999948e+00 2.576967430166000028e+01 3.944980941159999865e+00
1.377138835481000001e+01 7.838391057469999978e+00 1.873748184957999996e+01 5.464393218990999657e+01 9.148934133999999663e-01
3.466944434599999880e+01 4.763582675600000371e+00 1.066571627645000042e+01 3.647665871083000155e+01 7.869523754960000339e+00
6.896018981320000130e+00 3.926342345440000159e+00 1.488139596060000081e+01 1.484290246101000044e+01 1.958919355549999963e+00
3.903360046960000052e+00 2.928507431699999941e+00 4.889526039949999792e+00 9.844939901800000115e+00 -3.887621891999999690e-02
1.890318343879999974e+00 8.929413190709999171e+00 6.871610714290000033e+00 1.081572119029999968e+01 -7.202954240999999425e-02
2.483550493350999844e+01 3.894380507650000212e+00 6.810024325299999681e+00 1.769982771816000167e+01 1.089534534320000070e+01
5.723885445539999672e+00 1.981832677831999945e+01 3.367448639026000023e+01 4.539448406120000001e+00 4.815074632369999996e+00
3.934626081789999841e+00 9.613286430399999860e-01 3.931128372999999954e+00 -1.016443825199999929e-01 2.960642359199999962e+00
3.933639990220000104e+00 -4.279530590999999773e-02 3.922440530079999821e+00 9.880551198639999200e+00 9.578326725100000383e-01
1.861786297999999951e+00 4.921687041350000236e+00 9.873708163119999881e+00 1.376015758249999976e+01 9.448077032199999614e-01
1.479342693120000085e+01 3.884873575719999916e+00 3.818121328300000172e+00 5.642687765039999803e+00 9.171334619200000038e-01
1.170195900797999933e+01 1.983072223423999958e+01 2.674759532084999947e+01 2.249322545290999997e+01 1.488340915646999996e+01
5.922127369500000071e+00 2.954717163839999827e+00 2.929509636600000189e+00 4.860907155589999640e+00 2.967795003450000024e+00
2.909055690749999812e+00 -5.062457637000000038e-02 2.918711010630000047e+00 1.784241852164999997e+01 1.963948941199999965e+00
4.881941093840000079e+00 3.919610083899999875e+00 1.874367719389999909e+00 7.808636753180000056e+00 -6.987265739999999614e-02
6.847039732839999893e+00 1.289928737343999998e+01 8.840846056500000216e+00 8.706711961619999940e+00 2.912848050000000022e+00
1.273354159404999919e+01 3.828552785319999874e+00 6.721101634300000072e+00 5.257036814138000125e+01 1.842168583999999942e+00
9.129311057800000295e-01 9.443167128099999585e-01 7.908921007190000019e+00 7.846278263180000323e+00 -4.731953903999999711e-02
2.939932657469999988e+00 9.576811255599999573e-01 1.933118449039999964e+00 8.981276543199999685e-01 2.964492491700000176e+00
5.864054398440000426e+00 2.924422515839999903e+00 2.848664955719999892e+00 1.275448954432000015e+01 3.938948994280000004e+00
1.179447834035999954e+01 5.882190189900000199e+00 1.775925103049999976e+01 2.462776688139999948e+01 1.290185012272000087e+01
2.870053587038000131e+01 7.822650593149999665e+00 2.647087399920000195e+00 1.645754146747999869e+01 2.862478552349999816e+00
3.905753225169999787e+00 5.945675119259999697e+00 9.891115524820000005e+00 3.831212362000000038e+00 1.957199063780000081e+00
-8.952737624999999866e-02 -5.242260869999999795e-02 3.897902908479999873e+00 1.883670144850000128e+01 9.583762578400000232e-01
8.875428189399999779e-01 1.916192003779999986e+00 5.827447158000000016e+00 2.278189919912000150e+01 1.939710027350000088e+00
1.481978450697000049e+01 1.086646283219000075e+01 3.478814638082000243e+01 4.641036448819999549e+00 1.090452152135000041e+01
8.738565589080000251e+00 4.810658273419999631e+00 3.861810937452000303e+01 5.249545441901000231e+01 5.857333966139999681e+00
1.091484335216000012e+01 1.937453526919999947e+00 7.870229575999999838e+00 1.583125387693000086e+01 2.956370369790000119e+00
7.919423587879999893e+00 3.940114500039999967e+00 1.875811613240000009e+00 3.842928412600000065e+00 -4.315578911999999601e-02
1.889128377740000087e+00 6.911789201799999560e+00 7.860055084999999941e+00 7.745089763240000202e+00 1.949960714239999948e+00
2.281981149860000002e+01 1.185692497770000031e+01 2.076983873328000030e+01 1.559403337192000016e+01 6.914687380180000176e+00
2.753922606689999775e+00 1.680333977600000139e+01 2.468374463680000019e+01 5.044143429510000232e+01 3.889744453210000064e+00
2.933115332159999866e+00 1.947626773759999930e+00 6.918848158210000321e+00 4.854222511519999728e+00 -2.930511473999999894e-02
3.927836567019999947e+00 2.944151157719999912e+00 -8.650504268999999191e-02 8.484458814999999987e-01 -3.093102773999999860e-02
-1.154794976099999954e-01 2.930339481599999907e+00 3.870234197049999825e+00 1.282897304571999975e+01 1.930355794190000029e+00
7.778604735530000092e+00 1.385448904363999922e+01 2.271917623999999947e+01 5.672943128040000005e+00 8.646420404800000403e-01
-2.549102400000000102e-01 1.482060541847999957e+01 3.460772932657999945e+01 3.359679102340000156e+01 1.182528795962999979e+01
1.946246119040000000e+00 9.652996121500000415e-01 7.932699679039999729e+00 9.200448838000000462e-01 9.640622634400000113e-01
4.926185996000000067e+00 9.482791105000000220e-01 -9.917741249999999231e-02 7.883892383840000129e+00 1.947946597400000091e+00
9.065118047500000387e-01 2.928069646139999982e+00 1.680709997095999952e+01 -1.555385384699999873e-01 2.923508774280000111e+00
1.081092767536999943e+01 3.849604429359999802e+00 4.597458200960000241e+00 2.472081215488000083e+01 9.842366272599999633e+00
1.378987537279999920e+01 2.083897770725999976e+01 3.162463247299999836e+01 3.672109200640000015e+00 5.831694173489999855e+00
3.948177479800000000e+00 -4.121618985000000124e-02 4.904293846549999891e+00 3.917729954019999905e+00 1.959386885120000033e+00
9.170173954000000460e-01 2.937587202030000011e+00 2.284243097782999854e+01 6.875195271279999965e+00 9.365161041999999769e-01
1.286949934317999933e+01 -9.208582685999999740e-02 1.373743826671999990e+01 1.982020537729999887e+01 4.925453986039999954e+00
1.568723720128000032e+01 2.477303955520000045e+01 2.637662053724999822e+01 8.565675239520000872e+00 1.281686977462000065e+01
1.175933838171000012e+01 6.824518087030000402e+00 5.850400160785999759e+01 1.667859573248000160e+01 1.086017733829999976e+01
6.858821320539999711e+00 -9.945955008000000042e-02 1.471886125610999940e+01 1.979280651007999836e+01 2.915487328889999841e+00
9.026347599999999805e-01 1.925791773050000044e+00 1.079580624950000001e+01 5.848757324880000219e+00 2.940804043320000005e+00
4.903760050879999888e+00 7.932465986749999587e+00 1.685283778816999956e+01 -1.539161805600000044e-01 2.953471089000000216e+00
3.462333795368000011e+01 1.072756245755000037e+01 1.038624592843999928e+01 5.335641201167999981e+01 2.810029598399999884e+00
1.579936706620000031e+01 1.285905984609999919e+01 1.768757406407999966e+01 7.666015421600000046e+00 4.904579269490000115e+00
9.926437031200000760e+00 1.952566783940000050e+00 9.915329419120000765e+00 1.903825349029999892e+00 4.966126456099999587e+00
8.820946382500000071e-01 8.921982970800000246e+00 1.682427344191999907e+01 2.808388708499999886e+00 4.945319563279999997e+00
9.359651972800000497e-01 1.947381504139999997e+00 6.861684463179999582e+00 8.903656749150000493e+00 2.961477044760000066e+00
3.658574893816000184e+01 3.369466955311000333e+01 8.917508758166999883e+01 2.242852350584000121e+01 3.176610130255999920e+01
8.893688619420000663e+00 3.910459440999999980e+00 7.776056300569999635e+00 1.583977171947999985e+01 3.934715508220000046e+00
6.928008318609999883e+00 9.381321692199999784e-01 2.840367602460000196e+00 1.389052485500000067e+01 9.553370187699999905e-01
9.888655971160000391e+00 9.143292362499999548e-01 1.376266779518000050e+01 1.982179201339999963e+01 9.335739800800000321e-01
4.914006812510000266e+00 4.903235585600000057e+00 1.974985920848000021e+01 1.863569055349999948e+00 5.937064180980000216e+00
2.649059975910000198e+00 4.763602901099999798e+01 5.708710241383000294e+01 3.161866957213999996e+01 1.077015674899999986e+01
3.868515512320000127e+00 1.386046097762000073e+01 1.465374762329999925e+01 1.282130582871999991e+01 3.911301938199999828e+00
1.286994699211000004e+01 2.854380233100000108e+00 1.263452070513999992e+01 1.877861432511999951e+01 3.911321219439999997e+00
3.935429784850000168e+00 -7.001705285999999806e-02 1.081222057711999973e+01 6.896214959199999939e+00 1.956023803999999977e+00
2.922329786070000157e+00 2.931345475680000146e+00 1.684524249836000109e+01 4.891125907400000195e+00 1.963346063059999924e+00
1.757416438943999992e+01 4.562506675693000346e+01 3.619591991010999976e+01 2.441200710849999922e+01 1.080535172933000077e+01
5.895361442759999626e+00 9.036161406100000626e-01 1.792634832200000083e+00 1.285181145822999937e+01 -5.131803599999999743e-02
5.911437540299999682e+00 2.920502809199999827e+00 2.826222092940000152e+00 1.286778075159999979e+01 9.589782700900000290e-01
8.911943769240000535e+00 -7.995671999999999502e-02 1.781219897280000097e+01 7.871766078770000341e+00 1.955931277699999971e+00
2.939590119810000068e+00 3.938697415570000082e+00 1.785872692962000130e+01 1.907344493659999918e+00 3.967579266430000029e+00
4.469489759564999787e+01 2.765904277798000166e+01 4.125798169539000071e+01 4.150569089687999735e+01 6.810165095200000351e+00
4.933635057320000072e+00 -7.017577560000000381e-02 3.861257508400000038e+00 5.897356160910000256e+00 9.639189063999999973e-01
9.359018479899999798e-01 9.346458109599999897e-01 8.589862171000000046e-01 9.903703838500000245e+00 -3.379170312000000231e-02
9.228007840599999900e-01 2.918167399380000138e+00 2.082462984192000022e+01 5.877974567579999920e+00 1.955153066959999908e+00
9.911077283079999134e+00 -9.369304829999999806e-02 1.480446105899999942e+01 1.587625677952000025e+01 -4.383142874999999827e-02
2.256398612302999851e+01 6.356317232818000207e+01 8.310353314556999749e+01 1.443209709299999943e+01 1.178856476202000003e+01
7.882923398660000025e+00 4.877526542000000020e+00 2.757752074469999926e+00 9.845817735249999814e+00 1.942623070850000078e+00
6.910340153920000006e+00 9.904774384719999603e+00 2.816660971200000141e+00 1.388569887499999922e+01 9.536124178000000562e-01
1.187481599444999958e+01 8.618246555499999850e-01 1.872258585399999831e+01 2.082917359361999843e+01 -6.532662311999999638e-02
1.933763968819999901e+00 2.927280259829999842e+00 9.861835271409999493e+00 4.907427594799999682e+00 9.666636270399999731e-01
5.252905889792000238e+01 4.852277543713000085e+01 4.810459617984999880e+01 5.932537115280000251e+01 1.178258751605999954e+01
7.913400048799999809e+00 2.912093881680000163e+00 6.821158407909999610e+00 4.871621396570000151e+00 1.957502571590000073e+00
2.940542293440000066e+00 3.939138997600000192e+00 -1.185866567999999954e-01 3.915874141959999832e+00 -2.856290120999999821e-02
2.884164147749999962e+00 4.882609538239999658e+00 2.375870648208000091e+01 8.820218191500000415e+00 9.433525042000000527e-01
1.390132207399999942e+01 9.113588649999999625e-01 1.481738682840000010e+01 1.386089671711999927e+01 1.956044709289999961e+00
5.750990455737999696e+01 4.751148147752999762e+01 8.505166048718000127e+01 4.025960847104000351e+01 2.276940319790000089e+01
6.909077493519999891e+00 3.909003329919999992e+00 1.822659644900000098e+00 7.865543790800000323e+00 -4.113789119999999855e-02
5.931669129000000318e+00 2.929292893560000000e+00 -1.324852524000000031e-01 4.889605683200000108e+00 -3.140217314999999704e-02
8.884545552449999661e+00 8.900501366799999925e-01 9.777427558479999448e+00 1.781046569429999948e+01 9.494728350400000183e-01
8.907062590980000749e+00 7.918829555750000360e+00 1.182684790703999944e+01 9.858379336749999666e+00 1.957754015029999906e+00
1.559410280836000062e+01 4.563855116712999660e+01 6.125295049460000030e+01 3.407115536320000082e+00 2.181376652530000015e+01
5.904457624500000001e+00 1.914971682080000015e+00 1.819246481480000011e+00 2.186168619496000076e+01 -4.344247080000000066e-02
9.524291714199999426e-01 -4.336239095999999682e-02 9.265720079799999453e-01 9.370018449999999444e-01 9.796169267200000030e-01
1.587897882663999916e+01 1.893937141999999962e+00 1.478330535749999974e+01 2.281630769455999896e+01 2.945614851210000218e+00
2.923580362080000050e+00 -7.585139294999999893e-02 1.982510177545999852e+01 2.891746061220000108e+00 9.590413488400000297e-01
3.457221227486000004e+01 4.452941433726000042e+01 1.168996078201600000e+02 5.035194203639999699e+01 2.873711634274999938e+01
6.910171971189999596e+00 -8.877726197999999402e-02 1.478880458034000078e+01 1.386839882047999950e+01 -4.859502983999999803e-02
4.946200655360000198e+00 2.945075050199999822e+00 2.877598965719999846e+00 8.927865903600000763e+00 -2.930823243000000092e-02
1.487436439434000057e+01 8.687143025200000368e-01 2.372021610990000084e+01 2.081240123790000141e+01 2.932899654269999878e+00
-6.741112409999999722e-02 4.899279539120000138e+00 1.185104824869000062e+01 -9.992398626000000006e-02 1.961142433760000081e+00
2.666583052128000020e+01 1.648808518966999870e+01 6.228309705030000032e+01 6.652805715876999670e+01 1.180239020894999946e+01
1.291043780104000049e+01 9.863623484919999740e+00 1.786628794789999919e+00 1.186977566496000058e+01 9.475535124999999725e-01
7.919280687679999708e+00 4.881185237480000438e+00 3.814638788379999923e+00 1.188262948368000060e+01 9.551567314000000142e-01
3.914895956800000132e+00 5.872079246640000250e+00 9.803386059399999297e+00 4.878875197670000219e+00 3.952091553699999871e+00
2.931054387600000144e+00 7.921816039520000352e+00 5.879987222639999622e+00 4.897794848000000201e+00 9.679080640599999619e-01
8.526592081800000500e+00 4.948498247090000035e+01 6.109738697329999724e+01 4.131770592192000180e+01 1.877642369551000101e+01
6.918377383780000223e+00 9.031530627999999616e-01 5.838103441860000409e+00 1.088134972904000008e+01 -4.033296179999999731e-02
1.944218049949999916e+00 1.935391891429999900e+00 4.880678125640000253e+00 5.916660489959999936e+00 1.973282109499999937e+00
7.910446835780000185e+00 4.898461494200000210e+00 7.832134642579999806e+00 1.086153379994000012e+01 2.956239573419999989e+00
1.943293114190000059e+00 3.909783261099999851e+00 8.897060727719999562e+00 9.921444200919999901e+00 -3.532521132000000091e-02
4.156166663700000186e+01 7.326297638623999831e+01 1.512582635679999932e+01 2.139026152774000167e+01 2.773324993330000154e+01
9.140415469300000595e-01 6.865719018100000071e+00 1.182810924390000018e+01 7.879844859200000329e+00 2.948426496480000214e+00
9.507198186999999967e-01 2.917722374849999856e+00 9.018833165199999780e-01 3.926990640280000111e+00 1.969530549949999987e+00
6.906300327520000337e+00 6.843215476600000180e+00 1.882112860558000023e+01 1.387515784604000046e+01 1.942660488800000085e+00
8.912121607979999638e+00 9.116192929599999939e-01 2.840881716750000230e+00 1.085740487596999948e+01 -3.915940140000000180e-02
9.144548805997999352e+01 6.477693570879999641e+00 7.894163083723999819e+01 1.271412149093300030e+02 1.176770601057000043e+01
9.108314043399999838e-01 6.916533310240000176e+00 1.083216867229999991e+01 8.620195553199999638e-01 9.594735437800000488e-01
-5.111068814999999987e-02 1.953124561279999893e+00 1.906748541020000021e+00 3.924493782879999948e+00 -2.124398582999999924e-02
1.889358114800000044e+00 4.893263055950000329e+00 8.797857939809999195e+00 1.783018343033999997e+01 3.954795361239999973e+00
2.935553022300000148e+00 2.933976405900000195e+00 3.843155487999999842e+00 2.905966262459999783e+00 9.617463300699999884e-01
8.472791433059999378e+00 3.849609876833999778e+01 8.976835675990000141e+01 2.429067463108000169e+01 2.270807228533999833e+01
6.910848403000000140e+00 9.020298357999999572e-01 1.778441000148000128e+01 5.862051067560000384e+00 1.946748391939999934e+00
2.946291027870000079e+00 9.438219421300000356e-01 4.871774529499999673e+00 -7.884761939999999913e-02 9.700657566400000542e-01
1.091801035738999914e+01 3.909022091949999833e+00 9.798306374439999189e+00 1.188009138512999918e+01 9.508508272900000335e-01
2.923883953319999840e+00 7.895386005199999779e+00 1.884407191065999854e+01 3.895173999849999902e+00 4.956029373559999840e+00
3.458218748075000093e+01 7.244173479862000420e+01 3.418594661014999758e+01 3.447043236718999992e+01 1.277348578095999976e+01
8.669686634200000075e-01 2.581161862885999980e+01 2.473026797824000056e+01 1.815680223199999999e+00 8.923593014279999736e+00
8.833199147200000434e-01 1.783915908731999878e+01 3.175014079039999970e+01 2.847755494199999848e+00 8.930971628280000019e+00
4.898954606000000211e+00 3.851530506490000061e+00 9.783161579259999741e+00 1.086421107107000061e+01 4.939438124119999607e+00
2.922625734149999932e+00 8.900621937540000417e+00 1.082402460505999997e+01 3.888397794999999935e+00 -4.319092691999999734e-02
2.169786218349999984e+01 2.657073340740000233e+00 5.631077333766000237e+01 3.858065181794999887e+01 6.827184878379999766e+00
6.899775310959999963e+00 2.877859763850000085e+00 2.773103179080000036e+00 8.869119592500000593e+00 9.452117595700000319e-01
6.912796543719999853e+00 6.887418403749999918e+00 -1.946775708000000049e-01 1.087967281276999998e+01 1.953139994210000063e+00
2.890949944619999989e+00 1.485729630195000084e+01 1.174724284368000049e+01 3.839045839599999788e+00 2.941646871000000107e+00
-6.937870401000000020e-02 2.911943689050000117e+00 7.873205960960000027e+00 4.894661038999999825e+00 9.654827069800000494e-01
3.650861216349999694e+01 8.336882097353999654e+01 1.460540116118100116e+02 2.628494918982000073e+01 2.275968417800000054e+01
5.910080588609999630e+00 8.838028189000000090e-01 1.084708008379999988e+01 2.086674822839999877e+01 2.955655077419999888e+00
3.944359322049999950e+00 4.925596409959999811e+00 9.883860750100000203e+00 8.923611147749999972e+00 1.974023403679999955e+00
-1.126920275999999943e-01 6.850961396439999795e+00 1.678059689407999855e+01 1.583525676004000005e+01 4.943608761470000168e+00
1.928628923600000045e+00 5.890946887680000188e+00 1.182030931973999976e+01 4.903651945040000015e+00 6.950130316900000160e+00
7.641585765710000366e+00 7.747097638424999388e+01 4.914374847593000339e+01 2.154431367247000040e+01 1.976165057531000002e+01
5.877194735219999799e+00 1.182061796618999949e+01 6.703565177229999783e+00 1.183368720522000039e+01 4.916914366640000367e+00
4.899405825409999693e+00 5.849068834679999718e+00 9.755912691640000745e+00 1.786367312009999964e+01 4.930958468210000056e+00
3.924747301540000066e+00 3.881038146339999884e+00 1.181262958175999955e+01 7.897457505680000267e+00 9.497635456599999859e-01
6.921927978280000282e+00 8.910790537599999617e-01 9.854797530520000848e+00 1.489277532660000070e+01 -4.080335147999999967e-02
3.454946046268999993e+01 7.539877315677999547e+01 6.123389136146000311e+01 9.443845485280000673e+00 1.979008057496000106e+01
6.893871757180000337e+00 5.853042843719999944e+00 -1.758027931199999949e-01 1.685222372959999859e+01 1.949981747510000085e+00
4.933455825380000270e+00 2.905038904800000044e+00 1.878116656160000009e+00 8.910158913989999263e+00 2.968781235959999876e+00
2.187957627372999880e+01 3.829548621189999835e+00 1.377121754686999999e+01 1.883789840980000108e+01 -6.055707096000000067e-02
-7.052050511999999327e-02 4.908516114920000284e+00 1.584025535347000080e+01 3.903084572440000066e+00 5.960443633799999752e+00
6.456696740984000371e+01 1.549836627910000075e+01 1.608724494871999866e+01 8.944116268752000565e+01 2.770340144339999977e+00
1.087894700416999960e+01 9.855807396399999476e+00 1.473759071519999964e+01 7.840288720610000262e+00 1.934916488660000100e+00
3.907837893009999952e+00 1.089542983916000018e+01 1.581190551627999952e+01 2.874485367840000194e+00 -4.696958340000000065e-02
9.092655236800000207e-01 1.288637233330000065e+01 1.779932098124999840e+01 8.736733979199999833e-01 2.950862667060000000e+00
5.921416824539999624e+00 2.893945387800000102e+00 7.824301462250000228e+00 7.889706768769999989e+00 1.956376720189999974e+00
1.663997804287999926e+01 4.554082229626000355e+01 3.122083031072000026e+01 3.451435368973999829e+01 6.805820843260000252e+00
1.289189964126999932e+01 4.865561231720000102e+00 1.577387101048000062e+01 1.885323009952000106e+01 9.410101543000000124e-01
1.290530703099999954e+01 -1.167445637099999989e-01 1.280366673087999985e+01 1.587158964133000083e+01 1.949228452370000086e+00
9.199785213100000192e-01 7.892412658009999582e+00 2.181539291944000070e+01 4.884390689359999982e+00 3.953072143750000045e+00
-5.938318008000000037e-02 8.907466805280000344e+00 1.188498942921000001e+01 1.918416458180000062e+00 2.966626117560000164e+00
6.361256456163999928e+01 3.939706894270000248e+01 2.523713293448000172e+01 2.046371216573999874e+01 7.774777329199999976e+00
6.907342981390000247e+00 8.379920992600000673e-01 9.825583568320000794e+00 1.587227043498999990e+01 1.950212357749999903e+00
9.515414470599999897e-01 -7.514098973999999709e-02 9.086646851199999819e-01 6.932701636000000001e+00 -2.776852368000000057e-02
9.155334243699999597e-01 8.878347655200000688e+00 1.183436712165000060e+01 3.877116771099999859e+00 4.950016599379999604e+00
1.091128572280999975e+01 5.903128432319999952e+00 1.982449359101000042e+01 8.880522440400000050e+00 9.561561685299999613e-01
1.949344945760000058e+01 5.851605420293000037e+01 7.107622293528000057e+01 1.440886863795000039e+01 2.476836900285999832e+01
1.888216420671999884e+01 1.869027502790000073e+00 2.756764455239999911e+00 1.982932009507999993e+01 -6.198634512000000124e-02
4.930813351040000292e+00 -7.224994583999999609e-02 2.850174336449999846e+00 4.904172762890000037e+00 -3.342134763000000064e-02
1.686951436220000033e+01 4.864141820120000403e+00 2.775197975202999956e+01 2.382707329440000166e+01 1.933730627599999918e+00
1.292138416372000087e+01 1.914243051439999954e+00 6.838658768950000244e+00 1.289723773971999954e+01 9.570812646699999870e-01
3.061493857119999973e+01 4.964042805538999659e+01 7.917028851391999922e+01 1.051344797852000035e+01 1.679664151664000116e+01
6.893070306730000318e+00 9.874808073460000557e+00 7.622138566000000726e-01 6.850010447529999880e+00 1.939521356480000014e+00
5.917070340240000448e+00 1.907412042800000096e+00 -1.696970152800000020e-01 1.888495913602000087e+01 -4.215220640999999685e-02
1.289215650927999945e+01 2.875772182439999991e+00 6.754290192790000091e+00 2.185979391832000118e+01 9.405923676399999822e-01
-6.937430976000000249e-02 2.936366357069999822e+00 7.838956165309999946e+00 2.908001050499999796e+00 -3.990593870999999820e-02
4.648125829987999680e+01 4.350399446528000169e+01 1.808358862298599945e+02 3.428709016724000236e+01 4.871308436446000201e+01
1.290148125762999953e+01 -9.744433649999999225e-02 7.771392995300000273e+00 1.286699702637999998e+01 2.945196271559999968e+00
5.934980588820000236e+00 9.392272940800000525e-01 7.855641437120000070e+00 6.918570505599999976e+00 1.963697035250000056e+00
5.900299372050000102e+00 3.899664220270000037e+00 7.772084463139999677e+00 8.854431481800000725e+00 2.943792690600000039e+00
2.919514767149999912e+00 1.285277115999999964e+01 2.839284246900000142e+00 8.984457882999999923e-01 5.951978028960000167e+00
4.664270971036999924e+01 5.438903490599999557e+00 4.227126438399999842e+01 7.154818003331999421e+01 -2.154063051000000006e-01
9.874840726180000416e+00 1.679015098015999996e+01 2.739175800960000018e+00 8.834937999119999219e+00 8.924157590760000147e+00
3.921356959870000214e+00 8.871079608629999669e+00 2.839436687280000093e+00 3.894246924880000016e+00 2.951821775099999989e+00
1.893098092160000023e+00 1.983429052724000030e+01 1.077692289932000058e+01 1.855654525100000063e+00 7.930148041339999843e+00
2.914318472160000173e+00 4.924201160660000021e+00 9.852439977730000464e+00 3.885037040199999847e+00 4.965487040480000225e+00
4.462958180060999780e+01 2.967565489248000077e+01 7.178557721299999805e+00 6.037847229850000019e+01 8.020981998999999751e-01
3.856896600159999799e+00 2.486908770280000169e+01 1.873530262234000077e+01 -1.777103663400000089e-01 7.938369494359999834e+00
-7.755749351999999264e-02 7.933467273919999840e+00 1.086264321320000015e+01 -1.207188926999999967e-01 3.968911892199999958e+00
8.861599569700000512e-01 1.189688859732000026e+01 1.878887315169999894e+01 6.842008398399999969e+00 4.950038228000000373e+00
6.917355989169999830e+00 5.900722576799999786e+00 1.184857906655999926e+01 3.897576936130000114e+00 1.963053551000000008e+00
1.056609053300000056e+01 4.444562680650000175e+01 5.216334118441999834e+01 5.741080219300000209e+01 1.978727667733999951e+01
1.384205678456000044e+01 1.806254199740000121e+00 9.741416726440000673e+00 2.280941278987999965e+01 -7.250319396000000360e-02
7.919075289500000281e+00 -9.707341644000000436e-02 9.853411790619999167e+00 1.190039473659000002e+01 -3.467198519999999812e-02
6.888654010959999852e+00 9.861208644879999596e+00 1.281625949200000036e+01 8.637928283800000440e-01 2.951123125800000135e+00
8.915790094740000171e+00 1.912565514710000025e+00 2.840104133760000149e+00 1.586196920977000069e+01 -3.998094228000000083e-02
2.068632369030000007e+01 4.760471623512000150e+01 7.625175317528000107e+01 4.454465901799999905e+00 1.682141707250000096e+01
7.843844344399999891e+00 9.848503924479999228e+00 7.710696978559999692e+00 1.976315094154999841e+01 3.931133540799999881e+00
1.958888589320000095e+00 9.569930953599999901e-01 9.214612975900000613e-01 2.933050783260000127e+00 -1.997985689999999884e-02
1.789459691129999896e+01 1.892419574600000098e+00 8.803026541710000430e+00 2.384476487375999909e+01 9.509520700000000382e-01
2.912184854399999967e+00 -6.993168210000000329e-02 7.836703956260000048e+00 1.287473667519999942e+01 -3.931334189999999978e-02
1.654762079960000065e+01 4.865634987789999855e+01 6.122510069551999834e+01 2.337336062664000025e+01 1.179440899463999948e+01
3.833453267499999928e+00 1.087169370608000030e+01 1.568780082924999952e+01 7.759843323560000172e+00 4.921319021899999591e+00
-5.670286983000000225e-02 9.583081651899999498e-01 6.895949563510000324e+00 3.920467916829999844e+00 9.744952351600000284e-01
9.895278022479999436e+00 9.163913625999999812e-01 6.805823851599999585e+00 1.286984642332000028e+01 -5.099192351999999595e-02
2.896901260049999927e+00 3.897414860800000103e+00 1.183230850800000056e+01 1.187026934700000069e+01 2.959727570310000111e+00
2.657070388961999896e+01 5.058390310934999690e+01 3.020843290755999888e+01 2.146518697000000131e+01 1.082431947178999998e+01
1.280770723768000074e+01 5.809524830700000031e+00 1.641907033579999897e+00 1.874399784759999932e+01 2.921431041660000005e+00
7.892752581799999945e+00 8.947242198100000543e-01 6.806668031980000144e+00 1.086652133930000019e+01 1.956763982000000013e+00
1.188130772567999927e+01 4.884105744320000220e+00 1.978110312949999994e+01 1.185593353770000036e+01 9.526138578999999718e-01
6.915065799219999754e+00 -9.778903199999999796e-02 7.798758558560000331e+00 8.888923682639999768e+00 9.517709152000000117e-01
2.662228403918999931e+01 5.262635504248999752e+01 8.214822827003000327e+01 1.751572121759999945e+01 1.979559302671999887e+01
7.840066070239999796e+00 1.182382928894999985e+01 1.767324509063999827e+01 4.787483656640000085e+00 9.090404829999999547e-01
4.916260912100000269e+00 2.902363273919999820e+00 3.797805311679999907e+00 1.188274394639999976e+01 -4.944047624999999696e-02
1.889250943843000030e+01 5.874588927149999584e+00 2.749898685449999824e+00 2.185928001706000146e+01 -6.061899869999999579e-02
5.898536697840000009e+00 2.898316794179999878e+00 1.580641148391999984e+01 1.286736976407999933e+01 1.948986504560000110e+00
4.621879508180000151e+00 5.763365629257999956e+01 8.829168397288999870e+01 5.518530022200000218e+00 1.881501468427000034e+01
1.780332697800000119e+01 1.979992289144000139e+01 3.463063256419999902e+01 1.376700322135999954e+01 6.905239586349999570e+00
6.901104546880000079e+00 2.900431466850000195e+00 6.824544474399999672e+00 1.386756994423999956e+01 9.521565108399999700e-01
5.894934741240000164e+00 6.890736593859999815e+00 1.579628455449999969e+01 8.857183855320000632e+00 4.945759986199999680e+00
1.591998746047000068e+01 8.946972338499999955e-01 5.849255304779999776e+00 5.873719431839999672e+00 1.958915955980000012e+00
9.651935851750000239e+00 7.261809097779999433e+01 4.831705574058999986e+01 2.147312796214000130e+01 1.680733541852000101e+01
1.483676899439999985e+01 5.786998213919999579e+00 6.926225462199999683e-01 2.970879342105000021e+01 1.917009497900000081e+00
2.936932592429999822e+00 9.166520999799999680e-01 1.875247412600000052e+00 8.903311346520000669e+00 -3.298270995000000122e-02
1.789736162759999871e+01 7.863604970749999978e+00 1.380421972597999947e+01 7.833538520000000283e+00 1.945621732160000006e+00
4.903313634769999929e+00 3.922532681349999883e+00 2.185697792739999912e+01 7.885529538830000185e+00 3.959519930049999914e+00
1.965585271448000171e+01 4.964015482375999966e+01 9.329596833748000506e+01 5.418169159199999640e+00 2.481554383782999906e+01
1.680865819387999949e+01 1.384377498167000020e+01 3.970515176797000123e+01 2.275100856283999917e+01 1.291860402016000009e+01
9.373613894200000241e-01 -5.095062647999999694e-02 3.905816529099999990e+00 7.926938927450000172e+00 -2.554811279999999810e-02
1.876492147700000057e+00 2.898393402359999982e+00 1.080366972949999926e+01 1.282942091740000023e+01 1.945628727319999918e+00
