9.875015509600000740e+00 8.880481661759999312e+00 1.279440788656000016e+01 8.114596412500000300e-01 7.945757293759999840e+00
5.147986627113999702e+01 2.439613782839999967e+00 1.411708880093999952e+01 9.730668253796000045e+01 -2.337167487599999816e-01
2.571410440313000123e+01 1.671050213467999868e+01 2.353581019769999827e+01 1.362502985899999963e+01 1.487444926290000069e+01
2.914430082059999982e+00 7.916417668160000254e+00 6.867418223139999611e+00 3.881671483719999927e+00 3.963020940399999859e+00
3.849239859699999933e+00 1.385949647984000066e+01 8.753748253379999511e+00 6.807616438300000183e+00 -6.428424060000000051e-02
3.872027963919999927e+00 7.893391289480000239e+00 2.184201784218999975e+01 8.823599909100000360e+00 5.959512004199999602e+00
4.945153772479999787e+01 1.859529008044000165e+01 1.228896524514999911e+01 1.720726837056000136e+01 1.082210479327999941e+01
1.077915370897999914e+01 2.780513570800000167e+01 2.571236071531999912e+01 1.670648725279999969e+00 8.921587780710000359e+00
3.860411986389999939e+00 1.388809789897999991e+01 1.682161147169000159e+01 1.278849115975000039e+01 2.954754898500000060e+00
4.856364055940000313e+00 8.864089048000000082e-01 8.842340252699999681e+00 1.479498679679999995e+01 -4.685138172000000156e-02
1.884680636050000047e+01 1.875480977720000109e+00 2.473665691480000106e+01 1.880667994059999870e+01 9.313097644000000175e-01
4.463648062339999889e+00 2.957893412952000034e+01 1.281156638052000005e+02 1.038265290128000018e+01 2.376788902844999996e+01
8.721227483999999919e+00 5.781877350990000330e+00 5.155244320749999787e+01 2.468834394639999985e+01 9.885950175070000512e+00
1.781182727999999926e+01 8.274476278000000296e-01 2.168092584004000045e+01 2.976913060860000115e+01 9.141031239400000397e-01
3.872116268500000125e+00 1.188607396007999917e+01 7.727068063900000006e-01 2.843311500480000031e+00 9.425784293200000219e-01
1.914547161080000004e+00 1.925092016480000057e+00 4.835996921839999629e+00 8.888451603300000059e+00 9.577627241499999666e-01
4.249981173220000130e+01 4.661332640633000324e+01 8.004277340208000169e+01 3.134319592531999987e+01 2.874736917370999834e+01
7.864486882549999613e+00 9.876451777299999790e+00 5.734535816400000208e+00 1.181749043225999962e+01 -7.143228324000000518e-02
4.909292190500000430e+00 2.919057922289999940e+00 8.288497078300000043e-01 4.868244488750000265e+00 -4.936026599999999986e-02
1.387224265280000068e+01 1.887737968189999949e+00 8.749938812850000858e+00 1.585273303896999941e+01 9.357793573599999526e-01
2.087637192101999872e+01 6.865117384120000388e+00 1.079808942404000049e+01 1.184173326650999947e+01 9.495038402200000061e-01
4.576758488960000371e+00 3.950844459556000032e+01 5.330954941793999780e+01 3.440863403521999686e+01 1.782085845599999985e+01
1.483000363220999951e+01 2.808131250809999813e+00 1.728125382440000024e+00 1.677117672206000165e+01 9.278870527000000479e-01
2.783558159272000054e+01 3.804899382399999919e+00 3.721593902079999960e+00 1.077443688944000044e+01 -7.221499029000000291e-02
1.186267724940000079e+01 1.784318718978000007e+01 1.578469775317000057e+01 6.803263938939999811e+00 1.943689567879999913e+00
5.898843991589999725e+00 3.921533987800000176e+00 1.682922473216000014e+01 8.597153758600000195e-01 -4.718015099999999656e-02
1.252356249712000036e+01 5.603332005060000398e+00 3.618633180159999796e+01 7.033499118179000220e+01 1.077487147387999933e+01
1.682882236789999908e+01 8.866463983199999177e+00 5.695570960799999582e+00 9.759648337119999795e+00 -7.874294228999999257e-02
1.290082022392000027e+01 5.915356142100000270e+00 7.812914732540000351e+00 3.851741520400000063e+00 9.548777066500000466e-01
7.846419817160000143e+00 1.287252982615000008e+01 2.373314648010000028e+01 -2.154252469499999822e-01 5.928175969979999849e+00
6.919163853279999721e+00 9.314222968900000010e-01 -1.452619777499999931e-01 3.891767054799999848e+00 9.636501613600000349e-01
2.138388506517999943e+01 4.357898987696000148e+01 1.739002677336399927e+02 3.015201969616000000e+01 4.770194174688000288e+01
8.846625633300000402e+00 8.725053082600000565e-01 2.774261630350000019e+01 1.380467942689999994e+01 5.929852626239999758e+00
7.880577490430000331e+00 9.028139967999999627e-01 5.799691474440000327e+00 1.685773439936000173e+01 1.947869642539999946e+00
3.878439531879999791e+00 2.896275598229999915e+00 1.791460364600000021e+00 8.851570859880000697e+00 9.444137062599999854e-01
9.885910991319999397e+00 9.128898216999999926e-01 3.807836014719999884e+00 1.082909943812000009e+01 3.948728600559999968e+00
1.541865131007999956e+01 5.059820604965999991e+01 7.999316243702999429e+01 5.169452729999999718e+00 1.271916403492000036e+01
1.482925074287999934e+01 2.862890337720000122e+00 2.702327410560000143e+00 2.675148879888000053e+01 -8.450150120999999626e-02
8.892898308899999549e+00 -8.434434501000000195e-02 8.136922612599999383e-01 1.085036040073999963e+01 9.508408796799999729e-01
1.582533323620000054e+01 1.857138455629999907e+00 1.470607627847999943e+01 2.474802795885999984e+01 1.091805691537999934e+01
7.856741588840000290e+00 1.834571529199999995e+00 2.172246568563999958e+01 1.478589379349999966e+01 4.930643508620000226e+00
2.252189991299000127e+01 4.245272176659999985e+01 2.707236024778000072e+01 3.740030781680000160e+01 6.755791969239999695e+00
2.180407177300000043e+01 9.766284855040000323e+00 4.618084040960000358e+00 1.774267775495999899e+01 9.058126297599999877e-01
1.780648299882000174e+01 7.814713474000000160e-01 2.265749913343999822e+01 3.674397578319999980e+01 -8.977620014999999898e-02
4.895829169969999839e+00 1.488681713831999964e+01 1.680242178841999845e+01 1.875330497540000030e+00 6.952650023590000394e+00
8.903316821500000255e-01 7.894401145639999839e+00 1.580691168483999931e+01 1.284988482544000021e+01 2.951989337370000133e+00
6.439675640014999658e+01 1.126364984049000029e+01 1.192214261632000039e+01 9.515456982563999588e+01 1.746085169000000104e+00
1.083729856511000023e+01 5.804232274500000344e+00 1.772995223375999885e+01 2.792035053929999844e+00 4.932622057549999717e+00
6.864328973860000183e+00 1.382787013999999992e+01 2.075575536534000065e+01 2.810717405040000116e+00 2.942114009340000003e+00
-1.358828662499999840e-01 7.841689485199999865e+00 1.276672000647999994e+01 1.811649911059999951e+00 4.942430358080000197e+00
9.870288867999999383e+00 3.873896569929999867e+00 1.476501076715999972e+01 2.084485839717000033e+01 3.942273838539999797e+00
8.584940156400000077e+00 6.155037132631999697e+01 8.615544758699999761e+01 3.392670955359999851e+00 1.479381385361999968e+01
3.839580549759999961e+00 9.832995026200000765e+00 6.687494569060000060e+00 2.278650149114000101e+01 1.925800192999999938e+00
1.383197960372000068e+01 3.812270670759999813e+00 3.630080795440000063e+00 1.976506876639999888e+01 1.911004049360000012e+00
2.286603492133999893e+01 6.848652110739999799e+00 6.725173036120000170e+00 2.286079306627999941e+01 -6.939578448000000011e-02
9.085120041699999982e-01 2.873959579020000099e+00 8.841108807539999503e+00 1.285215623392000062e+01 -4.229965799999999693e-02
5.745375056056000318e+01 8.129571700581999494e+01 4.406522969304000270e+01 9.215805259450000619e+00 1.374169751402000017e+01
2.843392391940000152e+00 2.379194200922999869e+01 2.572342910773999947e+01 2.778899337389999946e+00 8.927846086140000637e+00
2.870515544879999936e+00 2.781602256160000053e+01 2.374908101879999833e+01 1.080746332886000083e+01 7.934926705999999719e+00
1.868522961080000044e+00 1.181641837943999995e+01 2.077385211804000065e+01 1.081846217872999993e+01 6.941436557740000346e+00
5.908691193180000134e+00 9.172042332399999998e-01 1.283414198052999922e+01 1.086603664177999917e+01 1.959983532739999923e+00
1.244183459223999932e+01 6.151425749900000284e+01 7.501278049123000358e+01 5.234563034519999825e+00 1.875075232014999926e+01
1.287567113250999995e+01 6.889230323529999644e+00 4.780113727459999851e+00 1.283172356919999935e+01 9.446965979500000499e-01
2.887468603499999897e+00 2.901179214299999920e+00 5.802939870090000340e+00 8.845534297620000430e+00 9.522590616999999646e-01
9.882119326239999779e+00 9.020155004200000048e-01 6.795147914710000236e+00 2.384236112342999903e+01 2.948325457080000156e+00
1.909542078739999926e+00 2.870487782130000110e+00 1.482753382313999957e+01 7.879645917530000432e+00 2.958006431279999848e+00
5.061833111039999977e+01 1.636411431140000161e+01 4.088500866680000456e+00 6.343997320414000285e+01 5.783789460480000422e+00
6.876596929299999772e+00 1.286642130160000086e+01 1.576046066748999941e+01 4.834243320439999714e+00 8.939297742209999953e+00
8.896290349950000120e+00 1.885812319125999892e+01 1.479890070060000085e+01 3.852039324999999792e+00 1.946393644340000062e+00
-1.069573652999999958e-01 1.381191620665999942e+01 1.077741999955999930e+01 5.859524271749999791e+00 2.947472225759999898e+00
5.904276970199999752e+00 3.884060643519999800e+00 2.179736420755000026e+01 1.586174333397999980e+01 3.947235125799999800e+00
2.064839792160000087e+01 6.452524930591999919e+01 2.910705860171999859e+01 1.941382791722000078e+01 1.377751375625000030e+01
9.862561221760000052e+00 7.839908295199999877e+00 4.715560604930000288e+00 1.681330137955999859e+01 2.931666033179999964e+00
1.587254625375999950e+01 6.853200249400000388e+00 7.738439538499999770e+00 2.083321718571000147e+01 -6.573507695999999956e-02
2.187632020899999929e+01 7.857046808989999853e+00 2.074810947563999974e+01 2.083869924384000072e+01 1.936071890480000057e+00
2.903946466709999896e+00 3.904030065999999799e+00 2.875581330240000177e+00 8.870751870479999468e+00 9.654447123099999528e-01
1.045184615660000027e+01 8.742228562456000418e+01 6.318662971716999976e+01 1.225563687174999927e+01 3.080193094623999883e+01
4.882388330480000427e+00 7.870964370740000327e+00 5.816714401229999609e+00 1.683472194133999977e+01 -4.283460144000000164e-02
5.885049203160000353e+00 4.878903623000000245e+00 2.832642400800000182e+00 1.283758209183999988e+01 2.957128307850000137e+00
1.587608244159999948e+01 1.865809198640000055e+00 8.819204882310000215e+00 2.083159401374999931e+01 -4.485072627000000201e-02
2.904924548999999967e+00 1.089148993435999913e+01 9.805340349639999786e+00 1.874488317860000031e+00 2.953249859370000063e+00
5.860964421274999836e+01 6.565171600960000298e+00 5.117522690410000052e+01 8.343122186531999773e+01 2.814020423850000174e+00
7.871270102000000435e+00 4.868643851959999935e+00 3.720998395750000132e+00 1.885997468440000091e+01 1.938142551799999946e+00
7.874663661799999659e+00 7.851410567360000314e+00 3.735006316239999791e+00 7.809877670749999723e+00 2.940572308800000201e+00
8.976712420000000359e-01 7.877663462780000181e+00 1.878146157556000162e+01 1.836052747849999944e+00 2.950188474900000024e+00
5.890535673359999613e+00 1.186332132090000080e+01 2.979988562172000144e+01 4.862432713639999626e+00 2.946779799689999813e+00
3.958440361969000065e+01 5.451981127804000238e+01 2.219393518249999886e+01 4.143502048506000079e+01 9.792300448000000657e+00
4.845951185989999743e+00 1.781423692874999887e+01 7.737080446790000288e+00 1.384579216112000033e+01 1.292187513792999987e+01
3.825136893819999884e+00 2.377414694831999853e+01 1.367247539192000083e+01 1.176685821839999946e+01 8.907383753550000449e+00
2.902207962899999938e+00 3.881852705020000016e+00 9.815662097020000587e+00 7.867273084909999881e+00 3.947900320480000058e+00
4.914578423840000099e+00 -1.445723413199999918e-01 2.078627547359999994e+01 1.188087398849999943e+01 9.465500018800000470e-01
3.866793879656999877e+01 3.348291040179999811e+01 1.819408788208000161e+01 4.950805761725000309e+01 1.806640469299999996e+00
4.888865233039999758e+00 1.780607729492999880e+01 1.771892625861000070e+01 1.384502517049999959e+01 2.928560705399999797e+00
2.865144763740000045e+00 2.677860970164000065e+01 3.966253503789999968e+01 -1.906635906899999955e-01 6.918968166189999991e+00
9.197208287200000498e-01 6.863962865200000429e+00 1.380193701800000028e+01 6.895942491399999597e+00 2.952288719039999787e+00
2.935336193399999960e+00 8.980262066799999943e-01 2.886348089999999811e+00 5.904578270760000080e+00 1.970050367450000062e+00
2.456174379273999975e+01 1.184508429910400054e+02 9.325880010075999849e+01 1.237726414299999966e+01 1.980026945479999867e+01
8.932193362000000469e-01 1.185373680798000073e+01 1.983262717360999972e+01 1.285541773941999999e+01 1.950796485199999930e+00
9.216989459200000123e-01 9.873497544490000166e+00 1.987592638538000145e+01 1.389058848212000008e+01 1.962899812190000093e+00
-1.137214347300000011e-01 8.820641248019999381e+00 2.481258396499000085e+01 1.083351920554999914e+01 2.946255111660000203e+00
2.927598052800000072e+00 5.915063408099999975e+00 4.864521275959999613e+00 1.487875103520000053e+01 1.972725485600000050e+00
5.250553110007999891e+01 4.148862307584000320e+01 1.113043156499199995e+02 6.533810652360000404e+01 1.483784657628000048e+01
1.089934915213999922e+01 1.890306942320000072e+00 2.846468582400000003e+00 1.285807182673000071e+01 9.620346439000000416e-01
9.466331880699999646e-01 1.941049257049999976e+00 -8.302049396999999775e-02 5.920489739039999755e+00 -1.994717097000000064e-02
4.908088226750000338e+00 2.902412849970000153e+00 3.853896632320000126e+00 9.865019773449999363e+00 9.664978200399999553e-01
-1.027704672000000034e-02 -1.118799539999999933e-02 -1.253984489999999952e-02 -8.649536399999999473e-03 -3.913910280000000227e-03
-9.397235250000000178e-03 -9.079050239999999009e-03 9.883650304000000109e-01 -1.443743351999999917e-02 9.860406851799999872e-01
3.971870827870000120e+00 5.944044905160000170e+00 1.490181948284999969e+01 2.087774145767999912e+01 1.941722861959999991e+00
1.788500775059999981e+01 3.868505678920000079e+00 1.278963611662000055e+01 2.184017541376000082e+01 -6.486765930000000513e-02
6.862012488879999594e+00 5.862126091380000403e+00 2.578906312100000164e+01 1.485453226605000054e+01 1.950026466800000025e+00
8.842234242600000016e+00 4.858479677120000062e+00 1.973373331295000099e+01 1.182370581822000055e+01 1.940162560579999917e+00
3.846221781293999697e+01 4.448641264740000167e+01 3.805310870400000312e+01 2.139990576195999950e+01 6.787979705499999739e+00
2.071792547364000114e+01 4.740482311520000103e+00 4.889377697500000286e-01 2.568485545136000070e+01 8.943349556799999878e-01
6.852507135639999802e+00 1.861994691560000081e+00 1.474236073716000028e+01 2.182217647423000173e+01 5.944178477400000382e+00
1.484205324486000066e+01 8.855313076079999846e+00 3.373257967855000317e+01 3.833927734720000036e+00 -6.088296312000000127e-02
6.883666489420000367e+00 9.853858828810000858e+00 1.684347500060000158e+01 1.186785944796000081e+01 9.570490039900000356e-01
2.447671247134000083e+01 2.537287029232999913e+01 1.427369993331000053e+01 4.739274039504000058e+01 1.880612016579999946e+01
1.775338779527999833e+01 4.724729216060000070e+00 1.065493324460000046e+01 3.471216177851000140e+01 2.907637789799999872e+00
6.903281409729999929e+00 8.884240709760000243e+00 5.875496336940000397e+00 5.890219109160000244e+00 -3.441523626000000252e-02
9.846366331240000491e+00 2.085838403880000058e+01 1.180320792096000027e+01 8.277557072500000279e-01 3.945807627160000219e+00
8.872446006540000596e+00 3.905083764220000031e+00 1.814981627359999905e+00 1.983808721000000119e+01 9.482309632900000063e-01
4.044842732480000080e+01 5.608343031989999616e+00 4.518402967224999855e+01 1.371986940475200072e+02 5.761256047799999891e+00
3.370716822328000006e+01 3.763644624399999916e+00 2.956099904634000097e+01 3.257145524724000296e+01 6.876950644959999970e+00
9.472205458000000355e-01 1.961982281450000087e+00 1.934507004499999905e+00 1.929422927719999903e+00 9.799610292999999528e-01
8.683224334300000402e-01 3.897972690790000083e+00 9.807975320140000619e+00 7.817961492620000286e+00 9.474490872999999924e-01
1.486682744640000031e+01 1.907115781249999920e+00 3.810859607019999817e+00 3.807951289870000089e+00 1.946841261679999935e+00
2.549918902849999824e+01 8.657195623199999801e+00 1.931818966040000163e+01 1.012612353171600006e+02 3.794132372350000004e+00
3.269113226286000184e+01 4.763528054870000084e+00 2.454955976464000145e+01 7.150412376072000598e+01 7.861741534160000100e+00
-5.310498104999999969e-02 9.629026188400000574e-01 2.924361633000000182e+00 3.919247173120000038e+00 1.977769721720000096e+00
8.835949615600000584e-01 5.916143607899999601e+00 6.835812528579999992e+00 2.820461491200000115e+00 1.950694149799999888e+00
2.888702406839999792e+00 5.912787976349999752e+00 1.870817261780000074e+00 1.179469864416000036e+01 -3.608115191999999860e-02
2.466009064420000030e+01 2.572251596719999966e+01 4.261459365051999981e+01 3.940964794300000307e+01 1.189575471558000075e+01
1.738610731999999937e+00 1.179787438361999996e+01 1.370127320041999930e+01 4.553283374739999800e+01 9.191784170800000320e-01
3.952421056840000002e+00 9.599096850399999603e-01 9.458685909999999808e-01 5.917999176960000440e+00 -1.546964972999999993e-02
1.089061205149999978e+01 4.911485451799999957e+00 1.868854729790000002e+00 -1.980025835399999989e-01 4.964827532810000221e+00
1.088027516036000009e+01 9.140060713600000053e-01 8.713987915599999967e-01 1.180683368669999922e+01 -5.088034034999999733e-02
5.701284794760000274e+00 1.784770210100000032e+00 2.168971796154999865e+01 6.850833235547999323e+01 6.878002649469999952e+00
3.171149800699999943e+01 7.955298208000000093e-01 1.672441101080000081e+01 3.553056811826999706e+01 7.882994596039999635e+00
-5.225254271999999617e-02 1.961037294140000053e+00 3.941006703699999836e+00 4.911519888139999956e+00 9.776211612399999806e-01
4.906632818750000347e+00 7.934675119999999637e+00 -1.035672917399999976e-01 1.183647967211999941e+01 9.633334027600000127e-01
1.823982604940000085e+00 1.390230615515000068e+01 2.381463749399999941e+01 1.079496440516000000e+01 3.944909277219999844e+00
2.467277887299999861e+01 1.381026177032000035e+01 7.660696776920000062e+00 2.355426331637999837e+01 2.896132161000000149e+00
3.623527665400000153e+00 2.778366394936000106e+01 6.059693708260000022e+01 1.550746651975000034e+01 1.387897092913999941e+01
1.088189843600000017e+01 6.928925058789999980e+00 1.386474261979999945e+01 8.845684492680000233e+00 5.961101706150000012e+00
2.864264092860000055e+00 4.919915284610000050e+00 8.855344093410000283e+00 1.681370465750000065e+01 -4.389028902000000065e-02
1.584433439440000058e+01 1.878135499999999958e+00 5.839787598720000084e+00 1.181478733994999963e+01 1.946717535799999954e+00
3.706033673289999886e+00 1.877577017049999952e+01 4.166801817332999747e+01 5.559807333116000194e+01 2.899041788729999958e+00
3.266719662191999873e+01 1.726334387390000114e+00 1.765109495024999831e+01 5.052615516942000085e+01 5.881753040999999627e+00
3.891007620669999945e+00 5.918283370320000181e+00 6.886209381549999620e+00 2.864464320000000175e+00 1.963336362499999987e+00
4.870811233759999581e+00 3.901209224800000097e+00 1.876956152150000001e+00 1.287160852000000055e+01 -4.275956789999999647e-02
1.284427398136000065e+01 4.873193088169999854e+00 8.833585686299999296e+00 2.747317227599999967e+00 2.949596175359999961e+00
5.753677768800000258e+00 1.680109194175999932e+01 3.173159166403999976e+01 3.859899840623999978e+01 5.921219479380000372e+00
2.866878465202999848e+01 2.771950187052999937e+01 2.663950846319999854e+01 7.436893976180000365e+00 1.388379879320000043e+01
3.880370937999999992e+00 4.905459942800000306e+00 3.871601659299999998e+00 4.801440721279999657e+00 -3.922435043999999982e-02
6.892042154290000333e+00 3.911356008129999839e+00 1.488192161009999914e+01 1.983786018697999864e+01 2.964812278080000141e+00
9.884028371499999466e+00 6.900931206070000101e+00 2.857726688160000084e+00 1.072484554258999978e+01 1.951899910939999927e+00
2.778120469054000097e+01 9.795859332850000101e+00 2.571991316989999987e+01 2.947569876768000086e+01 1.390615477943000045e+01
1.173534961368000040e+01 2.175641778820000027e+01 2.065310626124999871e+01 1.637073611810000173e+01 3.884641217500000021e+00
1.931319079399999916e+00 9.395921666800000072e-01 5.917218729000000010e+00 8.839299570479999701e+00 9.713233756000000385e-01
4.910093343679999833e+00 9.202840444000000009e-01 1.887864797179999998e+00 1.078713276625999917e+01 3.963459600759999812e+00
1.089785655380000051e+01 5.906212816740000093e+00 2.873125335720000173e+00 2.765297806049999974e+00 6.931933717119999727e+00
2.182186216102000031e+01 2.832304397520000183e+00 1.576970591919999976e+01 3.960883790391999781e+01 8.880188591610000515e+00
2.176559302432000109e+01 2.578674454216999834e+01 1.370533959968000026e+01 4.482942607400000057e+00 7.851189171679999745e+00
6.938597095449999586e+00 9.423308269000000292e-01 3.921558093399999834e+00 1.086378029525000066e+01 1.961603472800000025e+00
1.937615730230000111e+00 9.438364079200000090e-01 9.211541204800000049e-01 9.845050369599999129e+00 -4.156533710999999603e-02
9.859728395799999490e+00 1.690164849427999982e+01 7.811238962420000043e+00 7.505980192000000217e-01 3.931767588550000081e+00
3.811976469040000204e+00 6.864778227400000432e+00 3.074055928419999972e+01 2.166565827153999990e+01 3.906623487550000107e+00
2.069455513818000014e+01 2.577737996288000133e+01 2.159756833503999829e+01 6.454854247120000110e+00 6.850885923069999883e+00
3.888088122280000114e+00 -7.574310971999999309e-02 1.852807049479999968e+00 2.181081371080000153e+01 3.946289479149999835e+00
6.900228864789999861e+00 3.930498023709999789e+00 2.086535148384000138e+01 3.822366611200000097e+00 5.953079202899999700e+00
1.283660468751999950e+01 -1.096611882299999979e-01 5.815035852000000283e+00 2.876607798103999869e+01 4.930769144480000143e+00
6.764098022709999825e+00 1.783494341640000158e+01 2.770274462860000142e+01 2.164886909859999875e+01 5.898891516720000006e+00
2.064791753571000044e+01 1.748557331930000069e+00 3.356594443329999677e+01 6.046585666989999908e+01 1.983901283695999851e+01
7.899488276929999664e+00 5.930458187100000167e+00 9.874262505249999933e+00 3.831928991679999896e+00 1.954762008679999941e+00
3.893664335620000028e+00 5.926573273199999825e+00 4.869825231290000112e+00 1.584478378240000040e+01 -4.673348054999999779e-02
8.878988916000000842e+00 9.200696924800000343e-01 8.782481353600000151e-01 2.076167562212999940e+01 9.414152353000000417e-01
8.768864064329999763e+00 1.883927590471000002e+01 2.076806960256000067e+01 2.056950988319999851e+01 1.882802778320000092e+00
2.071457300999999873e+01 1.280047002132999978e+01 1.702793182429999996e+00 4.342313452399999818e+01 4.852726912939999693e+00
-8.545540499999999817e-02 3.939897603099999923e+00 1.910856195200000052e+00 1.583191276089999988e+01 9.548839476999999576e-01
9.920107816750000751e+00 2.943463542239999953e+00 6.915024289959999848e+00 3.839494369000000074e+00 9.595154151100000472e-01
1.084282889276000006e+01 8.997555647799999612e-01 8.379997140699999569e-01 1.472358817715999990e+01 9.494656924600000103e-01
1.278555318040000088e+01 7.860090580819999673e+00 1.176834872208000071e+01 3.362005667607999726e+01 4.927901915389999665e+00
2.565513013292000011e+01 9.774198934930000249e+00 6.369609548799999299e-01 2.337514813545000081e+01 1.881946068049999976e+00
1.287642568396000087e+01 3.923092823080000180e+00 6.871371819370000189e+00 7.902122291199999982e-01 1.960392923749999960e+00
3.902859397299999866e+00 1.938616009760000036e+00 5.894258224379999689e+00 1.383285602209999965e+01 9.683751270699999525e-01
1.487223240792000034e+01 1.090355043503000054e+01 2.832473124569999889e+00 7.734857031999999855e-01 5.933639243400000041e+00
2.080065056223000042e+01 1.852388742800000099e+00 1.873622377702000108e+01 3.365712509245000206e+01 8.899166469600000795e+00
2.770731183790000074e+01 1.577938400412999975e+01 2.359452760718999897e+01 1.048798595899999953e+01 6.847689206230000103e+00
-9.961229097000000310e-02 2.927908047899999922e+00 1.487677417673999969e+01 3.821535999940000039e+00 9.510179067999999791e-01
9.904299613750000120e+00 -7.345406510999999417e-02 5.868242756159999907e+00 1.782537490260000013e+01 3.949807867240000103e+00
2.887664680199999889e+00 3.915111298539999840e+00 1.085307499261999986e+01 7.792203711320000004e+00 2.940724015319999829e+00
3.279538746330000265e+01 7.847897692940000169e+00 9.741676167279999632e+00 1.461996622500000065e+01 7.893608546060000286e+00
1.473295284069000033e+01 2.180500992472000021e+01 3.966435065614000166e+01 1.152584771285999921e+01 6.860141939680000078e+00
3.894489505300000154e+00 4.923530372930000176e+00 1.086483155374999932e+01 2.080856569350000029e+01 1.947161922859999894e+00
2.906138781120000125e+00 6.930746924560000188e+00 1.881174786050000103e+00 9.831057579099999444e+00 9.502768799199999838e-01
6.876209124789999905e+00 6.908281589139999568e+00 1.786062742776000078e+01 8.756996237550000117e+00 1.092780367778000006e+01
2.828170650000000119e+00 1.187186051423999977e+01 1.379648088229999914e+01 1.566085371279999983e+01 9.032979061899999440e-01
2.872624710422000049e+01 1.279695851904999948e+01 2.668905600768000141e+01 1.745603008523999833e+01 1.783752747678000006e+01
2.937114038099999824e+00 2.952831939060000188e+00 9.277006960000000468e-01 8.918366297499999984e-01 9.650553704200000027e-01
1.929514161259999971e+00 -5.350087988999999850e-02 3.913909473999999999e+00 1.684653603514999887e+01 -4.356037358999999970e-02
2.886621517650000079e+00 1.190854188830999938e+01 1.083889771085000042e+01 -2.095054510499999856e-01 1.939073304169999901e+00
1.383482445980000008e+01 8.693963622100000510e-01 7.767639269000000013e+00 3.270004566971999793e+01 1.090941199759999947e+01
3.274133342063999663e+01 2.179305826131999879e+01 2.463621940474000027e+01 2.530810297739999992e+00 1.861297829119999969e+00
5.893705417199999630e+00 9.126427757499999682e-01 2.185027029958000000e+01 1.780926755040000131e+01 4.942972021280000128e+00
5.918194582980000007e+00 1.933683161600000089e+00 -1.104880743000000026e-01 1.184736839520000018e+01 -4.224067055999999876e-02
1.189291456559999993e+01 4.916252719760000112e+00 8.552746010799999743e-01 2.791833875040000024e+00 1.932000841010000025e+00
1.382926475912000086e+01 3.854470254879999835e+00 1.776995194859999927e+01 4.466825673695999654e+01 8.891711986949999869e+00
1.777723707239999840e+01 1.881600715701999960e+01 1.270489069605999966e+01 1.563619234339999942e+00 4.865545514479999945e+00
3.929982037509999859e+00 -5.400705374999999892e-02 1.391126453887999936e+01 5.865141454079999761e+00 4.956268338950000185e+00
4.924063544900000089e+00 1.936829395189999969e+00 1.898312093749999985e+00 1.184575963314000013e+01 9.526873824099999499e-01
1.901015662340000079e+00 3.923414895280000092e+00 -1.131876455399999926e-01 1.078662327464000015e+01 -6.959081546999999757e-02
1.185289545935999911e+01 2.887700252160000147e+00 1.183228681323000053e+01 2.168652560574999910e+01 5.897122087109999633e+00
7.769319137720000157e+00 1.681483038901999905e+01 1.973224756316000139e+01 1.649773431143000124e+01 8.353905291100000019e-01
6.928842915069999719e+00 4.946672872399999754e+00 6.921305961459999878e+00 -1.700822812499999948e-01 9.537500627199999581e-01
1.932240603439999926e+00 -5.454034559999999809e-02 3.923120437600000177e+00 6.854263751050000408e+00 2.953372732320000082e+00
1.834727680999999944e+00 7.895514043520000413e+00 7.829130613400000271e+00 2.171518662631000041e+01 -5.667164999999999703e-02
2.379423829199999929e+01 1.186943224116000017e+01 1.079187047489000051e+01 3.584170452279999974e+00 6.929904704380000169e+00
4.620248393359999817e+00 1.476004979580000054e+01 1.162728843626999975e+01 5.633039387046000002e+01 -1.309444379999999963e-01
2.870840892719999982e+00 8.919003439260000832e+00 1.286393244159999938e+01 1.277698269190000069e+01 9.567356320000000025e-01
2.902150921890000124e+00 9.429188723200000455e-01 1.906915318400000059e+00 9.844257447640000436e+00 1.969746766489999912e+00
1.880568739999999961e+00 2.916289279919999977e+00 4.872393409999999925e+00 4.783712846900000315e+00 -6.609825503999999796e-02
9.834553624959999851e+00 1.881480406339999911e+00 6.811173060819999847e+00 3.565497157218000268e+01 8.904227913359999746e+00
1.773321711128999922e+01 6.808598506600000100e+00 -2.945901230999999898e-01 1.945143200684000107e+01 4.849013548940000362e+00
3.913910062869999873e+00 -6.577749989999999436e-02 7.899585097850000182e+00 3.816146893360000014e+00 2.948089732500000171e+00
-7.957859499000000114e-02 4.942052340800000110e+00 5.911081846620000135e+00 7.849186553600000060e+00 1.954477687340000047e+00
2.873583973920000201e+00 8.918073784440000651e+00 7.864523696240000028e+00 1.778004878759999841e+01 -4.866185969999999722e-02
3.279397406028000006e+01 2.857415597130000151e+00 1.177542466905000040e+01 1.059019401079999945e+01 3.917000434000000197e+00
5.720393430239999688e+00 1.381419317335999963e+01 2.671599495527999935e+01 3.945494372619999979e+01 3.888338911239999973e+00
8.930241440199999658e-01 -7.482239729999999589e-02 9.882561160179999860e+00 8.788254659999999774e+00 2.956589733990000024e+00
4.907465842999999772e+00 1.937900713339999914e+00 1.902591378829999957e+00 2.813116437120000146e+00 1.962941949199999980e+00
2.872545277710000011e+00 5.918741752559999902e+00 3.889872178060000074e+00 1.573404520911999960e+01 1.939144205899999918e+00
1.185119720850000036e+01 3.905875199830000088e+00 7.867089967400000106e+00 8.690335337880000566e+00 3.925550762409999894e+00
1.069542173450000000e+01 1.882122656454999898e+01 1.773583191683999871e+01 2.131559919616000087e+01 6.859636133560000459e+00
1.092213870950000043e+01 4.954876656889999786e+00 1.931160777859999955e+00 8.405151147999999628e-01 1.962780022100000021e+00
1.934133132799999988e+00 -4.095376442999999755e-02 3.940833388000000159e+00 1.086011574427999982e+01 1.967680807220000050e+00
2.860109440050000007e+00 1.091835626383999980e+01 1.876057576220000023e+00 1.072913953483999983e+01 9.426232968400000134e-01
1.281541298556999919e+01 -1.111992688799999934e-01 1.083165912559999988e+01 1.963641891584000021e+01 7.923566399300000285e+00
1.265264842738000084e+01 2.180681747131000137e+01 1.069735029914000002e+01 1.037326416616999936e+01 2.865862116749999799e+00
6.900891361360000253e+00 3.940564841410000074e+00 4.910371232000000141e+00 -2.003914079999999931e-01 -4.225375530000000102e-02
9.142725694600000175e-01 -5.119417809000000041e-02 4.921413313999999595e+00 1.083848395232000072e+01 -3.460173551999999597e-02
3.894392870679999952e+00 8.905641753779999448e+00 5.857858911750000175e+00 7.880825269000000244e-01 9.319245624999999977e-01
2.182658912823999842e+01 2.864432958420000119e+00 1.377592318435999985e+01 2.466843145720000052e+01 9.892723455820000567e+00
5.775627362639999873e+00 1.881949856482000172e+01 2.970781395690000082e+01 7.553814778879999636e+00 4.856386963550000324e+00
-6.888646295999999170e-02 1.945920770389999888e+00 1.190828886699000044e+01 7.858651507280000281e+00 6.957911058639999702e+00
6.928157378049999870e+00 2.942628496230000223e+00 1.905847550480000097e+00 7.887075039079999961e+00 9.566653126599999890e-01
8.838160299999999747e-01 4.921910977999999659e+00 1.987190779151000086e+01 2.078628926952000100e+01 1.955082052639999901e+00
9.824999969800000343e+00 1.787868759923999917e+01 1.080273750859999993e+01 4.668751943420000217e+00 3.927315338500000141e+00
1.274934612208000040e+01 9.826101203680000395e+00 4.071526832696000042e+01 4.252882449687999866e+01 6.898737139629999682e+00
1.288083788275000074e+01 -8.099124875999999529e-02 2.865652078890000176e+00 8.771171466780000259e+00 1.954213875200000006e+00
-8.048980367999999941e-02 2.946254374560000056e+00 3.908644441599999908e+00 9.852036230799999572e+00 -3.232199376000000068e-02
3.922846566070000041e+00 4.927272714679999943e+00 1.189867178235000011e+01 7.981023386800000230e-01 -7.011361133999999273e-02
1.907056407440000045e+00 1.915341706280000000e+00 7.882308428840000047e+00 1.080174239039000028e+01 3.914915809900000099e+00
9.837448181019999183e+00 1.085090631967999997e+01 8.783684958329999404e+00 1.162526071385999948e+01 8.552357340399999730e-01
1.941559632379999956e+00 3.948726736749999855e+00 1.926519837499999888e+00 4.862397485119999807e+00 2.946923385959999919e+00
3.957729534399999860e+00 2.960863780800000011e+00 3.945908980840000080e+00 5.895604748130000239e+00 9.607100185000000403e-01
4.866500724799999844e+00 2.915277340439999865e+00 1.387819288688000086e+01 1.777560349194000011e+01 4.946084798630000279e+00
1.852823045360000087e+00 7.903323606679999891e+00 2.857894231800000018e+00 2.075398745609999906e+01 -5.880004325999999698e-02
1.472512248726000017e+01 1.280805312144999952e+01 3.471500251249999991e+01 4.350642892676000173e+01 8.883334047600000005e+00
1.088385422636000044e+01 8.920999397519999263e+00 2.889389441550000104e+00 8.002729053999999564e-01 -4.827534794999999851e-02
9.208544042799999829e-01 9.457697531800000057e-01 2.919477888659999909e+00 1.483621515527999968e+01 1.966130515819999980e+00
4.913573903959999711e+00 2.931442908150000193e+00 9.068819285800000518e-01 3.823368833920000043e+00 3.929316659769999998e+00
9.013961217699999473e-01 2.918164690739999845e+00 1.089396724160000041e+01 1.278632422911999988e+01 2.920136774249999956e+00
1.180872549839999941e+01 1.839951077779999888e+00 7.927216561000000050e-01 5.059237498115999898e+01 1.684490809309999904e+01
9.191584157500000130e-01 2.928987672599999925e+00 -9.158755778999999597e-02 1.782087899193000169e+01 2.936270567279999799e+00
3.957107118250000166e+00 1.966025185039999901e+00 2.955873684270000190e+00 1.907934628880000094e+00 2.966081616929999942e+00
-9.936822743999999819e-02 3.919625676399999925e+00 5.888619091049999810e+00 2.482213533271000117e+01 2.931118787459999986e+00
2.873132478300000070e+00 1.390143000001999951e+01 1.085500781300000028e+01 3.778702077280000182e+00 -8.636110812000000192e-02
9.735108178600000883e+00 7.949300595399999558e-01 2.970740416898999925e+01 5.252962014692000281e+01 9.822494270440000008e+00
2.935920115110000062e+00 5.947755981720000307e+00 2.928109400939999940e+00 5.895092756040000381e+00 -4.306331304000000221e-02
2.949989976299999928e+00 1.959136889150000060e+00 -5.757681851999999628e-02 5.906559812640000295e+00 9.631967630500000155e-01
3.900309581290000160e+00 8.928319523849999939e+00 4.910628494480000050e+00 8.767604884500000750e+00 9.385371667899999881e-01
1.888886370800000103e+00 -8.075104812000000187e-02 5.887038446520000079e+00 3.872834756868000028e+01 2.929278576000000189e+00
1.779355730880000053e+01 9.857055872080000114e+00 1.800531447680000063e+00 6.522515222200000018e+00 8.728619958100000131e-01
1.927359532100000106e+00 9.484564122099999883e-01 2.931011182199999787e+00 1.883134905760000066e+01 9.554527369899999956e-01
2.948493642239999879e+00 1.962327015020000065e+00 5.950478959529999834e+00 5.875206083970000215e+00 2.967094166339999894e+00
5.897327534699999596e+00 5.913737954880000203e+00 8.859242857499999957e+00 8.347718368000000000e-01 2.937814796640000115e+00
1.983367106840000105e+01 -1.422759969899999866e-01 8.766200952000000157e+00 3.167665037329999933e+01 1.289775391060000054e+01
2.075116411200000144e+01 1.979908403761999836e+01 2.066155721804999956e+01 6.545490173170000148e+00 5.855807180940000300e+00
3.911253182679999885e+00 9.317542211200000590e-01 1.288659994816000065e+01 9.839171762199999449e+00 4.951415953759999766e+00
3.921087319779999802e+00 1.938491579989999991e+00 -1.036921208399999988e-01 7.861109922079999812e+00 1.955648482399999999e+00
2.863325084159999978e+00 8.908816349520000344e+00 5.820350449920000280e+00 8.787103290359999264e+00 -7.190726399999999852e-02
1.485356727821999989e+01 2.903130803999999898e+00 8.809002285120000053e+00 8.806725984239999860e+00 9.922077627400000210e+00
5.689732202970000152e+00 2.079880619628000105e+01 3.258623572305000238e+01 1.453106991651000079e+01 8.421454017999999708e-01
9.865819778860000611e+00 9.911488343500000298e+00 1.682385920468000151e+01 2.838507267359999808e+00 3.928226509119999932e+00
9.213503073400000076e-01 -5.412777209999999894e-02 1.893997324999999954e+00 2.085381691050000086e+01 9.565058795499999933e-01
7.914651372439999832e+00 9.922589199909999991e+00 2.893980429209999983e+00 -1.953428399999999898e-01 2.924339537009999823e+00
7.889400348199999691e+00 1.893775388239999913e+00 1.785448397628000095e+01 2.670099114059999934e+01 9.897595626879999386e+00
5.838183614850000147e+00 1.785324619908000088e+01 1.779367229640000048e+01 9.624841961679999613e+00 -1.460562661800000051e-01
9.334949678199999656e-01 9.360324232300000213e-01 4.919060732990000240e+00 1.484296689570000005e+01 8.943406257419999505e+00
1.954498203019999991e+00 -4.292003132999999693e-02 -5.651266320000000037e-02 3.895846582539999936e+00 3.957835908459999885e+00
3.889098169599999988e+00 3.910445723650000094e+00 1.486855724433000070e+01 1.176820274550000001e+01 3.923476826259999939e+00
1.186142344229999956e+01 8.956905165999999863e-01 1.841398460299999984e+00 1.672491547637000053e+01 2.908524302400000039e+00
1.273409358069999975e+01 1.979971474250000085e+01 3.769513266250999806e+01 2.152018876612000042e+01 3.826300848429999846e+00
3.935791206040000212e+00 4.952414915420000341e+00 3.931445243379999788e+00 1.875133448839999994e+00 1.958398764500000055e+00
1.936565219360000034e+00 9.528910350399999452e-01 9.290407041099999486e-01 8.869507201799999407e+00 3.959038627239999997e+00
1.872833291839999914e+00 1.919694429199999997e+00 7.866161971460000402e+00 2.477428258120000137e+01 9.526729311999999616e-01
2.381165932082999959e+01 1.587074995563999913e+01 1.679088502484000145e+01 1.654183046089999998e+00 1.925801274349999925e+00
1.171912467944999925e+01 3.817535406699999800e+00 2.966437682400000142e+01 6.750440778155000032e+01 3.892926108100000171e+00
1.888061209282000164e+01 3.919135174420000034e+00 6.870434382880000079e+00 6.779041210509999971e+00 3.953351231680000133e+00
1.913038231520000076e+00 4.942859185849999726e+00 2.903541039839999893e+00 7.837940362130000338e+00 9.667464738400000090e-01
3.916837344550000211e+00 7.922080208059999684e+00 6.887768377209999571e+00 -1.886611135500000092e-01 9.261244165599999967e-01
8.890986104639999610e+00 8.950724250399999526e-01 1.184948497379999921e+01 1.577570945451999940e+01 7.902146159900000022e+00
5.840535978780000193e+00 1.784497784543999899e+01 1.277480994789999968e+01 1.163885106234000055e+01 8.547871341699999626e-01
2.938079882099999818e+00 3.938128867660000143e+00 1.091591198597000023e+01 6.837123315130000378e+00 3.942205059820000024e+00
4.954886636900000418e+00 1.956938912840000100e+00 -6.035988779999999776e-02 1.889782729760000057e+00 3.961319716839999838e+00
8.906351606999999504e+00 4.925470582940000064e+00 8.970271640200000451e-01 -2.188655680499999867e-01 1.941592651219999910e+00
4.853162931079999964e+00 5.885467036799999718e+00 4.848317914459999933e+00 2.468480507908000021e+01 8.913618449910000407e+00
5.814714322500000421e+00 1.685763368234000126e+01 1.180142011164000060e+01 8.558730809820000118e+00 3.875315193400000080e+00
1.928838927439999962e+00 1.946817935299999913e+00 6.926038940499999796e+00 9.841024525419999947e+00 1.953441922519999929e+00
3.938987802999999843e+00 -4.919749650000000002e-02 -6.546344183999999733e-02 1.385557085696000001e+01 1.961195381840000085e+00
5.878621969800000180e+00 -7.253512578000000099e-02 2.884088951399999878e+00 1.077138518527999977e+01 9.497658833200000039e-01
1.382789693155999977e+01 1.089490114972999990e+01 1.183174916924999920e+01 1.367600531845999967e+01 7.927708906970000413e+00
1.670648451605000062e+01 1.681837188236000102e+01 3.724015050400000248e+00 2.644394751288000123e+01 -1.198839203999999964e-01
4.910519918030000319e+00 5.946182508119999710e+00 8.914745231999999575e+00 -1.672995926699999969e-01 9.636110197299999625e-01
9.279087445000000489e-01 -4.542849035999999702e-02 2.929302867900000162e+00 1.985630326220000086e+01 1.969961117600000033e+00
6.913807827910000370e+00 2.928996242400000227e+00 5.899709166360000090e+00 7.987985709400000633e-01 2.940243871619999894e+00
1.186513392107999998e+01 8.891195665600000186e-01 1.784493705140999964e+01 2.269166338715000109e+01 1.290594710595999928e+01
1.080293345407999972e+01 9.846608032000000676e+00 1.178722733376000065e+01 3.550362568599999769e+00 1.866148146380000039e+00
2.937173249100000216e+00 3.951693900400000015e+00 4.930670418440000091e+00 5.858177932680000310e+00 3.956736868060000134e+00
3.947524819059999857e+00 -4.012485983999999895e-02 -5.825687507999999931e-02 5.880614028720000164e+00 1.962210068839999932e+00
5.885420742059999988e+00 4.916717735899999830e+00 2.877280415400000013e+00 1.277439893769999912e+01 9.404452732600000475e-01
9.813514730319999657e+00 4.875032592500000206e+00 1.280283471669999962e+01 7.644389426000000043e+00 1.900946937080000065e+00
1.070950112372000085e+01 7.800412557499999622e+00 2.694252099359999875e+00 2.845232252570000142e+01 8.481409310799999934e-01
-9.787232915999999339e-02 2.933483435039999865e+00 3.900906498639999942e+00 1.081358151967999959e+01 1.950381849440000037e+00
9.927823547079999145e+00 1.951373346950000087e+00 5.925139589399999629e+00 6.872031249279999976e+00 3.963209960379999952e+00
1.487395190264999911e+01 4.907293209319999683e+00 1.084432856563999970e+01 1.675487320973000038e+01 7.921367513359999890e+00
3.833058684910000125e+00 1.487866443647999937e+01 1.880316878176000017e+01 9.702318124719999659e+00 3.899890447599999810e+00
3.572885116511999826e+01 1.579248557026000022e+01 3.364296313101999658e+01 2.848133374085000113e+01 1.983084300037999981e+01
3.933455081800000031e+00 6.951518665000000041e+00 2.922392279999999953e+00 -1.366060739399999890e-01 -3.807186947999999932e-02
-7.153275483000000323e-02 9.453155375799999760e-01 4.910540622440000114e+00 1.186007118536999982e+01 2.957260004940000186e+00
2.878985210250000204e+00 -8.930475827999999339e-02 3.842780057050000142e+00 2.482844122239999862e+01 7.924163148169999893e+00
8.319583647099999535e-01 1.187514582240000038e+01 3.279222426345000230e+01 1.971108252722000032e+01 9.896068684539999438e+00
2.270311573009999861e+01 6.768585608200000436e+00 4.067734135999999978e+01 6.446810048735000009e+01 1.781075469014999868e+01
1.934756988319999982e+00 9.497257445800000308e-01 9.915130318959999300e+00 6.884129457880000302e+00 1.957771609039999916e+00
9.368377260400000406e-01 1.952064055009999910e+00 9.223230379600000362e-01 4.874449651699999997e+00 9.611957649700000328e-01
2.908290521820000141e+00 3.921229327359999850e+00 1.087111077337999987e+01 -1.823505655500000100e-01 1.923920918479999909e+00
-1.152500918399999991e-01 9.065590172199999852e-01 8.838044908020000534e+00 1.775185042500000066e+01 7.909290938239999846e+00
1.880558649568000007e+01 1.284011045823999986e+01 8.736492136500000782e+00 2.598337179750000114e+00 6.845511719680000162e+00
1.938814403060000080e+00 9.519794092000000152e-01 1.915826977280000065e+00 8.875282291199999563e+00 -4.690967174999999961e-02
9.455992481799999627e-01 2.957459175839999954e+00 2.925985836899999804e+00 1.888393569230000013e+00 3.957672520120000037e+00
8.904776646240000204e+00 2.932033080630000121e+00 1.789106513715000091e+01 1.778869592127000132e+01 6.941166978400000076e+00
5.835385047840000006e+00 1.587512875570000048e+01 9.795407737599999720e+00 6.432756922000000266e-01 8.989714215999999869e-01
2.478749638336000061e+01 3.841737052450000078e+00 2.175385455858999961e+01 2.655334310454000146e+01 1.486615859537999995e+01
8.931169718639999644e+00 1.948710241099999907e+00 9.200746310499999803e-01 8.539068812500000272e-01 2.958200759999999985e+00
-5.997059046000000060e-02 -4.524828641999999873e-02 2.928100445580000155e+00 6.870599977660000413e+00 9.617619217599999715e-01
7.891389621530000120e+00 5.915822392679999986e+00 2.845602441300000063e+00 3.800871936850000132e+00 2.940863782440000129e+00
2.083785704957999840e+01 -1.239964362000000042e-01 1.076340278270000006e+01 2.673618808032000160e+01 6.915048119349999745e+00
1.576291514164000063e+01 1.881593677530999997e+01 3.165023931809000146e+01 5.961678782499999496e-01 8.869316013449999758e+00
4.896604382899999663e+00 1.919813285360000066e+00 1.185182729615999975e+01 8.824690718279999402e+00 3.946349215840000202e+00
4.925728627069999810e+00 -6.072966900000000001e-02 -1.103599954800000005e-01 6.865414741600000426e+00 9.578284799499999780e-01
5.862041676419999625e+00 8.914024933020000319e+00 1.285215379825000070e+01 4.778373716239999958e+00 2.948832415020000042e+00
8.829825265349999341e+00 -1.024302153599999932e-01 2.819142783659999818e+00 2.973295133975999960e+01 2.935473780000000144e+00
1.568694338511999931e+01 2.580699132160999909e+01 2.465041313356000074e+01 6.515002053429999940e+00 6.885851877520000386e+00
1.186970120085000069e+01 2.922860257500000003e+00 5.864491078350000386e+00 9.800216354439999833e+00 3.953429738500000123e+00
9.035526439000000076e-01 4.943261246359999639e+00 2.901149140619999844e+00 1.385885986519999946e+01 -3.283742591999999627e-02
2.886146830920000017e+00 9.258428540799999995e-01 4.871987272760000209e+00 1.876276683712000093e+01 2.950131656639999989e+00
1.080489993806000015e+01 8.877334531500000736e+00 2.279487524602999926e+01 1.859841441729999900e+01 6.915879936699999675e+00
2.375964234798000163e+01 1.845732086659999993e+00 5.720773596449999943e+00 4.249258441972000355e+01 7.895014421750000011e+00
9.920292160600000742e+00 1.947916813700000027e+00 9.914062555899999296e+00 2.834183591850000017e+00 1.966656025999999891e+00
-8.161240536000000101e-02 4.945068047750000417e+00 4.904195069480000058e+00 9.819049507300000812e+00 9.632486678499999622e-01
8.877217875299999506e+00 7.899890269400000165e+00 5.814591638279999586e+00 2.814115665270000122e+00 2.935637020919999784e+00
1.880635357054000067e+01 1.843584804200000038e+00 1.970800378850000101e+01 3.369607908351999725e+01 1.089781045183999986e+01
3.571615131363000017e+01 1.076409687818000016e+01 1.358189038975999985e+01 1.453977211425000071e+01 7.856866929859999793e+00
2.905110820650000036e+00 2.925404829570000143e+00 1.585340588248000060e+01 5.834252586839999921e+00 1.949973123439999956e+00
6.908756055549999608e+00 9.256391585200000049e-01 2.863343085599999949e+00 1.685576476205000063e+01 9.522296214400000069e-01
1.686347424484999991e+01 1.899894748699999969e+00 3.842538238840000009e+00 1.178079684419999928e+01 1.945094073859999995e+00
3.780279201549999968e+00 8.380813483000000286e-01 1.174915202258999969e+01 4.364667457856000254e+01 3.911135434599999794e+00
3.069611293827999887e+01 4.760734346239999581e+00 1.363093841695999942e+01 4.348009681658000147e+01 7.871152311800000412e+00
5.894437747919999637e+00 3.925215529329999953e+00 1.088802660602000039e+01 1.083030283000999994e+01 4.960963751000000421e+00
1.904856848389999913e+00 2.932178312820000077e+00 1.891688533399999983e+00 1.585280257504000012e+01 9.620434486000000174e-01
5.886518086319999732e+00 5.927049774330000353e+00 2.874373973400000004e+00 6.791572970799999887e+00 -6.937406189999999195e-02
1.483566971099999954e+01 4.891946823769999675e+00 5.802833323499999807e+00 3.070264550079999921e+01 5.897106589379999875e+00
1.070928498331999990e+01 1.181140318019999924e+01 2.664362490911999970e+01 5.487582692400000184e+00 8.258121324999999624e-01
1.941501521359999982e+00 4.960097660119999752e+00 7.927634610530000181e+00 8.900785506699999683e-01 3.962868598840000089e+00
1.930556854820000057e+00 -4.174220222999999730e-02 3.922642761160000102e+00 8.882471486700000085e+00 2.956663931610000073e+00
-1.296389609999999970e-01 7.921582915040000117e+00 9.884130868899999811e+00 1.276947423975999918e+01 1.947763257140000093e+00
1.079947736471000042e+01 9.892829248299999989e+00 5.825569019099999579e+00 3.656737823349999861e+00 1.920870419599999934e+00
1.072616868487999930e+01 1.683803099384000035e+01 3.874714847138999829e+01 2.551411000771999937e+01 7.885806285050000142e+00
4.920554724529999646e+00 1.956466468999999986e+00 4.930344271130000067e+00 8.647272792100000327e-01 9.680849656300000161e-01
1.911124971020000007e+00 -4.911010560000000219e-02 -7.690649328000000173e-02 1.384691701054999946e+01 -3.580469324999999842e-02
3.884035889919999818e+00 1.922626825220000057e+00 8.687392051600000276e-01 1.080446960935999989e+01 -6.836908679999999239e-02
5.848022735879999878e+00 7.899580352060000088e+00 1.184205308934000023e+01 8.757790969860000274e+00 3.915463330210000148e+00
4.744452786530000132e+00 3.828672240880000022e+00 6.723436159600000295e+00 4.656988494560000191e+01 5.846683880399999644e+00
1.915750087219999953e+00 2.943967142730000042e+00 5.914148808750000264e+00 6.853445800900000329e+00 9.506387717199999976e-01
5.937553738500000122e+00 1.957811656250000087e+00 5.935117298999999846e+00 1.885762127900000085e+00 9.645624181899999927e-01
9.867232102150000017e+00 9.211708194400000105e-01 8.480258884000000386e-01 6.766725841719999579e+00 1.939342038679999991e+00
1.879173966879999824e+01 7.881194959100000119e+00 2.075771524620000008e+01 2.764386781921000136e+01 5.906587838640000143e+00
2.669082087941999859e+01 1.782754603469999921e+01 7.634095746739999910e+00 2.945100032219999875e+01 5.855859459959999569e+00
3.907950838600000143e+00 4.945585769780000085e+00 9.890284114900000034e+00 -1.718788061700000092e-01 9.560330323300000321e-01
3.909448042600000228e+00 -5.086847304000000070e-02 2.899161378750000129e+00 1.384109228840000050e+01 1.958254502690000010e+00
-1.146514119300000023e-01 1.916868103489999919e+00 1.081807827679999967e+01 2.379259593600000144e+01 3.935862580000000222e+00
1.381986820993999920e+01 1.186430960675999913e+01 2.171284890475000040e+01 5.641830747780000266e+00 4.903085524999999834e+00
8.735459120010000689e+00 3.810149004549999940e+00 2.060751733500000071e+01 6.647624164101999611e+01 4.861653296000000068e+00
8.911535515469999780e+00 2.937909587700000102e+00 4.875043009099999658e+00 1.283493592876000022e+01 8.955560641139999944e+00
6.916532950599999729e+00 6.939684927880000131e+00 4.874587244779999828e+00 8.385424407999999552e-01 -4.334564987999999647e-02
3.889846296129999992e+00 7.912570709239999722e+00 5.853725399130000007e+00 7.751609888209999966e+00 1.946770998230000105e+00
2.779879802175999970e+01 1.882427181219999923e+01 2.872678298482999892e+01 1.154504040203999971e+01 6.906190601679999652e+00
7.501606516000000058e-01 1.279883135811999928e+01 2.768477507020000061e+01 5.344389121545000165e+01 6.874864823680000292e+00
2.938640973960000125e+00 4.952673086719999951e+00 4.924686239689999745e+00 6.863231901759999865e+00 1.973101167650000098e+00
6.927826927209999930e+00 3.940807947520000187e+00 9.072825270400000086e-01 2.834564111220000182e+00 9.669221110000000285e-01
1.902656176400000065e+00 1.933955783300000064e+00 5.851136440680000383e+00 1.185168890847000078e+01 2.933395111829999902e+00
1.177581638262000041e+01 1.584696227172999983e+01 3.465504588320000323e+01 2.671724384220000026e+00 4.841085063200000427e+00
-2.384247352499999917e-01 1.183285334181000081e+01 4.870277133268000114e+01 2.661792448391999955e+01 5.829855676800000275e+00
1.944903625040000028e+00 3.962494174720000206e+00 3.920221314760000020e+00 4.911914427800000205e+00 4.963183342159999789e+00
3.925654337920000181e+00 9.470489878000000195e-01 -1.176818624999999979e-01 7.880086721959999707e+00 4.946572840640000024e+00
3.905849366500000031e+00 7.929431099000000316e+00 9.816250847950000136e+00 -1.504811195999999907e-01 1.929563598799999946e+00
1.976961356624000032e+01 3.834109663960000081e+00 3.573033752559999776e+00 2.964970197947999964e+01 7.828474187780000371e+00
2.579923180348999878e+01 1.084828260493999963e+01 2.461267248280000075e+01 1.674280459910000074e+00 7.852555026080000111e+00
1.946134676000000008e+00 1.960440251240000098e+00 6.919738315000000028e+00 2.912887213499999906e+00 2.959259574989999919e+00
-8.444051468999999588e-02 1.937999570599999943e+00 2.084493558044999872e+01 5.858645545679999955e+00 1.938025377200000010e+00
1.488532349507999974e+01 2.918718795539999800e+00 1.375714323310999987e+01 1.983861814826000014e+01 3.929457569799999828e+00
1.472018285615999922e+01 1.879601727880000084e+01 3.540791021436000108e+01 1.060086478474999971e+01 1.083271035007999927e+01
1.079960836114999978e+01 9.857868097149999898e+00 4.158373110422999730e+01 1.470695870381999981e+01 1.288502567265999943e+01
2.871031198169999854e+00 9.036349633900000455e-01 1.572072787357000045e+01 1.880306990262999989e+01 -7.689072095999999190e-02
9.035350749999999653e-01 9.935569526860000167e+00 7.815829741099999950e+00 3.870717813220000192e+00 -5.299420139999999613e-02
2.913086485650000057e+00 4.933015176469999652e+00 1.584199114539999975e+01 -1.193832634499999990e-01 4.961184953900000139e+00
2.762509425400000040e+01 1.271297302348000002e+01 5.386986509819999824e+00 4.138559452319999821e+01 8.142810211000000020e-01
6.831584330200000110e+00 1.388252695711999962e+01 1.874160857440000072e+01 1.732775083760000001e+00 4.922148626330000276e+00
5.929650144060000017e+00 7.949381609599999621e+00 3.887788328320000097e+00 1.880572960100000079e+00 3.968418133210000143e+00
1.890985532780000034e+00 3.922016552590000149e+00 1.883007722151999985e+01 9.856293284619999540e+00 1.949108055589999999e+00
3.935626202559999953e+00 9.506950497099999620e-01 7.865781516080000202e+00 1.091116178228000066e+01 1.964011362229999946e+00
3.757950113599999753e+01 3.768098813876000008e+01 1.271516927639599999e+02 2.041980322403999892e+01 2.576116667240000169e+01
1.489188120000000026e+01 4.911353237120000159e+00 1.277936607478000042e+01 1.984011846103999943e+01 2.937914722289999947e+00
5.925573969720000278e+00 -6.176045231999999913e-02 4.846863902900000021e+00 7.881958424599999624e+00 1.961103855079999958e+00
8.883621847080000578e+00 -9.249396156000000424e-02 1.975667726360000032e+01 1.182872522135999915e+01 7.933036029110000165e+00
4.913158285669999792e+00 2.903034652950000183e+00 2.476167912861999909e+01 2.870080769279999888e+00 4.939865442050000333e+00
1.065168239627000091e+01 4.060504374808999728e+01 4.503393500850999942e+01 4.045875722240000272e+01 1.475991662694000084e+01
5.861535715589999640e+00 9.857350057599999715e+00 6.671379118479999981e+00 2.379388996851000115e+01 9.139919967999999839e-01
7.862891870240000358e+00 6.860721694749999600e+00 1.965554979715999906e+01 1.579927576300000069e+01 4.911372699800000241e+00
7.920870668270000081e+00 2.916398267850000003e+00 1.181872880399999914e+01 9.883593903699999572e+00 2.950111528949999951e+00
3.927520108119999964e+00 6.927788127400000384e+00 2.084465710163999930e+01 5.901274776480000206e+00 4.962617340080000439e+00
1.759462754499000070e+01 5.260386918166999948e+01 4.912684567699999860e+01 2.343782946299999992e+01 8.791045284149999972e+00
9.903003727959999836e+00 8.988338925100000099e-01 7.902520398100000287e-01 2.086449927554999917e+01 1.949636864899999988e+00
3.919312600060000040e+00 2.915750539199999825e+00 1.817147671040000079e+00 7.874462267450000219e+00 -4.439632355999999919e-02
1.921473258050000021e+00 1.920148392079999988e+00 1.182059024880000031e+01 4.873437726799999758e+00 9.581835256299999770e-01
2.933182719299999963e+00 1.929148178960000015e+00 2.185277235555999908e+01 9.042834898899999585e-01 2.963676135630000097e+00
6.954491083687000241e+01 1.964785228535000172e+01 2.816600900690000131e+01 5.043389597339999852e+01 9.803647167759999448e+00
2.922995871749999974e+00 4.914314686220000006e+00 4.827857585000000284e+00 1.088735656268000085e+01 9.582574275999999891e-01
5.933469983370000200e+00 5.927748142559999600e+00 1.860356847260000057e+00 6.900761855319999860e+00 -3.583418372999999657e-02
9.076205367999999885e-01 8.907019302960000218e+00 1.280770879936000028e+01 1.864574463799999915e+00 2.953378402319999818e+00
8.917553984759999608e+00 1.913583581839999992e+00 8.835566098230000165e+00 1.188610673834999965e+01 1.958773555550000101e+00
1.760750477351999876e+01 6.559020779214000640e+01 9.217692290639999442e+01 1.444345320470999994e+01 2.779199038000000144e+01
9.886993106769999429e+00 1.872867174950000102e+00 -2.233891402200000043e-01 1.484591765360999993e+01 -5.465985623999999876e-02
7.913058973190000067e+00 2.912961769139999824e+00 -1.682088606000000097e-01 4.888115007799999745e+00 -4.165371134999999725e-02
2.187519285019000037e+01 5.860844574179999711e+00 1.373611267661000035e+01 2.882042780896999901e+01 9.356552588800000070e-01
2.933116906800000034e+00 3.927958397499999865e+00 8.858682548099999110e+00 -1.003708972799999960e-01 9.663593999499999754e-01
3.960040816426000276e+01 3.862461113841000326e+01 3.911947251106000323e+01 4.439085056622000280e+01 1.379443504099999984e+01
9.920983255839999515e+00 -8.187071678999999214e-02 1.383510565535000048e+01 5.877650904540000276e+00 -4.020684560999999990e-02
1.940170134079999942e+00 9.404197776999999592e-01 8.703227340999999395e-01 4.909082502560000449e+00 -3.017527344000000070e-02
3.895113119439999938e+00 1.888776113600000084e+00 2.177287249756000165e+01 6.836646054220000046e+00 6.946878904000000077e+00
9.910964646909999232e+00 3.915427521729999860e+00 2.083748147849999910e+01 1.187572634940000071e+01 2.960626142999999821e+00
4.561763674600000229e+01 6.361776779859999920e+01 9.218626544640000020e+01 4.836627930694000099e+01 1.580369638336000015e+01
5.915895765720000199e+00 1.918738603280000010e+00 -1.536715800000000021e-01 1.286284595539000009e+01 -3.545106831000000014e-02
2.942588888850000028e+00 2.944106585850000180e+00 -1.066223938499999968e-01 4.914725666449999864e+00 -2.491463204999999972e-02
1.689397177760000091e+01 -1.026583631999999913e-01 1.280422623351999967e+01 2.384215409067000024e+01 -4.320822851999999575e-02
1.089196527962000083e+01 5.905808403179999999e+00 1.280571566799999950e+01 1.184482603200000028e+01 2.953269787800000046e+00
2.246022493915999974e+01 6.457633232528000633e+01 8.812870854578000035e+01 4.296181888310000474e+00 2.178540195664000123e+01
9.886018138120000742e+00 2.900567212319999921e+00 2.796041603910000006e+00 1.784460155669999892e+01 9.508310883999999685e-01
1.952194789820000054e+00 1.958351588480000016e+00 9.139793923900000339e-01 1.919784995299999908e+00 -2.172831803999999978e-02
2.185832546365000084e+01 4.876352576600000432e+00 1.075537918999999931e+01 1.279627657600000035e+01 4.938661931899999580e+00
1.937515754359999898e+00 -7.099287443999999225e-02 1.386615273908000034e+01 1.908194946680000115e+00 1.964079370639999933e+00
3.663569157391000175e+01 4.464379602486000209e+01 1.021654349048200032e+02 2.943765004799999829e+01 1.977933420776000162e+01
3.926395329160000003e+00 9.194467392999999822e-01 7.832420436499999639e+00 1.289036286147999988e+01 1.956464504750000000e+00
1.949209167890000094e+00 -6.062082767999999594e-02 8.897814370000000084e-01 8.920480262850000841e+00 1.970255758339999996e+00
7.896577680440000080e+00 -1.190363769000000044e-01 2.277543040304000144e+01 1.584916765468000044e+01 3.940884324040000219e+00
9.339019401699999445e-01 9.896879624949999510e+00 1.484439614879999958e+01 -9.401314004999999918e-02 9.627289062399999597e-01
3.764723846006000230e+01 1.745822581379999860e+01 4.721468158289999906e+01 7.552702086015999328e+01 1.179657078824999950e+01
5.906130026639999642e+00 2.860323996900000054e+00 3.784410776650000141e+00 1.087293117547999977e+01 -5.099838894000000011e-02
5.922754835190000122e+00 2.873802074519999916e+00 1.815860456300000036e+00 9.887377185280000091e+00 9.544097526399999420e-01
5.917054146719999963e+00 1.586949335727999966e+01 8.808287774400000103e+00 3.884115276400000205e+00 3.951585713560000102e+00
6.928839515499999990e+00 8.914985929980000279e+00 8.594590367800000186e-01 1.884603730700000090e+00 9.649699632099999480e-01
7.491370518080000096e+00 5.539374386840000142e+01 6.497607291689999442e+01 5.329138998095999824e+01 2.374625448087000024e+01
1.290885711520000001e+01 8.886070957599999653e-01 5.817519684599999685e+00 1.589105137443999993e+01 9.570111615999999932e-01
1.949068635319999965e+00 9.373191803200000560e-01 8.893637252459999587e+00 7.918877080069999685e+00 -2.551171139999999782e-02
8.915978583359999377e+00 -1.038147029999999943e-01 3.836279243289999918e+00 1.086976455743000081e+01 9.583724799999999711e-01
1.940724849620000025e+00 4.907804507239999836e+00 1.188106281570000000e+01 4.913242396880000307e+00 9.677465290000000220e-01
2.763724895848000074e+01 5.545219430350999801e+01 2.522557105037000014e+01 2.943711917399999933e+01 1.479665810544000060e+01
4.924558973299999920e+00 2.885859931350000185e+00 5.845203410999999960e+00 1.388641107884000014e+01 -4.079358368999999596e-02
1.950913319599999918e+00 1.927137988189999929e+00 1.900221433040000019e+00 9.257888740599999888e-01 -2.656842929999999811e-02
7.905043521799999695e+00 2.863368001200000013e+00 2.080132619213999945e+01 1.486214344158000067e+01 9.468569100699999463e-01
9.899230595680000633e+00 -8.916319781999999805e-02 5.816663295899999753e+00 6.849987533440000220e+00 -4.242642624000000223e-02
8.938355908392000515e+01 1.341725546624000032e+01 9.286034310175000428e+01 1.270486437248000016e+02 1.174255409711999931e+01
2.901742843080000078e+00 7.904365397090000300e+00 4.820593063549999613e+00 1.846400493800000042e+00 1.959130210699999930e+00
1.949559770720000085e+00 2.951042436839999894e+00 -9.312241707000000479e-02 2.919769185719999882e+00 3.978595957360000046e+00
1.882577131759999967e+00 4.892224095679999607e+00 1.578450577993000081e+01 1.082822244463999972e+01 2.950711078799999942e+00
3.936014357799999974e+00 2.933459549760000229e+00 8.566544943999999662e-01 5.905826467799999868e+00 -3.561844589999999672e-02
2.616506765220000030e+00 5.050903582022999672e+01 6.492649216079999519e+01 4.230976945119999755e+01 2.174130890356000023e+01
1.290625870729000013e+01 1.907037936200000061e+00 1.479133756535999922e+01 1.386873643496000064e+01 5.950700733479999727e+00
1.951565879089999900e+00 9.508725377200000217e-01 4.888056211520000360e+00 -6.548248980000000163e-02 9.734844620800000570e-01
8.920833917759999565e+00 9.211433021199999516e-01 2.825223108599999922e+00 8.888688910620000883e+00 9.538616677600000315e-01
6.919398161170000172e+00 1.188504947612999985e+01 1.583796900373000049e+01 6.883211609620000004e+00 1.953254665910000076e+00
2.362225698114000139e+01 6.843444312434999688e+01 4.121110847687999978e+01 4.244492304610000133e+01 1.277960842353999915e+01
-1.220588214299999918e-01 2.682271752425999978e+01 1.874718138249999910e+01 1.820907704000000127e+00 9.926693182359999312e+00
8.807649025599999515e-01 1.984215128239999970e+01 2.276503885553000117e+01 -1.614552750000000092e-01 8.933472200340000668e+00
4.907188790600000239e+00 8.686839834099999713e-01 1.981145380115000165e+01 9.868024172800000215e+00 1.948139771059999914e+00
3.914486359240000102e+00 1.189670066921999947e+01 1.081806385880000043e+01 -1.124366540400000003e-01 3.955582212249999952e+00
2.467133592280000087e+01 7.550184033259999872e+00 6.824608387835999679e+01 3.655372848310000222e+01 6.826654487139999894e+00
6.888586871680000279e+00 4.869925006279999913e+00 -2.398707148499999997e-01 1.184947579488000002e+01 9.400097557000000048e-01
6.911792603800000379e+00 6.890953836669999610e+00 -1.933627107600000006e-01 6.878446147150000023e+00 9.554010192999999873e-01
5.883758298060000058e+00 2.185208831542000141e+01 1.174730325023999988e+01 4.843128901370000072e+00 3.939391430860000209e+00
-6.128727299999999628e-02 8.924534827200000464e+00 5.896363428149999919e+00 7.903347349399999722e+00 9.695989941399999479e-01
3.054162123895000036e+01 5.664207501138000111e+01 1.353982440545200063e+02 1.642873258951999915e+01 2.082170605944000030e+01
1.922173579999999937e+00 1.905204805759999953e+00 9.861094962190000146e+00 9.879939510130000713e+00 -3.795101099999999977e-02
5.941955108400000185e+00 2.931936168990000091e+00 4.907942780720000009e+00 6.922105335880000432e+00 -2.438917370999999987e-02
3.893952311680000111e+00 6.867265368850000051e+00 1.381453196072000011e+01 1.184476632366000004e+01 1.948351806380000051e+00
2.917160684400000203e+00 9.876023829190000214e+00 1.780046156007000135e+01 7.885767546800000360e+00 2.943801155100000067e+00
1.362370051777999969e+01 6.535304648273999817e+01 2.999049865726000164e+01 1.944059442392000037e+01 3.371224339735000086e+01
5.847111341699999798e+00 1.776755659554000033e+01 4.625747574080000035e+00 1.179827052951000077e+01 4.898435720000000160e+00
1.089197510330000007e+01 5.829308586599999842e+00 1.173819005930999992e+01 8.852155096680000668e+00 4.926325376750000373e+00
6.913077610480000246e+00 8.684863750000000326e-01 1.078956691588999917e+01 8.883087360479999361e+00 -5.844917717999999901e-02
1.091482112251999936e+01 1.879943938400000070e+00 9.840734270020000451e+00 9.873533284120000530e+00 -4.222837799999999697e-02
3.648120367509999795e+01 9.834666066468000167e+01 8.211848361283999509e+01 1.034347753640000001e+01 1.476579211097999966e+01
1.488155174385000024e+01 9.827773320700000426e+00 7.847476013799999928e-01 1.083384367130000037e+01 9.400265259400000240e-01
3.929969524630000155e+00 2.901716219999999957e+00 8.685516933999999356e-01 4.905355747639999819e+00 -3.528712835999999603e-02
2.786339656827999889e+01 2.799564331980000098e+00 1.074775217816000072e+01 2.479780981041999866e+01 -6.775912116000000485e-02
2.921183461920000113e+00 2.893680193799999856e+00 1.780581668066999868e+01 3.894504873429999847e+00 1.955153103410000037e+00
4.259419947213999791e+01 1.940860380196999913e+01 1.598637248648000053e+01 8.543459848640000587e+01 -2.488356871199999820e-01
1.087057912987999941e+01 1.282244220850000005e+01 1.268643099450999934e+01 6.815882127040000071e+00 3.921254664160000125e+00
1.891269044930000032e+00 1.385715578882000010e+01 1.973624341628000067e+01 3.850296729880000157e+00 4.935039458000000323e+00
1.897262301350000069e+00 1.485788106605999914e+01 1.376246207624000029e+01 2.871855971760000070e+00 4.943293405790000428e+00
4.908691439420000080e+00 6.882071215479999893e+00 9.810508677759999685e+00 1.386484103075000007e+01 3.950019144400000126e+00
3.065409816700000079e+01 5.746785045573999895e+01 2.108960726025999932e+01 4.246904690350000067e+01 1.676543502571999866e+01
9.874080239859999608e+00 2.842214050109999945e+00 1.573434320650000018e+01 2.082912956039999841e+01 9.327268448200000117e-01
1.490090765451000010e+01 8.699576063499999679e-01 1.178970315465000063e+01 1.285911838804000062e+01 9.434492846199999949e-01
1.900412787440000084e+00 5.879100963299999982e+00 1.879265006344000000e+01 3.856873550800000050e+00 6.946794166660000158e+00
9.362118244599999528e-01 3.894992766400000139e+00 1.187472037799999924e+01 4.913655598940000147e+00 3.963451796409999783e+00
3.961047654850000299e+01 4.133411947518000318e+01 3.626363430549999833e+01 3.640572901720000232e+01 8.750492299619999415e+00
2.896865557679999981e+00 -1.531548000000000076e-01 6.801302126230000411e+00 2.285013070499000065e+01 2.939602160459999780e+00
1.948269153980000112e+00 9.185698656999999878e-01 9.004193970399999580e-01 2.925321813480000088e+00 9.707647607199999529e-01
9.014172619600000491e-01 6.852502581819999605e+00 1.681490257460000137e+01 6.877486568500000175e+00 9.456751889200000205e-01
1.191335559600000060e+01 9.059050782999999996e-01 1.281912297348999985e+01 1.088788527478999946e+01 1.955299118059999897e+00
1.357057856966000031e+01 6.354314444799999961e+01 6.706044341599999825e+01 8.416343014200000638e+00 1.877226516280000013e+01
1.288030113219999961e+01 7.875006305570000364e+00 2.744387549129999826e+00 1.384035965878999974e+01 9.378421600599999852e-01
2.928159885809999974e+00 1.920721493000000057e+00 8.419680522999999361e-01 6.896890454650000279e+00 -3.903248250000000003e-02
1.687080264289999931e+01 8.699410005400000090e-01 1.473379193264999998e+01 3.282927459009000160e+01 1.933315212619999945e+00
3.933656895729999992e+00 9.162747825399999435e-01 6.839587753090000000e+00 7.909022105720000084e+00 1.959774610249999993e+00
1.064858402395999981e+01 5.661294644990999814e+01 6.416603398972999628e+01 2.155446627807999960e+01 1.978833731888000003e+01
1.190283291435000024e+01 1.880022074240000007e+00 -2.414257609499999846e-01 9.861565481470000449e+00 1.938739699999999955e+00
3.922022372439999849e+00 1.895741862499999986e+00 2.825520378060000226e+00 8.881718724540000665e+00 9.478574974000000264e-01
1.489667878302000048e+01 8.785400642199999721e-01 1.075389370183999915e+01 1.484694248099999925e+01 9.381964556799999855e-01
3.931810567149999880e+00 1.928985194000000014e+00 1.185637184814000022e+01 5.913948839999999763e+00 2.963028232830000164e+00
2.853822886904000100e+01 6.061266559887999961e+01 1.901059595677999994e+02 2.835517661749999974e+01 4.273747654894000192e+01
1.390083507770000004e+01 2.903742054299999875e+00 1.579950110499999916e+01 8.869380406830000396e+00 9.489483195400000293e-01
3.944543766339999813e+00 -5.511018545999999546e-02 6.884607675399999849e+00 9.921839455809999819e+00 -2.961742644000000049e-02
7.905805909999999770e+00 2.906452635059999956e+00 7.799889472460000306e+00 1.387143080599999934e+01 9.480921544000000534e-01
3.916681618000000142e+00 7.868368904749999615e+00 9.829743967269999771e+00 8.914293333999999680e-01 7.952771003569999664e+00
4.265518508008000254e+01 5.383177143000000164e+00 5.117244527905000240e+01 7.347806177744000422e+01 -2.308924156499999880e-01
7.861810233499999967e+00 1.079181512515999941e+01 5.722524571830000184e+00 7.809346319660000368e+00 6.922315566520000019e+00
3.923596644699999914e+00 8.887511655000000843e+00 8.402221102600000435e-01 1.895745426499999997e+00 1.955108481319999925e+00
-1.150730509499999915e-01 1.782213311493000063e+01 1.475870505323999993e+01 8.527132571500000147e-01 8.932949178479999475e+00
-7.989374250000000344e-02 2.931653581860000024e+00 1.483645082235000068e+01 4.889728052329999741e+00 4.967803714999999620e+00
4.556048911570000115e+01 2.861924643065000140e+01 7.215739530380000488e+00 5.437978958125000162e+01 2.817370847099999853e+00
6.855456561100000457e+00 2.087635498554000080e+01 2.077505571540000062e+01 7.954582540600000362e-01 6.940186031139999656e+00
1.929747250099999922e+00 7.934242946120000362e+00 1.087633961659999926e+01 9.056440112500000472e-01 4.969534143919999813e+00
1.885933526330000110e+00 1.090305604099999925e+01 2.081840483423999899e+01 5.842562205120000129e+00 6.954837588160000195e+00
1.191292997825999933e+01 8.972493445900000530e-01 9.840997421200000872e+00 8.896369517729999288e+00 -3.905807768999999818e-02
1.651814132426000015e+01 5.141240969631999747e+01 5.814847622479999956e+01 5.238582951392000098e+01 2.177853244707999991e+01
1.683003884209999867e+01 7.984137269800000158e-01 1.668818314114999879e+01 3.077580988399000006e+01 -7.704016191000000180e-02
4.913883346639999594e+00 9.017254102599999710e-01 7.851313043360000243e+00 1.090122936464000070e+01 -3.647433401999999880e-02
6.885331632339999786e+00 1.086158962999999922e+01 8.790264934199999658e+00 2.851135465440000072e+00 2.948588969519999825e+00
1.390382835169999964e+01 2.922620712960000144e+00 3.838575018999999866e+00 9.859877471440000818e+00 -4.017575376000000198e-02
1.264762387102000041e+01 6.963827805699999374e+01 8.028903307535999545e+01 4.471967301800000349e+00 1.881981916443999836e+01
7.864289063540000235e+00 7.884600190189999580e+00 6.765729211240000041e+00 1.084065788702000077e+01 -5.666254802999999562e-02
2.943652212299999960e+00 9.546176602000000511e-01 -8.596488095999998968e-02 3.922784332960000064e+00 -2.412880649999999891e-02
1.387861062332000017e+01 4.897641547400000128e+00 1.797491526589999999e+00 1.584626053390000067e+01 -5.256287802000000203e-02
7.910166515840000301e+00 9.320913593199999791e-01 7.834812021440000329e+00 5.893494460800000390e+00 2.959055911020000096e+00
1.454317593594000080e+01 5.362977625650000135e+01 5.213404939418000339e+01 2.336713250100000039e+01 1.078336886311999976e+01
2.823998095379999906e+00 1.286385801555999997e+01 3.968693620284999923e+01 7.767420240949999943e+00 3.920832869619999883e+00
-5.592023891999999691e-02 1.959176906389999973e+00 5.898790116059999811e+00 9.315673897599999753e-01 4.975615163839999688e+00
1.389495515972000028e+01 -8.270150867999999378e-02 8.798201622000000555e+00 2.183552586472000101e+01 -4.961783222999999882e-02
2.891992472130000102e+00 3.895319439400000139e+00 9.811768409200000818e+00 1.187542954919999971e+01 3.958735941580000084e+00
3.961579878687999923e+01 4.758245944229999935e+01 4.520805911766999685e+01 1.647252497950999839e+01 9.832413336040000118e+00
1.279524202780000053e+01 1.079640651539000018e+01 3.634085990290000012e+00 1.477709816063999959e+01 5.919273339360000108e+00
4.891585197650000438e+00 2.897445809280000173e+00 1.080705571418000055e+01 1.386943371373999945e+01 -4.257595872000000115e-02
1.088156482129999958e+01 8.820482398300000249e-01 1.678623805160000160e+01 1.584318262785999920e+01 -4.540924394999999725e-02
4.915116171500000242e+00 1.897801120640000061e+00 2.802387005399999964e+00 1.488114123585000037e+01 9.501519908800000191e-01
2.465144975697999996e+01 5.858270027311999684e+01 8.214124545200000682e+01 1.050968781433999943e+01 2.878693863679999865e+01
4.841115968749999610e+00 1.480972108559999967e+01 1.865688688630000058e+01 8.785332587430000117e+00 3.908189122780000080e+00
3.914816509570000047e+00 9.001151245899999820e-01 7.977210214600000127e-01 9.880014113559999700e+00 9.504555432400000337e-01
2.389116933960000111e+01 7.878141011240000324e+00 1.075586087351000053e+01 1.785556214702999966e+01 -5.859632015999999971e-02
9.899069949999999452e+00 2.901876949920000115e+00 1.281262490077000038e+01 2.086608121364999846e+01 9.525106630899999871e-01
1.264462799124999925e+01 4.964417630284999916e+01 8.240310511129999327e+01 8.524789943580000084e+00 1.881812758150000064e+01
1.881071397387999866e+01 1.079697078487999917e+01 4.064236127024000211e+01 1.577898648448000074e+01 4.903322125999999948e+00
1.391031920732000060e+01 1.907654658050000007e+00 1.282617253065999918e+01 1.886967583894000100e+01 -4.758804107999999727e-02
4.896026060719999684e+00 1.892583312049999966e+00 2.580303201650000133e+01 5.860564621980000055e+00 8.948076194160000441e+00
1.291004391423999920e+01 8.920260563499999851e-01 7.843899918500000013e+00 1.085142445400000000e+01 -4.248585593999999743e-02
5.623708637220000028e+00 5.054000178003000343e+01 4.232573197864000036e+01 7.430754165649999798e+00 2.181326257974999905e+01
1.783072696464000018e+01 2.793591634979999849e+00 6.480300787299999588e-01 2.173975286845000099e+01 1.916537384540000000e+00
4.934743529360000380e+00 9.181526314600000349e-01 6.875933251750000252e+00 5.918378655479999750e+00 -3.387881699999999857e-02
1.088342730127999936e+01 1.286422198582000043e+01 1.779537594833999847e+01 9.831434263120000239e+00 2.944348991310000052e+00
2.903764314720000073e+00 2.917057451519999844e+00 1.883908322919999989e+01 1.187134515660000034e+01 3.956530723869999822e+00
1.251782718033999942e+01 4.264206620667999914e+01 8.627414976599999363e+01 4.430312950550000295e+00 2.480326789497999940e+01
8.798881329449999456e+00 9.837379866430000064e+00 4.170112623347999659e+01 2.373785804517000031e+01 9.915486472719999611e+00
3.941723759439999863e+00 -4.984270199999999568e-02 6.898287344199999893e+00 1.914580909729999947e+00 -2.690545085999999919e-02
1.873849948759999995e+00 2.894622596400000081e+00 1.479171140789999939e+01 1.084189997990000087e+01 2.944559530559999860e+00
