1.950299418980000032e+00 3.894528377199999891e+00 7.825582079540000180e+00 2.381975564424000069e+01 -3.964359672000000029e-02
7.666998089299999819e+00 5.831756852000000180e+01 8.489374318526000707e+01 4.987348866869999853e+01 9.745862493520000669e+00
4.820119267009999930e+00 2.757340694871999887e+01 4.139117722382999887e+01 6.434805478159999836e+01 2.863536463380000008e+00
9.566153437600000142e-01 3.912785670279999906e+00 1.385313711070999965e+01 5.849647249200000232e+00 9.674251534000000152e-01
4.969647715639999852e+00 9.375077143000000168e-01 4.915594066639999760e+00 2.888884318260000139e+00 -2.397276405000000124e-02
8.979144364000000156e-01 5.812270371060000329e+00 4.651455969218000064e+01 1.983424069684999935e+01 1.387687135082000012e+01
1.734469096700000046e+00 5.252121395233999834e+01 8.682327983049999887e+01 -3.887619251400000198e-01 2.568817532870000164e+01
-1.934307750600000042e-01 1.665111636098000147e+01 7.011013329934999661e+01 1.167265379766000066e+01 1.576815505108000082e+01
5.887772903490000154e+00 6.787004680959999980e+00 4.249767114115000055e+01 1.980926039404999983e+01 7.863133958179999716e+00
3.964697316400000116e+00 -6.697169505000000189e-02 -1.594080615600000084e-01 2.939722244579999977e+00 -4.269786291000000206e-02
5.835227710199999862e+00 9.329665116699999983e-01 8.070371044299999852e-01 1.283817128745999980e+01 -4.822840926000000056e-02
4.628875121075000010e+01 4.563130121353000135e+01 9.294969352216000402e+01 5.415642527319999999e+01 1.273909443808000042e+01
3.957528900073000244e+01 6.793747935819999917e+00 2.439015364060000124e+01 3.251784987330000121e+01 1.084755206108000003e+01
2.569926039091999925e+01 3.852508360359999884e+00 1.058131876871000010e+01 2.565074712491000142e+01 1.898109244640000082e+00
1.574764340407000063e+01 8.708365657000000093e-01 2.962718170095000048e+01 1.669758780896000161e+01 4.904198946950000249e+00
9.294337719999999914e-01 7.855092646730000183e+00 1.979027028667999843e+01 1.583315957283999964e+01 7.947735754400000019e+00
2.171121897496000130e+01 6.040336178167000014e+01 5.009755499565000036e+01 2.236008469100000084e+01 1.077624995456000079e+01
8.891904469680000034e+00 1.477072341366000074e+01 1.765525948830000047e+01 1.876261470210999960e+01 1.914997628809999908e+00
2.920940786730000127e+00 6.837918214300000130e+00 1.074487161404000091e+01 2.081356236803999948e+01 3.940506166630000084e+00
4.967142132920000286e+00 2.932586645159999783e+00 5.901288407160000027e+00 5.918497208699999845e+00 1.975361015000000053e+00
1.678734182239999839e+01 4.889590322360000130e+00 1.774317590900999875e+01 1.283668702563999986e+01 3.936702084249999789e+00
3.941791618647999940e+01 3.869224396031999902e+01 7.029399186781999731e+01 1.139166174720000058e+01 2.082896753609999863e+01
1.078018892543000007e+01 8.869954807799999230e+00 3.731985200920000079e+00 1.077441784634000044e+01 3.929549770479999982e+00
6.876122939980000126e+00 9.219618362799999467e-01 3.852307828659999878e+00 9.868503602889999726e+00 1.962377766379999944e+00
3.365747569690000063e+01 2.180044290820000086e+01 3.257764459818000091e+01 2.465600031592000008e+01 7.895318153119999849e+00
1.178462610785999942e+01 3.879023536210000067e+00 4.871691057379999634e+00 1.284172620250000030e+01 1.955017261550000107e+00
3.448421681029999775e+01 2.970435523503000042e+01 4.671018470863999994e+01 2.060339691900000147e+01 3.900255606940000064e+00
-1.160807476499999963e-01 4.930235843720000233e+00 1.193535607889999994e+01 5.897522240879999877e+00 9.788062139200000011e-01
1.179325695756000059e+01 3.883879214049999806e+00 2.884999209150000077e+00 7.820810232650000415e+00 1.955897923520000026e+00
2.073120114359999988e+01 1.383644389280000020e+01 2.854230460050000140e+00 1.578726965463999932e+01 2.945174182050000145e+00
1.782168832853999874e+01 2.916800910750000142e+00 -8.180273429999999901e-02 1.683312094880000132e+01 9.692106485500000534e-01
6.434798345299999767e+01 3.570484002570000115e+01 4.369489075357999752e+01 4.036286951798000189e+01 3.883624094830000040e+00
-7.938926882999999823e-02 2.954383071240000103e+00 1.954308612800000011e+00 4.920766094300000226e+00 1.982173724119999925e+00
6.895130583040000261e+00 9.447141708999999832e-01 1.947724369849999970e+00 8.894118663000000424e+00 9.799956956800000007e-01
1.474847338596000057e+01 7.880629433300000208e+00 8.774278694199999507e-01 1.675996449631999852e+01 9.549445033000000249e-01
9.670968603999999802e-01 -3.421714590000000250e-02 -1.260397843199999868e-01 1.933095981259999929e+00 -3.250855701000000125e-02
2.839748888720000153e+01 6.036891501777999736e+01 2.695431608006600186e+02 9.789437997107999934e+01 5.841235912639999839e+01
4.874595510019999800e+00 4.865719042400000305e+00 2.751741828100000120e+01 1.472187713639999984e+01 8.879659579800000202e+00
1.590094566700000023e+01 3.901709615260000152e+00 2.762166091671999979e+01 2.182578153880000116e+01 9.907586654499999312e+00
2.938604826899999800e+00 1.934922982430000049e+00 7.746777301039999841e+00 6.866352779919999705e+00 1.935957503900000098e+00
2.079008054255999838e+01 1.978114675448000170e+01 3.840891944620000054e+00 1.777047619032000014e+01 1.933910318809999973e+00
2.368875725295000123e+01 2.268626867456000085e+01 4.078251574600999874e+01 1.866594303999999838e+01 1.090836581780000003e+01
5.921694136950000242e+00 -7.458933599999999220e-02 3.947018832309999947e+00 6.918194697999999754e+00 -2.216855304000000040e-02
6.842814121600000021e+00 4.845097198130000393e+00 6.887392849870000333e+00 2.282802865213999866e+01 9.522460749700000227e-01
4.835628705559999574e+00 8.836190813159999990e+00 3.885596972950000172e+00 7.832010639679999997e+00 1.952853450229999899e+00
-5.059173168000000165e-02 5.887912267229999941e+00 1.085587505974999978e+01 3.930711303999999906e+00 7.960606968679999618e+00
3.170731362800000142e+01 5.632681342989000228e+01 4.012359991951999660e+01 2.060236204382999858e+01 1.076013722315000010e+01
2.934414338879999917e+00 7.848593066600000334e+00 6.807890780440000178e+00 1.090789279400000034e+01 -5.048386559999999690e-02
2.938039677749999967e+00 5.866146523950000358e+00 3.832814532280000019e+00 9.913344346720000644e+00 9.524310255100000289e-01
-5.017540463999999728e-02 6.891439617159999642e+00 8.859687737039999789e+00 7.929269507239999903e+00 3.962860848760000110e+00
1.953284134520000048e+00 1.287322581135999933e+01 1.484918373074999920e+01 2.890310577600000208e+00 6.934036920999999687e+00
2.365961895690000105e+01 8.707210327770999925e+01 6.789243879042000174e+01 6.717168589999999995e+01 4.959244387327999704e+01
7.914713101730000311e+00 9.772817144590000282e+00 2.175213925102000090e+01 1.678537752704000141e+01 7.884370374559999561e+00
9.933079245849999239e+00 8.806901391360000275e+00 5.778552935219999576e+00 9.836466009849999637e+00 3.906549805090000049e+00
9.769634493400000119e-01 1.932364939249999969e+00 6.932970465280000383e+00 3.942304471119999931e+00 -3.324387986999999961e-02
1.183742254128000049e+01 1.911708545240000001e+00 1.681161960248000042e+01 1.777072839191999876e+01 -3.806071091999999739e-02
5.333128663301999950e+01 4.269968577942999843e+01 5.935013813238000324e+01 4.119203153589000266e+01 1.287574860820000033e+01
3.846909925479999881e+00 2.928662042880000094e+00 3.847790989209999957e+00 1.681113137983999906e+01 -3.076812053999999907e-02
7.870449118399999833e+00 9.404272799199999699e-01 8.723475834399999629e-01 1.283891821599999972e+01 -2.664629865000000056e-02
2.274752097824000074e+01 4.882364198150000334e+00 1.275034143226000083e+01 2.468174152218999851e+01 -4.942138050000000060e-02
1.934729590069999894e+00 4.891526685679999709e+00 8.786469574710000785e+00 3.921057979960000051e+00 9.513429776199999743e-01
3.345486193807000319e+01 7.838257279660000165e+01 1.434065927252499932e+02 2.443987243851999835e+01 2.464665200223999975e+01
1.482401951663999995e+01 3.579240020759999652e+01 6.640180507750000061e+01 1.079074577935999990e+01 1.386854009744000038e+01
1.185519449451000007e+01 1.280736718348000025e+01 4.953573449024000297e+01 1.183035088974000004e+01 8.891167083750000089e+00
7.863828146000000352e+00 6.830896892920000241e+00 4.053918549200000143e+01 9.840449261799999903e+00 6.901343399679999990e+00
-5.069744477999999638e-02 1.082260255447999953e+01 1.585003935157000043e+01 2.951759043840000096e+00 9.423600954399999896e-01
3.472015289182999709e+01 7.704836273418000303e+01 3.915832097775999898e+01 8.751002227020000745e+00 2.467939775965000138e+01
4.875099736640000181e+00 2.857153507274000148e+01 3.062552251720000029e+01 8.939865114999999696e-01 8.851639224690000418e+00
3.884385728919999892e+00 2.759734646469999930e+01 1.763446927904999839e+01 -1.071164671200000029e-01 1.285716399088000017e+01
9.184934421999999543e-01 2.472257090949999991e+01 2.576931686809999889e+01 5.929550173860000051e+00 4.912122884539999568e+00
3.894931757200000177e+00 7.895940348139999898e+00 1.981195906159999964e+01 1.887379205400999993e+01 2.973371009430000100e+00
3.150690345230000133e+01 5.749394882259999662e+01 9.697160479327999383e+01 2.737742461452999976e+01 9.868166544879999336e+00
1.080338476340000042e+01 8.800538528700000640e+00 2.664174669731999856e+01 1.875937987072000013e+01 9.480736215999999716e-01
3.373975180573000188e+01 1.476726126792000038e+01 3.845151097779000082e+01 2.968816275264000026e+01 -6.868367945999999391e-02
1.581851034051999960e+01 6.813815713360000359e+00 2.961686711640000169e+01 1.477660481232000045e+01 9.521895458800000434e-01
2.893272248640000210e+00 1.781974893419999972e+01 1.184426460479999932e+01 -7.888837049999999906e-02 5.940037389659999612e+00
3.672867282093999819e+01 1.454148217896000084e+01 2.761823175904000038e+01 2.679871309812000035e+01 8.495065360000000343e-01
8.879466595680000296e+00 6.800388753220000027e+00 8.267142432699999821e-01 5.911198779840000306e+00 1.932594469759999933e+00
4.900782575120000040e+00 5.832152232540000369e+00 -1.210179487499999929e-01 3.925179975999999904e+00 2.944294680000000053e+00
8.857003891950000707e+00 1.876295942433999997e+01 1.878967963467999880e+01 8.890258074400000377e-01 4.922403270080000226e+00
8.892362586240000866e+00 3.901672181919999982e+00 1.682415266119999941e+01 1.086026526218000043e+01 9.764737897599999883e-01
5.141924496637000175e+01 6.550424069231999624e+01 8.207027292556999498e+01 6.330496748608000246e+01 3.881626655079999821e+00
2.080728537023999891e+01 1.083322703450000013e+01 5.692451658899999600e+00 1.173712677636000024e+01 -4.136670405000000134e-02
1.385884777999999962e+01 8.458331681799999835e-01 1.170690269718000032e+01 2.677653379151999857e+01 -3.864564594000000075e-02
1.084897887770000047e+01 1.876448788400000067e+00 1.674337398560000167e+01 2.278471770751999870e+01 9.661459179700000455e-01
9.875503479520000738e+00 1.579665489297999947e+01 1.182499503933000007e+01 1.180759736927999981e+01 5.919426351600000302e+00
2.469473553975999991e+01 4.654639775630000287e+01 8.587740352320000881e+00 4.453124488542000137e+01 1.180143702686999951e+01
8.926660066320000197e+00 1.885227211999999986e+00 2.901369330210000097e+00 9.886397802939999480e+00 -4.886377406999999756e-02
8.913129716160000271e+00 -1.410493921200000056e-01 6.872050950100000222e+00 2.086329185471999992e+01 -5.775351353999999549e-02
-7.426673162999999911e-02 5.891308549439999709e+00 7.896383789929999786e+00 3.889046744319999860e+00 3.955106323479999908e+00
9.192836069199999960e-01 1.782868291667999827e+01 2.579585252074999957e+01 4.853742319220000212e+00 7.910698714999999659e+00
1.868605286464000059e+01 5.335662046680000259e+01 4.316330939840000269e+01 4.542099875083000171e+01 2.765002158928000142e+01
6.920330272720000231e+00 1.083383644204999996e+01 9.791403211000000439e+00 1.386071463560000083e+01 4.911878428159999643e+00
9.932362092099999984e+00 -1.508197481999999923e-01 1.182591143850000037e+01 1.487130085445999939e+01 4.927167642289999705e+00
9.630917991999999872e-01 2.920558005839999804e+00 7.916366317399999630e+00 1.933860326420000053e+00 2.960322715379999803e+00
-4.807221048000000219e-02 1.285085508394000087e+01 7.850876786269999741e+00 5.946975815640000107e+00 2.958457089359999959e+00
2.969981931035999878e+01 9.405173231311999871e+01 5.206256628343999893e+01 6.674731522180000098e+00 2.774834550639999975e+01
5.874502968329999852e+00 4.161291481050000129e+01 3.561222761135999804e+01 8.866227280949999567e+00 1.189695528785999912e+01
5.907757131150000340e+00 2.471152787979999843e+01 2.971678136970000139e+01 -1.020646655999999930e-01 5.922920035499999791e+00
3.904326530860000144e+00 3.571749501696000095e+01 2.370895545911999847e+01 5.896972597559999585e+00 2.924044031999999849e+00
9.074340764199999576e-01 3.927008865279999927e+00 5.952287520239999630e+00 7.908559488799999926e+00 9.735213778300000342e-01
5.060227970327999714e+01 2.666602624805999966e+01 2.177560103520999846e+01 2.359992112421999977e+01 9.880149710799999596e+00
4.918564151150000008e+00 9.335100807999999750e-01 9.559569992499999946e-01 3.918459619840000130e+00 -2.423395260000000065e-02
3.934392747520000011e+00 -5.230685078999999793e-02 1.964879564779999921e+00 7.934603565409999781e+00 -2.055059747999999839e-02
4.882451649800000126e+00 9.906662080000000259e+00 1.937136742399999889e+00 1.088019930871999996e+01 9.654419380600000045e-01
2.943855796079999809e+00 -5.955444728999999965e-02 7.905000273469999783e+00 6.934371648639999997e+00 -1.195911216000000027e-02
3.375630768652000313e+01 4.673651278015999821e+01 5.757597200407000315e+01 2.369000964821999844e+01 3.948394920250000162e+00
1.290029085813999998e+01 4.897149768860000307e+00 6.829265721399999656e+00 7.883043536239999760e+00 9.794442185199999651e-01
8.929808133750000820e+00 9.227587977100000227e-01 2.896137965459999908e+00 5.928982278000000328e+00 -1.289004191999999945e-02
7.913294829799999874e+00 3.912203310249999788e+00 8.866544655149999343e+00 1.091399736223999994e+01 -1.367077824000000053e-02
1.083947594636000034e+01 1.579582454740000053e+01 1.677370387264999962e+01 2.871423729840000050e+00 1.940746598120000055e+00
2.059907867400000114e+01 4.450557867623999897e+01 2.747592640035999878e+01 1.170372573138000050e+01 9.861240123099999977e+00
2.676217418685000027e+01 1.870143374079999887e+01 1.864403548597000082e+01 2.806368550679999796e+00 8.902454437799999454e+00
8.867151534690000503e+00 5.835878344320000188e+00 1.382279322199999960e+01 4.904886762500000330e+00 3.953540514100000181e+00
1.880651037115000079e+01 2.669122964673000098e+01 3.465491030215999757e+01 8.807575517909999263e+00 7.905599716400000254e+00
6.912479281299999556e+00 9.821317259440000669e+00 2.070981300612000098e+01 1.973152482364999827e+01 9.556862316399999946e-01
1.263995619880000021e+01 7.825019261551000227e+01 1.419326974168999982e+02 7.591211150504000216e+01 1.882284573672999883e+01
1.173286070562000027e+01 5.241811408729999755e+01 8.408667288540999607e+01 8.117864153200000032e+01 3.863851662730000136e+00
8.931261831840000553e+00 5.846435493899999614e+00 2.178577933672000100e+01 1.577453690499999972e+01 -3.470083335000000158e-02
9.258957414099999728e-01 8.838929038410000771e+00 1.574698428115000048e+01 1.877095304703999901e+01 -3.620525282999999955e-02
9.889265626840000323e+00 -4.597951068000000197e-02 -1.104027407999999960e-01 1.857802515499999974e+00 -3.127338395999999798e-02
7.322816590886000654e+01 2.273900145413000118e+01 5.339078263151999693e+01 3.619525539258999913e+01 1.382413104877999999e+01
1.083400804136000062e+01 2.944831819350000046e+00 2.868894440850000116e+00 2.839757262600000054e+00 1.962287462719999986e+00
9.217375804899999858e-01 -2.776830254999999859e-02 1.940543201449999922e+00 4.903217833640000300e+00 -1.837321055999999869e-02
2.671732095524999906e+01 2.899776132299999976e+00 1.277462278768000026e+01 3.172565601319999828e+01 1.934598027440000090e+00
1.378736759092999975e+01 6.890570944000000253e+00 1.766411384939999962e+01 2.172635037759999932e+01 1.927825821559999930e+00
3.242579784774000018e+01 3.767274487081999723e+01 1.079821147052799972e+02 6.415568436214999792e+01 1.678766596010000001e+01
5.150206678029999807e+01 2.268159492919999920e+01 8.301940266485999587e+01 5.918001739799999683e+01 1.579266403269999941e+01
7.897532337530000390e+00 -6.074307368999999623e-02 5.828232533999999632e+00 9.850352687919999184e+00 9.628357622500000046e-01
1.676231891684000175e+01 2.866161638549999946e+00 2.959163882724000061e+01 4.165303648703999784e+01 8.910545498639999451e+00
3.905161448079999875e+00 7.865283562910000192e+00 5.879690720250000169e+00 7.837396506260000173e+00 -3.888369765000000006e-02
2.180082247744000057e+01 2.070007432184999985e+01 1.373841823631000025e+01 6.580193946819999695e+00 6.917710047459999956e+00
2.070686128916999991e+01 3.555862947720000022e+01 2.363569951676999992e+01 3.850657055930999917e+01 1.288232400352000084e+01
3.954569799729999779e+00 5.933813055629999944e+00 3.942028870240000149e+00 2.915224579469999799e+00 -1.947884597999999939e-02
-4.979012408999999861e-02 5.927511042599999946e+00 5.938339854839999710e+00 1.191093597453000008e+01 1.979320311199999960e+00
1.928943219800000053e+00 8.873087353200000749e+00 6.832819782699999678e+00 3.566282742036000286e+01 -3.570987222000000100e-02
6.832311167500000337e+00 2.370736423031999962e+01 1.761607366875000125e+01 4.522138781995000301e+01 1.918347365989999886e+00
5.802736092720000016e+00 1.866610357713999946e+01 1.663135863604999898e+01 1.010908583068799942e+02 8.998493838400000167e-01
9.568250681500000132e-01 4.924515465769999878e+00 1.190090992494000055e+01 1.880144471458000055e+01 2.978086800269999834e+00
6.974692436949999852e+00 -4.396307399999999782e-02 2.939168671950000089e+00 1.885781740429999909e+00 1.987214916259999908e+00
1.285234394655999957e+01 4.948250651959999580e+00 5.893270836000000124e+00 4.763155883359999621e+00 5.929384200000000327e+00
3.062778450943000053e+01 4.859140082269999716e+00 2.670160182795000026e+01 4.536602083431999688e+01 1.979648522713999981e+01
1.281747870507999920e+01 1.193473427754000049e+01 1.186322997719999961e+01 2.718338661119999777e+00 5.910824948640000187e+00
1.930084160689999884e+00 1.978226940799999944e+00 3.948550550409999804e+00 5.902556656559999837e+00 9.667468197099999827e-01
1.084388704112000035e+01 9.470113819300000069e-01 4.888200365600000374e+00 9.771492914470000457e+00 9.928389361240000710e+00
3.895144100320000025e+00 1.929028460150000068e+00 5.925537338279999844e+00 1.485358889928000004e+01 1.971073292959999890e+00
2.166957185781999939e+01 1.179369018605999919e+01 5.762823747719999723e+00 1.948858097771000075e+01 1.091244124856000042e+01
1.875201276034000131e+01 2.831685845880000052e+00 1.481571938103000008e+01 4.163538259535999941e+01 2.930494714860000016e+00
7.844476010750000228e+00 3.896879188359999802e+00 2.883838294469999841e+00 1.075976522983999928e+01 -4.088478239999999986e-02
9.214304738499999869e-01 4.950866683040000105e+00 5.943778441080000086e+00 4.906258570400000352e+00 1.980092766080000066e+00
1.287491521863999999e+01 2.857422231030000148e+00 6.828853486479999901e+00 3.839323187649999802e+00 1.947831905449999956e+00
9.865916439399999405e+00 5.852742647999999548e+00 1.782095077817999851e+01 7.828610071760000011e+00 5.946272874960000010e+00
2.276053091149999830e+01 1.273878336325000049e+01 3.683892932410000043e+00 1.872512952940000019e+01 9.053697128500000080e-01
1.188583685040000049e+01 8.874069565679999272e+00 7.851324350149999631e+00 -1.390722517799999891e-01 9.546802278399999508e-01
9.258479425000000207e-01 1.920541122199999950e+00 1.290125377156000042e+01 1.090847495396000078e+01 -2.971270349999999977e-02
1.084757250548000052e+01 3.952144901920000120e+00 3.877842088840000034e+00 8.790752816639999523e+00 3.965955262600000086e+00
4.250025934143999962e+01 3.846127778950000131e+00 1.869979093525000025e+01 6.437530006148000439e+01 5.886242724389999736e+00
3.765394992484999648e+01 8.887655164319999912e+00 1.471637776046999946e+01 4.510897776950000271e+00 4.919590425200000006e+00
3.875974637890000185e+00 5.964628004699999764e+00 6.912017135800000212e+00 1.185394794744000002e+01 1.974288911960000004e+00
1.479107694704999965e+01 -6.238857815999999945e-02 9.835002700300000456e+00 1.570841544345999985e+01 9.529949920600000457e-01
1.482079514235000062e+01 -4.682971259999999664e-02 2.874552378329999769e+00 1.069999052086999924e+01 3.932319960760000122e+00
2.262934984334000177e+01 1.888297470829999991e+00 1.968996393505999976e+01 5.627367881741999867e+01 1.283652468058000018e+01
1.378268017519999944e+01 8.942743734120000454e+00 2.284304739187999900e+01 9.605218311999999869e+00 8.909158801320000265e+00
1.588576870996000068e+01 -3.037748750999999872e-02 6.914934360520000212e+00 9.787194881110000466e+00 1.954185995000000009e+00
8.880158433689999242e+00 -3.202151210999999720e-02 3.914003806599999802e+00 1.078597878194000081e+01 2.950715997120000100e+00
1.288802747919999980e+01 1.944103385540000062e+00 2.841352964219999944e+00 2.859715113320000057e+01 2.906738369040000158e+00
1.677561288145999896e+01 8.889470555759999115e+00 3.168316948496000052e+01 7.520193598423000481e+01 1.580842640590000059e+01
2.771244875989000178e+01 -1.396308569399999922e-01 2.363240836283999968e+01 8.700130056697000214e+01 1.676275294886000111e+01
9.338640994000000362e-01 -3.485624804999999660e-02 1.911959058799999944e+00 9.771565328470000367e+00 3.944023662100000216e+00
-4.147452234000000015e-02 -2.111876307000000105e-02 1.938702844999999897e+00 6.845935043499999928e+00 9.639652578399999783e-01
9.112751272000000347e-01 5.834575096440000053e+00 1.564319570470000009e+01 2.163699616719999952e+01 1.905065003000000035e+00
3.948953359359999915e+00 6.906879279880000055e+00 9.793495538200000183e+00 7.989099985900000034e-01 1.948865586950000006e+00
-2.151779515199999937e-01 3.460912717922000326e+01 6.117504362863999745e+01 5.915417247690000124e+01 1.178605934211000061e+01
3.948703647699999930e+00 1.190165011913999926e+01 1.480250361947999949e+01 1.080012744236000088e+01 6.942899667219999849e+00
-2.518294211999999935e-02 9.538974738100000073e-01 8.917740791199999517e-01 9.025885551700000287e-01 9.739873773099999577e-01
8.840557570139999655e+00 1.388232522823999915e+01 2.069225785020000075e+01 2.861033209633999874e+01 8.856212142060000403e+00
1.882692454699999907e+00 1.091207089873999969e+01 8.781375014099999987e+00 8.712730797840000818e+00 1.895418343640000058e+00
3.365936164744000081e+01 2.274096700256000148e+01 5.936607967110000317e+01 6.716441112070999964e+01 3.070570341279999838e+01
9.691499682099999902e-01 -2.327667840000000044e-02 9.377336800000000139e-01 -7.281105552000000092e-02 -2.939631749999999794e-02
-7.294287330000000236e-02 1.945880833339999949e+00 4.868992378759999795e+00 1.082896031089999944e+01 2.937823487939999811e+00
9.253545115600000370e-01 4.880138793619999582e+00 1.084063478825000004e+01 1.967987663731999959e+01 1.942128274249999897e+00
6.950123938960000025e+00 6.921464943400000180e+00 6.896114486800000165e+00 7.944204180699999673e-01 1.962286788799999959e+00
6.759128221540000148e+00 4.159784360463000041e+01 3.848769648119999687e+01 6.893615827554999953e+01 7.807058998729999644e+00
1.965600267139999913e+00 2.941662631979999887e+00 2.921817155699999891e+00 4.843219555760000183e+00 1.971287652980000082e+00
-2.291976000000000083e-02 9.621086778999999867e-01 -4.794693264000000205e-02 7.900738286750000228e+00 9.808407330399999680e-01
3.931923873190000140e+00 3.910030022740000000e+00 9.300686435199999602e-01 9.788229660160000734e+00 9.780709250800000421e-01
1.589864621631999952e+01 1.086198520403000067e+01 3.896306971960000087e+00 9.670018363840000575e+00 9.657731972799999953e-01
1.579031115279999931e+01 2.071586022554999929e+01 1.782918397009999989e+00 6.432879842479999866e+01 -7.525954458000000402e-02
3.930191263749999830e+00 1.190260641000000064e+01 2.927627839739999960e+00 1.177313426687999964e+01 -2.312691264000000038e-02
9.756840770200000401e-01 9.677591196399999429e-01 4.975135255849999716e+00 3.915480753309999784e+00 9.917819505999999619e-01
5.888766199199999996e+00 1.284953321901999956e+01 1.576060701099999939e+01 1.077690849104000037e+01 2.921520662489999864e+00
5.954842914720000380e+00 1.936584338599999899e+00 -1.004712587099999971e-01 3.908394073839999816e+00 1.966906526600000094e+00
7.744027496840000246e+00 2.965446737147999912e+01 3.546571221450000166e+01 1.449829706783999939e+01 8.823651266340000632e+00
2.945798939099999902e+00 9.266453008299999627e-01 8.883923199479999866e+00 8.868622375000000391e-01 2.961405615719999940e+00
1.950136124599999965e+00 9.307437817599999441e-01 8.893203767190000164e+00 1.389538663861999979e+01 3.963647392780000001e+00
-9.087080498999999811e-02 9.848792207529999843e+00 1.173491830649999912e+01 3.151082257087999849e+01 6.921359542150000266e+00
3.962625060999999782e+00 2.940003183359999994e+00 3.900299860480000103e+00 8.157428167600000446e-01 -3.144199679999999664e-02
-2.189783062800000069e-01 3.163623850616000155e+01 5.140739555007999684e+01 8.284631256605999283e+01 8.813808296999999570e+00
3.945155287990000037e+00 7.906576351220000021e+00 1.583712093615999983e+01 2.569175378314999847e+01 1.950872008790000001e+00
9.697574252799999739e-01 9.494803712799999573e-01 1.912018746079999998e+00 1.483241181242999929e+01 -2.573266968000000043e-02
1.388289305606000035e+01 -2.878658270999999783e-02 3.935094370329999869e+00 4.827302689639999755e+00 1.974629081990000090e+00
3.862085832660000051e+01 -9.149335883999999697e-02 6.790785704260000166e+00 5.541634618940000223e+01 9.163830876399999825e-01
1.873117893826000113e+01 6.934016492799999654e+00 1.085375097650000065e+01 1.359087546055999951e+01 3.939655673919999934e+00
1.082975022938000009e+01 -4.215884760000000037e-02 1.904097194750000055e+00 1.774041379199999824e+01 9.621339393700000242e-01
8.884649426039999298e+00 9.704838397599999666e-01 9.353769080499999555e-01 8.836367877000000703e+00 9.735078678399999852e-01
1.189851655962000088e+01 2.958401908919999990e+00 1.915495227200000095e+00 2.462807066299000169e+01 5.893845498600000177e+00
9.814879567360000223e+00 9.203269743999999974e-01 6.844718057379999721e+00 7.633868766620000201e+01 1.280936863840000051e+01
1.980177325057999838e+01 1.920806202799999918e+00 1.683784867580000011e+01 5.328793919951999669e+01 1.779333390432000073e+01
2.911919725200000197e+00 -3.646008449999999651e-02 5.927550007649999841e+00 3.868298630184000331e+01 6.906288099760000243e+00
-3.882732083999999861e-02 2.983610903879999832e+00 9.686191654900000447e-01 4.860058075519999576e+00 -4.099264604999999784e-02
1.384120985909000012e+01 9.601662436300000270e-01 6.884270024470000138e+00 2.164356000624999865e+01 1.917395283080000068e+00
1.468693822056000009e+01 -7.878466215000000383e-02 1.778284334402999889e+01 7.031051510480000388e+01 1.383986533280000053e+01
2.377600084635000144e+01 1.943271300079999930e+00 2.583546409411999889e+01 2.949599881920000044e+01 9.884288384739999600e+00
5.869811139720000348e+00 -3.260112866999999998e-02 6.904200292359999658e+00 2.270041295936000125e+01 4.931219769350000171e+00
1.921225672640000104e+00 -1.927974959999999988e-02 9.461608292800000042e-01 4.830807631729999940e+00 9.609888431799999964e-01
1.183276549488000029e+01 7.943679533600000120e+00 1.286903657883999941e+01 7.766475091640000272e+00 3.905445783189999798e+00
3.264589966370999718e+01 4.889703687529999954e+00 2.074023250265999962e+01 4.250494767651999695e+01 1.980733023047000074e+01
2.872653227119999997e+01 9.917382960550000348e+00 1.480249929975000001e+01 3.644450233510000192e+00 5.859710611439999717e+00
4.931064984829999887e+00 -2.344615145999999831e-02 9.458559096399999921e-01 5.899299050399999800e+00 1.959068749520000097e+00
8.852513445539999637e+00 2.949032952390000073e+00 5.886000786300000343e+00 2.178587442639999949e+01 2.916218477820000210e+00
1.188650080739999915e+01 5.965401092999999655e+00 6.939157641369999574e+00 8.888420022399999842e-01 3.964887453369999815e+00
3.359401746351999662e+01 6.873492878080000423e+00 1.078394391694999932e+01 2.860034123395999828e+01 4.875108389870000281e+00
1.178499229104000001e+01 5.936273343959999949e+00 7.886927884760000396e+00 6.784921028050000302e+00 9.373811914899999875e-01
3.884083231179999984e+00 -3.595826519999999887e-02 4.939068248149999896e+00 7.886731277510000027e+00 9.639792667900000112e-01
1.282521950329000049e+01 9.444356515899999804e-01 3.907929846640000093e+00 6.830447707420000292e+00 2.945144378100000182e+00
3.916192804060000032e+00 9.253290402999999609e-01 1.916719370480000073e+00 7.944643506500000285e+00 9.688429158400000407e-01
1.481729422919999983e+01 1.583330370100000017e+01 1.281448844428000022e+01 8.874582982559999778e+00 6.933003847000000164e+00
5.851020677910000245e+00 2.863471807559999860e+00 -1.491889751999999902e-01 1.389401996612000012e+01 1.944456673519999956e+00
8.889979285980000867e+00 5.899754278499999671e+00 5.889598143719999790e+00 3.924406788879999830e+00 1.959271091570000012e+00
1.904333082139999966e+00 6.911387538999999691e+00 4.903257371359999617e+00 3.932417831440000011e+00 -3.606887232000000054e-02
2.883610009739999924e+00 9.886522863699999775e+00 2.078937536465999969e+01 3.454473746365999887e+01 5.897058256680000277e+00
9.397283989600000442e-01 7.936972988750000013e+00 2.891085249450000116e+00 6.759617109999999762e+00 -5.718655485000000149e-02
1.473692153856000076e+01 2.074648912896000041e+01 3.355794713643999927e+01 8.902215864935999434e+01 1.478070709620000045e+01
2.949177342180000050e+00 1.951109887159999889e+00 4.912575763639999593e+00 4.808163112159999919e+00 1.955947501999999893e+00
-4.329474785999999631e-02 2.956301451749999920e+00 4.925802962389999706e+00 8.843597534969999785e+00 2.963845215840000158e+00
1.488705122264999936e+01 1.954017361100000016e+00 -7.663838489999999504e-02 1.767466438127999950e+01 3.885284696079999822e+00
1.181249577624000047e+01 -7.986351978000000296e-02 5.870396103090000040e+00 5.045260573896000267e+01 2.080399142099999921e+01
1.981490184073999927e+01 2.927852328809999793e+00 9.878806794790000012e+00 2.648199854591999980e+01 8.824042122119999831e+00
9.894863538999999264e+00 -4.262072580000000194e-02 8.932465692719999240e+00 2.769588955000000041e+01 3.896134960359999955e+00
1.950712028120000108e+00 3.979563324159999915e+00 -3.348387719999999790e-02 5.862045964560000044e+00 9.510647474800000278e-01
1.288372984599999960e+01 5.954921674260000408e+00 3.932100006879999832e+00 9.760610853639999362e+00 2.899493361299999794e+00
2.179103576584000024e+01 9.159523750000000408e-01 5.874564700049999644e+00 4.355935611523999995e+01 7.813663517600000219e+00
1.084874134520000055e+01 5.942005503359999885e+00 1.291446658551999960e+01 3.693502070950000160e+00 9.872066983239999871e+00
6.899425316440000344e+00 -3.986642286000000035e-02 3.941670668800000055e+00 1.576627118871999933e+01 8.910469381320000437e+00
1.936994410819999901e+00 1.973910953809999924e+00 -3.844465091999999667e-02 5.863079263739999547e+00 9.446704325200000474e-01
2.940884393700000210e+00 9.431334170199999756e-01 -4.810628474999999876e-02 6.939526807780000084e+00 9.796697063199999445e-01
1.190125507970999941e+01 3.903690999999999800e+00 8.918232531479999281e+00 6.899709419889999751e+00 5.967593189519999619e+00
1.679301021455000154e+01 1.180863206975999979e+01 8.236213149700000180e-01 1.078782411745999958e+01 -6.806687579999999571e-02
4.938644901650000030e+00 2.940302586900000126e+00 1.946526683599999918e+00 -6.682388543999999431e-02 1.977902942420000088e+00
9.407058486399999531e-01 3.943950825279999961e+00 3.948021789699999839e+00 7.934706040940000094e+00 -2.043271007999999944e-02
4.900787250439999632e+00 2.957496380759999877e+00 2.948670943949999845e+00 2.876437083899999969e+00 1.954425641600000096e+00
3.265611176219999834e+01 7.867790892800000435e+00 7.827971474239999949e+00 2.957183663412000030e+01 1.384564868420000039e+01
1.185638058480000012e+01 7.941665458880000195e+00 1.092817979480000012e+01 1.800447570560000043e+00 3.935648330949999885e+00
3.899059102479999872e+00 -4.248183105000000181e-02 4.951088652200000162e+00 1.886411101743999907e+01 9.534846095200000260e-01
6.886077733059999595e+00 3.954446040640000160e+00 9.435637651599999565e-01 5.868982499190000368e+00 1.949143604060000090e+00
8.824118453280000551e+00 6.903294472599999843e+00 2.073937361511000077e+01 1.375266587387000072e+01 5.882683886519999739e+00
6.857079608320000297e+00 -7.529993523000000355e-02 1.478107828679999969e+01 2.684311802063999863e+01 4.899592124599999821e+00
1.563039631474000046e+01 1.579740944847999984e+01 3.445481660642000321e+01 2.148786697971999970e+01 1.473851669747999971e+01
-5.955964829999999682e-02 -3.171001770000000247e-02 2.915535020880000161e+00 9.144832941999999631e-01 -4.060894175999999606e-02
1.686978313639999882e+01 2.930345126489999785e+00 2.080664408675999866e+01 1.184047860323999934e+01 6.910121199579999818e+00
9.208916059599999704e-01 4.863719879779999644e+00 1.671864946055000090e+01 1.677265564760000061e+01 2.920465706339999912e+00
3.968305296160000051e+00 3.942724714510000172e+00 6.891276176979999946e+00 2.900583533009999826e+00 9.659500235200000340e-01
-1.753607215799999897e-01 2.268822182431999934e+01 5.436403222356999976e+01 3.552984473400000098e+01 5.822091860819999631e+00
1.933254035750000099e+00 8.886932294399999321e+00 2.274145514905999832e+01 5.794068192000000117e+00 1.933578664309999917e+00
-2.747488248000000063e-02 9.515115856000000427e-01 2.885009872799999986e+00 8.912767134239999223e+00 9.717637110400000333e-01
-6.149999519999999747e-02 -8.062414542000000128e-02 1.832821864400000056e+00 2.769047376525999837e+01 3.909744764230000058e+00
-5.342278859999999990e-02 4.933259512160000249e+00 1.086168506743999984e+01 8.766752962680000039e+00 9.252058441599999572e-01
2.824222065239999857e+00 7.776675596599999629e+00 2.953781227469999848e+01 8.712608251119999636e+01 2.074705294079999973e+01
-4.624664705999999986e-02 5.939100703230000278e+00 6.872426035180000170e+00 1.975912881121999831e+01 1.932928824800000056e+00
9.856706464000000167e-01 -1.838982122999999885e-02 -3.989920841999999856e-02 4.925243674399999882e+00 -2.057009904000000125e-02
9.566704545399999926e-01 -6.859375973999999598e-02 -5.360520869999999688e-02 4.877079669859999633e+00 2.977883839380000008e+00
3.914281994620000038e+00 9.857679468400000644e+00 7.892339822000000282e+00 3.716429776240000038e+00 9.529353963100000158e-01
1.086258275642000015e+01 1.377634304056999959e+01 4.828452789199999984e+00 2.456464186987000176e+01 1.926567742520000071e+00
2.936958825900000125e+00 9.901007333920000875e+00 6.921516166179999985e+00 1.083057608350999956e+01 -3.265015067999999659e-02
-2.471319072000000006e-02 -3.941632529999999912e-02 3.969786157600000198e+00 7.928048536730000428e+00 9.874577331999999652e-01
1.939024609400000099e+00 6.898092198189999635e+00 8.796345050159999346e+00 1.779458060123999985e+01 -5.602024394999999962e-02
-3.756372002999999737e-02 2.936258676480000052e+00 1.386092007346999999e+01 8.657934352299999636e-01 9.651587571999999948e-01
2.852348573280000021e+00 1.575892058856999967e+01 2.348648289870000028e+01 4.249104285688000004e+01 8.687905462000000689e-01
-7.862323320000000337e-02 7.874479484000000085e+00 2.973320367824999977e+01 1.372493955200000038e+01 -7.291608659999999908e-02
1.979804537299999945e+00 -3.271958550000000215e-02 2.929841454720000016e+00 4.932004955000000024e+00 9.828979759000000538e-01
8.900798873939999467e+00 -3.636948923999999694e-02 4.955400994999999753e+00 5.833906200870000447e+00 -2.239141562999999793e-02
1.871973862624000162e+01 7.897944232250000418e+00 8.701416440200000491e-01 3.352267504168000301e+01 -6.009282269999999954e-02
1.779005935781999881e+01 9.213294304000000379e-01 1.590177933520000053e+01 1.962230266999999984e+01 7.951825768399999994e+00
1.880556346899999909e+01 9.256161812500000030e-01 4.906292084150000399e+00 3.264702059759999742e+01 2.954848735380000146e+00
3.935142143320000230e+00 2.976388305600000006e+00 9.692002384300000273e-01 1.885042415360000057e+00 -1.479337667999999946e-02
1.922103199099999937e+00 6.884688770170000360e+00 1.879150376539999945e+00 2.179277761899999888e+01 -3.962177856000000109e-02
6.950223515500000282e+00 4.928456348240000118e+00 7.926757690759999697e+00 -1.267681687199999907e-01 9.755783703999999501e-01
1.476232105200000078e+01 3.064815446800000132e+01 2.965026169352999830e+01 3.038059640199999833e+01 3.879699836799999968e+00
1.950493297339999987e+00 5.924649046109999873e+00 3.924755348889999773e+00 5.868751057889999956e+00 9.747841500099999612e-01
9.687208051000000264e-01 2.953778516399999887e+00 9.554650076799999781e-01 5.918569404000000311e+00 -1.512735263999999934e-02
1.186375433879999974e+01 1.960503796550000066e+00 5.907226432919999937e+00 1.669663584511999943e+01 1.966720422619999908e+00
8.781506262449999767e+00 2.934781847220000017e+00 4.843588432999999860e+00 3.150884904719000090e+01 1.942654336039999929e+00
3.169120908406999959e+01 1.909370318239999920e+00 1.379360096375000033e+01 4.433007132360000213e+01 3.925870760200000031e+00
2.179530716152000025e+01 -6.028230600000000078e-02 6.864651813940000125e+00 3.858676955760000027e+01 1.949836772899999904e+00
9.383712755499999947e-01 1.982606980159999921e+00 9.579929950000000138e-01 8.671858957000000423e-01 9.842375069200000048e-01
1.282598973390999930e+01 3.890077793320000143e+00 2.177096179504000162e+01 3.354140618070999835e+01 9.893215137160000339e+00
-9.651397454999999237e-02 9.398241968499999599e-01 7.813632532669999797e+00 1.874894997132999919e+01 9.389548781200000027e-01
2.364849705912000033e+01 2.376709830725999950e+01 6.636574840215999416e+01 7.200923774563000279e+01 2.176351296376000022e+01
2.939350378439999911e+00 2.961021630359999879e+00 6.892668937149999842e+00 2.830481683679999971e+00 3.960073975719999861e+00
2.897428080000000072e+00 1.939878631280000043e+00 1.382931802310000080e+01 3.173548355527999831e+01 3.938660423680000022e+00
7.867944598400000267e+00 7.957467682459999914e+00 1.920247152139999969e+00 -1.384759897199999978e-01 3.940609700019999995e+00
2.967069015030000045e+01 7.893084655880000078e+00 1.379563582063999938e+01 3.756790326520999912e+01 1.184700338166000044e+01
1.278141009520000004e+01 6.938715259060000307e+00 3.874003710250000232e+00 7.402459340800000565e-01 2.908219118699999939e+00
9.900879806709999897e+00 -3.007821599999999790e-02 3.942828819759999881e+00 8.880749531999999391e+00 -4.164297075000000098e-02
6.865006870960000285e+00 9.585877593699999588e-01 2.919790990920000162e+00 1.383152513539999973e+01 4.941713266699999885e+00
2.886675161519999921e+00 1.086132310111999999e+01 2.277203754307999972e+01 4.067345979787999966e+01 5.911484861309999950e+00
1.949735592559999953e+00 1.942055491699999914e+00 1.908747272719999888e+00 2.854040020139999800e+00 9.644578941700000518e-01
2.173763435800000110e+01 2.767655134107999970e+01 4.649451300380000163e+01 7.814956895854000152e+01 1.579698297700000076e+01
2.960808376800000197e+00 3.953004128049999899e+00 1.923696133760000038e+00 1.874861478379999946e+00 2.971720554240000034e+00
2.961250073850000053e+00 -4.598202734999999597e-02 1.926229891520000015e+00 1.087402365730999954e+01 -2.894715386999999890e-02
2.682311698062000005e+01 6.904677204160000414e+00 2.873043155854999853e+01 2.365089648000000011e+01 8.853672771810000341e+00
2.873022799440000163e+00 5.934806113199999622e+00 1.580292986739999961e+01 1.275948982335999915e+01 5.896144725720000146e+00
3.065798961355000074e+01 9.816335199730000127e+00 4.847746420885000163e+01 4.135680302136000108e+01 2.271548213132000171e+01
-3.530867759999999772e-02 9.798019177600000296e-01 2.943660129239999979e+00 9.283025664999999815e-01 -3.276475514999999811e-02
4.918979701399999627e+00 9.571066363000000354e-01 8.869419051119999509e+00 9.877828291840000219e+00 6.929142555130000325e+00
1.283884601583999974e+01 3.903781622799999962e+00 2.472029308663000080e+01 4.745397253619999844e+01 8.896483637819999402e+00
-8.577115271999999346e-02 5.945081931959999899e+00 9.842195275119999920e+00 2.168994737218000068e+01 1.942227904249999915e+00
1.763566810577999888e+01 1.078428013255999929e+01 5.736282148659999791e+01 1.247305262258699941e+02 1.776217349430000070e+01
3.937626545350000118e+00 3.960384312640000015e+00 8.886536534879999394e+00 7.787950855730000121e+00 2.958214857240000217e+00
1.924919065280000119e+00 1.953155211679999947e+00 7.864879177699999779e+00 1.973386886564000164e+01 -4.832600211000000201e-02
5.888749372260000392e+00 9.861058341279999695e+00 9.773354091159999868e+00 2.661742645704000054e+01 9.122523022899999834e-01
3.951168236320000027e+00 6.939820604500000378e+00 1.895007901250000071e+00 2.851120261740000217e+00 9.608681547999999850e-01
1.774222536671999961e+01 2.867941194112999881e+01 4.347156729220999694e+01 9.512171016035999571e+01 6.794671010200000083e+00
3.958573226349999974e+00 2.948960257320000000e+00 5.919615308400000053e+00 3.862361226280000004e+00 1.969148890100000049e+00
9.611047517499999859e-01 9.524463312700000017e-01 3.916816370409999859e+00 1.487735023659000078e+01 1.969454717749999917e+00
2.935366557060000048e+00 3.893897142580000192e+00 8.918737382800000502e-01 9.866923965999999879e+00 1.971485820290000079e+00
3.921371573890000128e+00 1.086869015803999972e+01 2.386465864547999871e+01 4.834630753159999905e+00 1.962807302899999939e+00
6.853452554679999587e+00 5.758128945600000215e+00 2.749875316949999871e+00 1.671604608976999984e+01 9.341407241200000433e-01
2.903474815860000113e+00 6.837827141950000076e+00 8.837572112640000199e+00 5.800049248199999674e+00 9.581901635799999761e-01
9.716794435000000174e-01 9.502783751800000234e-01 1.949542245559999998e+00 7.938157975820000267e+00 -1.324094850000000038e-02
2.900132781780000002e+00 9.280944224199999537e-01 -6.449105466000000508e-02 8.938076222519999448e+00 -2.752547588999999795e-02
2.279377018166000113e+01 1.183833503219999983e+01 1.685546020447999993e+01 4.862423545250000423e+00 2.936316704070000227e+00
1.081473431653999917e+01 4.861384227770000344e+00 -1.247662221299999930e-01 1.188116382189000042e+01 9.448736874399999985e-01
9.864037731070000703e+00 7.899849889280000426e+00 2.906975687700000144e+00 1.908679423880000003e+00 1.960266107720000095e+00
1.088533514288000070e+01 7.916607911239999851e+00 4.925305529240000091e+00 4.926857379080000321e+00 -3.347729028000000218e-02
1.915201398080000006e+00 3.895084092279999854e+00 2.373695372958000149e+01 3.068672034189999920e+01 4.895255226649999791e+00
-5.285400659999999612e-02 8.930891193660000837e+00 7.800606286819999902e+00 5.798781291210000077e+00 2.931606678000000077e+00
1.479268507649999975e+01 9.733828743100000125e+00 6.331987060480000196e+01 6.620015213824000000e+01 1.972676575207999861e+01
1.964064761479999977e+00 4.953922258999999606e+00 2.890912125719999892e+00 3.865064819980000177e+00 9.555064181200000339e-01
1.972938049039999919e+00 9.656474391099999499e-01 1.913794948100000060e+00 3.893823531399999816e+00 -3.490397567999999756e-02
4.946023002919999634e+00 -3.500020125000000148e-02 4.977590396630000136e+00 4.939686622400000005e+00 -1.182647952000000051e-02
1.975795953409999939e+01 1.685320541557999974e+01 4.900362400579999722e+00 5.734806408239999875e+00 1.945285180399999980e+00
1.480821814031999928e+01 3.878549999680000138e+00 3.921380226310000161e+00 1.877587161490000156e+01 5.956272981059999694e+00
6.892197244180000126e+00 8.928047772899999401e+00 -4.519703285999999987e-02 4.870338116000000106e+00 -2.553119351999999856e-02
2.930814877079999992e+00 1.956141209449999918e+00 2.970677189999999968e+00 6.916379107300000051e+00 -1.605394728000000132e-02
1.884954847779999909e+01 1.959708155419999986e+00 3.877854387879999809e+00 1.567459699900000025e+01 5.896014265499999851e+00
3.071469876736000160e+01 -7.145685216000000062e-02 1.877007257622999958e+01 6.838529764038000280e+01 2.080857373437000035e+01
2.671804122749999877e+01 7.924635236420000339e+00 2.075873233889999980e+01 4.439148082884000246e+01 2.181121087648000056e+01
8.898836028479999882e+00 -2.356791227999999877e-02 5.922442453020000386e+00 1.479894160721999974e+01 4.934127321050000070e+00
4.929108649339999815e+00 1.982429237000000066e+00 1.941966973280000008e+00 1.184204911790999937e+01 4.951188058639999667e+00
1.879084419050000010e+00 5.869183237439999701e+00 3.668564197756000311e+01 2.569116864320000104e+01 1.288261440634000010e+01
1.935345281600000078e+00 5.931649569120000187e+00 4.840355280739999877e+00 3.838366508800000076e+00 -6.057629711999999722e-02
1.871352581932000092e+01 1.870781772744999927e+01 7.529621439685000439e+01 5.231618516959999710e+01 1.672732571479999919e+01
9.693765568000000110e-01 9.686099525500000418e-01 9.264715728400000350e-01 1.926510257629999945e+00 9.695633703399999526e-01
-4.596617160000000119e-02 2.954130348000000073e+00 4.905360889519999823e+00 1.088231421547999922e+01 1.956811281140000025e+00
2.868086047079999812e+00 1.783161111852000147e+01 1.278551192143000037e+01 1.574992850559999980e+01 4.931144027870000279e+00
5.940637254600000361e+00 9.193722006700000282e-01 -1.026093873599999984e-01 2.889233757119999968e+00 -3.158610390000000240e-02
1.967669637319999865e+01 4.059710006836999696e+01 4.250479738588000345e+01 1.641894851285000101e+01 4.836987612589999763e+00
5.949701060639999817e+00 9.354596859999999570e-01 2.913523395599999954e+00 4.901423986580000225e+00 9.757896670000000272e-01
1.941233681089999941e+00 4.924247998100000245e+00 5.905098089880000067e+00 5.898057794249999652e+00 1.970307570799999963e+00
1.591223329888000038e+01 9.250695308799999905e-01 9.114361227999999704e-01 2.080132545665999899e+01 2.974787453999999887e+00
4.848811413439999995e+00 5.867760696000000387e+00 1.484708049446999922e+01 1.464526102569000088e+01 2.957853869400000058e+00
2.378355947393999870e+01 5.812701561599999955e+00 -2.159409617999999975e-01 4.848827541736000057e+01 -6.449806115999999478e-02
7.853231766500000433e+00 4.870681474999999594e+00 4.857846295999999953e+00 2.364964063656000093e+01 9.565894278100000037e-01
3.966624964120000207e+00 9.699908607999999655e-01 9.665107241499999446e-01 4.917859827800000083e+00 9.899967429999999569e-01
6.860103591039999671e+00 3.960248835279999824e+00 9.140679586000000079e-01 3.808846441120000037e+00 1.950637167920000081e+00
4.751369671007999784e+01 3.859079744559999803e+00 2.370192484704000080e+01 5.734209658116999719e+01 9.824997159100000488e+00
3.367830454719999977e+01 8.912515301999999195e+00 1.681819223408000141e+01 1.558452326073999927e+01 6.887211200080000317e+00
8.900469881910000325e+00 9.722484595899999471e-01 7.943312414870000282e+00 1.487663736396000047e+01 9.644464707400000059e-01
1.881779504409999859e+01 -5.591973347999999733e-02 8.821057312000000206e-01 1.974871264861999975e+01 4.929778219640000181e+00
1.908517790000000103e+00 9.961858363599999322e+00 9.487039895200000128e-01 1.904321975420000035e+00 9.718017162400000020e-01
4.556303466624999743e+01 1.581163852407999926e+01 1.975719499535000168e+01 3.555117330569999723e+01 6.865532468619999662e+00
1.810505115380000030e+00 1.292277706483000088e+01 1.589692769602000055e+01 3.792661118319999858e+00 3.942084164080000175e+00
1.187157999180000090e+01 -5.328162503999999550e-02 4.929155721679999935e+00 9.856533418839999783e+00 9.596926536400000041e-01
1.683124958959999873e+01 5.929746276480000411e+00 1.907691994999999974e+00 9.825140580130000245e+00 1.946559214819999939e+00
5.874853801200000447e+00 4.957893543199999975e+00 4.927181822149999668e+00 2.845237779300000103e+00 -4.101805088999999765e-02
3.653818415461000058e+01 6.847907006319999823e+00 1.773314416431000140e+01 3.443899377806000217e+01 6.844440310000000416e+00
1.669331415014000086e+01 1.490434273410000010e+01 1.483221742457999959e+01 4.658793110060000409e+00 2.904820058189999887e+00
6.880548329619999848e+00 9.614481860800000446e-01 6.931836730959999748e+00 1.183769397876000085e+01 1.962758306000000008e+00
1.181365097555999988e+01 5.938583569260000417e+00 4.888864863680000283e+00 1.577073951160000043e+01 2.935427759039999973e+00
8.895496960000000009e-01 1.088970477860000052e+01 1.477288717232999993e+01 2.867975730750000007e+00 2.917895053080000078e+00
-6.479510759999999869e-02 -6.247078991999999859e-02 6.900489277360000173e+00 2.924940823500000064e+00 3.952552022499999929e+00
1.476655050912000000e+01 1.875658647718000083e+01 3.450880247056999650e+01 7.207230087100000571e-01 1.081837742599999963e+01
9.666457390000000593e-01 -3.441898655999999640e-02 9.324057632500000192e-01 5.960775367680000159e+00 -2.490050159999999957e-02
2.931224379870000174e+00 1.931462802560000025e+00 8.870826384000000786e+00 6.918785900799999666e+00 3.946155452500000216e+00
3.911016642429999912e+00 8.850555415529999692e+00 7.836065920880000313e+00 1.979473031839999919e+01 -4.701985200000000087e-02
1.692942173702000019e+01 6.891391764789999819e+00 6.878802415120000013e+00 2.836030335959999871e+00 -3.552395616000000172e-02
1.176150581291999941e+01 2.762977816243000007e+01 1.364086922107999911e+01 3.641161209175000124e+01 2.880959160000000185e+00
5.933726085930000060e+00 6.899048643759999599e+00 8.886414874499999783e+00 8.846058133530000589e+00 2.966519062290000175e+00
-3.757622399999999835e-02 1.942522238000000012e+00 2.935125914159999905e+00 7.914015616400000397e+00 -1.832375115000000124e-02
-6.341806547999999377e-02 7.899723066770000024e+00 8.832933451620000653e+00 2.571170866154000123e+01 1.936933798519999916e+00
3.944224470009999983e+00 6.913435660450000242e+00 8.856822895020000530e+00 4.730931115519999786e+00 1.947152850860000006e+00
-1.964989076399999979e-01 1.667775177565999911e+01 2.648428270623000103e+01 9.200856722439000634e+01 6.806063692600000437e+00
-4.060235970000000000e-02 1.934513798780000071e+00 7.890422299279999940e+00 1.178750920727999940e+01 9.592715394999999923e-01
-1.825281297000000066e-02 -2.943655182000000023e-02 1.951414802750000010e+00 6.911973534310000389e+00 1.981414205749999935e+00
1.192854249498000030e+01 -7.582776119999999620e-02 -6.442409357999999420e-02 5.879618305440000192e+00 9.775345398400000496e-01
2.184190679038000127e+01 1.884177113320000174e+01 1.586521379841999924e+01 1.737768516680000097e+00 4.952674010119999970e+00
2.075354364089999848e+01 1.274182751254000046e+01 7.919614646199999441e-01 1.959131734309999828e+01 2.926296739200000108e+00
3.912381434919999901e+00 6.913874281930000087e+00 2.937122481539999885e+00 3.867355354179999871e+00 2.977534708319999890e+00
-4.842225926999999680e-02 2.950629495599999874e+00 9.594472560400000294e-01 2.919223977960000216e+00 9.861847428700000195e-01
7.906930488080000430e+00 9.444272049099999844e-01 1.273819361035000064e+01 2.075741154480000006e+01 9.891790170580000208e+00
2.778151335600000049e+00 5.878450413420000409e+00 5.939259449298000249e+01 3.743722877914999714e+01 2.176070368287999912e+01
1.570823721268000028e+01 7.826827378399999979e+00 5.923089654846000229e+01 7.125033843900000363e+01 2.168047262721999857e+01
3.966524984199999881e+00 -1.996692767999999965e-02 1.900708365350000095e+00 5.914772792249999966e+00 4.960830205489999756e+00
3.957440552320000027e+00 1.974133622000000088e+00 2.879084032679999794e+00 7.877453778889999647e+00 9.513046476099999982e-01
9.370148503599999845e-01 9.854104603059999690e+00 2.668830077016000146e+01 8.843302752479999640e+00 1.936469312120000064e+00
1.391272655242999967e+01 1.080047678240000053e+01 2.957046967811999849e+01 1.798822747820000068e+00 5.914746981599999565e+00
8.824092503500000628e-01 2.172313360353999911e+01 3.938606572449999987e+01 1.370749144162999933e+01 2.884424141549999820e+00
-5.411341727999999934e-02 5.883467528309999750e+00 3.074071407519999966e+01 7.881200480869999581e+00 4.949628205999999864e+00
2.981111091599999874e+00 9.562297319200000478e-01 2.905988162429999910e+00 5.956471816619999693e+00 2.981642451599999966e+00
8.849174924430000644e+00 4.911032956639999725e+00 6.789846446080000320e+00 1.384577826800000011e+01 3.924115488580000033e+00
2.961714161892000163e+01 2.675092093218000144e+01 6.640130612560000145e+01 7.573800297680000071e+00 2.178885032590000037e+01
3.162803541341000013e+01 2.180693390637999940e+01 3.054178984288000009e+01 1.573909512576999958e+01 9.842608426150000867e+00
1.084308393260000081e+01 1.913659193720000040e+00 4.787012312779999945e+00 1.084743491158999973e+01 5.924436477809999602e+00
1.681088454125000098e+01 2.883509270039999794e+00 3.371555662539999787e+01 1.379888175227000069e+01 5.896159171259999887e+00
-6.391285559999999866e-02 3.914535685809999777e+00 1.888223621652999995e+01 1.185968047863000052e+01 1.969455165679999897e+00
3.858556288439999804e+01 6.244423635564000108e+01 2.424053873500000122e+01 6.408434954540000206e+01 1.077553178750000029e+01
1.087077414062000003e+01 4.819480840399999799e+00 4.769698026560000415e+00 3.071643085111000104e+01 9.338381048799999640e-01
6.929251289529999802e+00 -9.111515364000000172e-02 7.876225364479999769e+00 1.288203895372000041e+01 1.963205317459999932e+00
-3.938789997000000098e-02 3.946703088640000079e+00 4.927770913279999832e+00 1.913737300400000008e+00 -2.097478070999999819e-02
6.904660607260000305e+00 2.940339126000000025e+00 9.770617609840000384e+00 1.386088373281999964e+01 9.494268691599999643e-01
2.648678238648000161e+01 3.566031744419999683e+01 1.277753470517999972e+02 4.024002381799999739e+01 3.873323671005000080e+01
2.571875933785999990e+01 8.792930546999999208e+00 7.927875248083999793e+01 3.255503897562000049e+01 1.484929839840000021e+01
1.878270881679999960e+01 5.864238597299999967e+00 3.647229350500000322e+01 2.967767458914000045e+01 4.892025010640000282e+00
1.868548020860000047e+00 2.926188790499999914e+00 1.470946641035999924e+01 2.081921805857999885e+01 9.364205485000000051e-01
9.740963263599999866e-01 -4.353471359999999679e-02 -1.251751319999999945e-01 3.952617920859999856e+00 9.719086994200000218e-01
2.757245342319999892e+01 7.227055789309000033e+01 2.469593489369999872e+02 4.525258244922999751e+01 4.253261296326999741e+01
1.090881841664000085e+01 5.849568422429999970e+00 4.659163498459999886e+01 1.184489371641000055e+01 5.903433785309999848e+00
4.937978462000000235e+00 9.895136764960000164e+00 1.571203160664999920e+01 6.892820135800000081e+00 4.932955133600000153e+00
3.943248548800000197e+00 2.909143284959999853e+00 1.172997316416000047e+01 2.906582137050000014e+00 -5.954071049999999643e-02
1.284764717128000022e+01 1.902875394800000119e+00 1.285121009154999960e+01 2.276395723337000021e+01 1.960533339679999987e+00
2.565851955200000134e+01 2.477332640050000023e+01 5.259306114673999843e+01 2.744002886815000153e+01 7.911947147750000298e+00
6.848299194550000024e+00 4.903046122550000163e+00 3.823050225279999825e+00 2.476063277304999843e+01 -3.898938644999999648e-02
1.679714718829999853e+01 7.878589093519999587e+00 2.777990028960000135e+00 2.470191461187999948e+01 -5.271094277999999883e-02
1.781055629684999886e+01 4.880296195249999691e+00 9.785939753710000133e+00 3.369322050280000269e+01 3.949860676810000193e+00
1.186926402765000077e+01 -6.211190159999999821e-02 1.677318270326000160e+01 1.083863330740999942e+01 2.959876884899999894e+00
5.142137315955999810e+01 3.672551465037999918e+01 1.049766632627199954e+02 6.526622435016000168e+01 9.825967308250000087e+00
1.181045770607999934e+01 4.911152488339999955e+00 8.668584508320000381e+00 1.976275445059999925e+01 2.940135587579999932e+00
2.476509862461999845e+01 9.895436735500000580e+00 1.460680974491999962e+01 2.571806734676000161e+01 9.301602844899999889e-01
1.676454073469000150e+01 4.888912778419999938e+00 2.258842493191999878e+01 3.269505833448000232e+01 4.922638500559999741e+00
6.872937049599999959e+00 8.900159762879999548e+00 2.671076187899999965e+01 7.852715921239999730e+00 4.946142172550000105e+00
2.944934325659999885e+01 5.460106494789999942e+01 1.227561104103999980e+02 3.438436750927999697e+01 2.875344398497999876e+01
9.835993844649999929e+00 2.880350699340000098e+00 2.165958049485999837e+01 1.582504934253999984e+01 8.931530106269999436e+00
9.920422249839999651e+00 3.941523877359999872e+00 7.826334120800000349e+00 6.909696443679999689e+00 -3.612714048000000011e-02
1.881405658954000160e+01 8.564768152299999660e-01 3.458217463172000095e+01 1.978567151816000091e+01 4.916247603799999588e+00
2.947555892280000034e+00 8.876211899850000364e+00 2.183523024388000167e+01 2.899217564399999780e+00 4.937132870600000167e+00
1.273617909985000018e+01 7.139323836036000159e+01 3.319788693841000082e+01 4.250157035235999814e+01 2.970324556499999957e+01
3.930317021110000031e+00 7.835874779510000110e+00 4.790572894580000352e+00 1.186402813499999986e+01 2.919603599040000219e+00
9.930855669490000537e+00 9.828082742319999454e+00 7.784750325410000116e+00 7.868708995399999573e+00 3.917917192810000060e+00
4.964133598520000135e+00 9.098043761799999851e-01 1.388391314575999935e+01 5.929634185440000316e+00 2.956477779840000153e+00
1.182064469376000027e+01 1.684622953195999884e+01 3.167193924320000065e+01 1.680083086499000089e+01 4.944954331039999929e+00
1.964373370346000058e+01 6.264870340499999912e+01 4.235895184363000254e+01 5.585498142719999670e+00 1.589134997364999968e+01
1.986439916036000142e+01 5.887073642639999882e+00 6.757569405699999976e+00 6.844787245150000032e+00 9.594659087200000380e-01
2.944914492000000106e+00 1.949833059049999928e+00 1.901608495669999899e+00 -6.514927848000000299e-02 -1.776038400000000059e-02
2.774454342147999952e+01 1.679854077710000126e+01 3.056021929902999901e+01 2.471943024384999887e+01 3.925573603600000183e+00
4.897509193400000349e+00 1.086641548040000060e+01 2.172765969399999975e+01 1.912737486619999983e+00 2.932422399840000082e+00
8.813715299280000082e+00 1.674484872829999915e+01 1.248580606350999922e+01 1.585077796708000086e+01 2.870229872459999942e+00
1.584936353049999980e+01 1.979378728400000043e+01 3.557924618039999842e+01 4.865683732880000001e+00 7.890785310500000094e+00
3.945772118379999860e+00 2.927067227399999805e+00 6.858774588400000205e+00 1.953366686479999892e+00 2.961789921029999828e+00
1.284508814476000005e+01 1.878402464559999885e+01 4.558695021999999852e+01 5.859868903259999762e+00 8.894460457890000171e+00
-2.750985503999999957e-02 -8.064329949000000053e-02 8.861514632100000455e+00 1.967320829449999975e+00 3.964415983959999945e+00
1.982742738752000022e+01 3.652480169020000034e+01 3.114765279499999906e+01 1.979663317849999871e+01 7.789220095760000184e+00
9.374269994199999623e-01 1.982302912640000159e+01 2.567140551800000026e+01 9.235230723999999780e-01 5.921754923399999981e+00
3.961927327809999788e+00 4.900988167699999565e+00 7.813673723600000010e+00 9.556146916300000127e-01 1.953517178000000021e+00
9.463490724699999967e-01 8.850490508609999196e+00 2.172755188300000029e+01 2.934657547860000104e+00 6.929941748110000077e+00
-3.591727919999999907e-02 6.889986123999999990e+00 1.387790104145000036e+01 -6.800065019999999849e-02 4.955547341750000001e+00
9.761352930279999285e+00 8.329108550520000165e+01 3.118718022799999900e+01 3.355680484527999852e+01 2.272011117521000045e+01
5.942935953600000154e+00 4.813532948839999825e+00 1.807013312300000063e+00 1.589539374475000066e+01 -7.006777020000000411e-02
1.943193079999999906e+00 5.833472187479999960e+00 8.805842300160000136e+00 1.189257849822000068e+01 6.926845442920000373e+00
9.591858431199999924e-01 3.907847015229999776e+00 1.386525449768000051e+01 4.926296870419999863e+00 1.952705776700000007e+00
3.942162617440000183e+00 1.086336026408000066e+01 3.463546354999999721e+01 9.289603350999999787e-01 3.916765817499999969e+00
4.844206712480000121e+00 5.756071747899999735e+01 3.804168941715000329e+01 3.080160050430999874e+01 5.776778229269999620e+00
3.889517615139999940e+00 2.970054864084000101e+01 6.433360564115000102e+01 4.866196887320000108e+00 2.584719979936999934e+01
2.886670794810000107e+00 3.167718764143999977e+01 5.730626508988000012e+01 1.185594926303999941e+01 1.283688508360000036e+01
2.930174615819999939e+00 2.282147745476000011e+01 3.857593350719999847e+01 2.913857929649999789e+00 7.898987132360000274e+00
5.855411540489999567e+00 9.360750284200000104e-01 8.777645921519999561e+00 2.773627216318000066e+01 1.960256842129999955e+00
9.704293907624000326e+01 2.601786669240000016e+00 1.314483560538999996e+02 2.012464549014800070e+02 1.173822998015999985e+01
3.934861597389999854e+00 9.753259095999999850e-01 1.906053392000000013e+00 8.912354032000000537e-01 -1.755482867999999877e-02
2.949025185300000018e+00 -1.953636165000000036e-02 9.143864927200000547e-01 -9.005060142000000101e-02 -1.394877509999999966e-02
5.879044375080000329e+00 2.953848044369999926e+00 6.821229152499999948e+00 1.780385597441999934e+01 -3.101910390000000087e-02
-3.258962666999999647e-02 1.953062223679999931e+00 4.930041165079999566e+00 9.303862574800000340e-01 -2.276875494000000014e-02
5.041635152892000349e+01 6.515754518567999298e+01 8.077997094975999914e+01 1.037171065290000058e+02 4.157666148903000192e+01
1.092725390000000019e+01 8.917453014399999711e-01 4.845474803120000118e+00 1.584957127120000031e+01 -4.807315008000000167e-02
7.940639255299999810e+00 3.919030046140000056e+00 1.087702204160000008e+01 1.186892947415999977e+01 9.585363170799999777e-01
-3.357983952000000161e-02 4.951513150520000295e+00 2.923039061759999946e+00 1.926208335799999949e+00 -2.428004484000000074e-02
9.649699883200000272e-01 1.957369902499999981e+00 -9.880805735999999284e-02 9.150633999999999713e-01 -2.056193099999999857e-02
3.344206259103999912e+01 3.632356248354999906e+01 1.074184568235999961e+02 1.494974686753600110e+02 2.072123798160000163e+01
8.924453373600000461e+00 2.906072197499999898e+00 1.079363020070000090e+01 1.980003519955999991e+01 2.956605385620000082e+00
-3.565455569999999991e-02 9.568125819999999671e-01 5.902903109760000433e+00 5.906372265239999919e+00 9.800677953999999970e-01
-3.099439727999999880e-02 6.960289610680000294e+00 9.174329691400000542e-01 9.164480998599999761e-01 -1.706673078000000079e-02
5.868902005439999847e+00 -4.799662127999999861e-02 8.798531525279999599e+00 2.178341360266000137e+01 -2.918328749999999847e-02
1.001502860952799949e+02 1.166610501731999960e+01 1.047022407966399982e+02 1.825350715686099932e+02 6.815792513499999927e+00
9.402440822199999992e-01 -2.070919871999999870e-02 2.912318292180000157e+00 9.010404370000000274e-01 -1.245511080000000041e-02
-4.340887847999999605e-02 9.843532299999999680e-01 -6.396262848000000556e-02 -7.570203300000000191e-02 -9.489004199999999736e-03
5.864840833919999774e+00 1.952595229519999975e+00 7.797553822880000318e+00 2.177480086455999952e+01 1.969957327609999975e+00
8.809868923559999843e+00 1.478792369399999984e+01 1.271675018712999972e+01 9.838416552220000000e+00 6.938851332579999642e+00
-2.149298914499999935e-01 2.674682009820000061e+01 4.066868471179999744e+01 2.805647278079999918e+00 1.192582088202000001e+01
1.086868316125999989e+01 6.874137296799999852e+00 1.079058500812999988e+01 1.287255830169999982e+01 9.524871803800000203e-01
2.943228104400000156e+00 9.293835366100000606e-01 9.112493262699999930e-01 1.949442955759999929e+00 9.806502890799999594e-01
2.276403949130000015e+01 2.173322483788000170e+01 1.664030708674999914e+01 1.678992599456000079e+01 7.921395660860000021e+00
-4.634406089999999756e-02 9.874629212500000364e+00 9.899353916560000854e+00 9.220872016000000171e-01 2.934221532960000101e+00
1.871562194379999866e+01 6.020811847932999683e+01 1.436612955576000061e+01 4.355329119812000016e+01 3.751323739795999757e+01
1.192432435841999983e+01 8.789374663200000271e+00 6.837896967999999909e+00 1.688323561234999914e+01 2.887704665040000229e+00
8.932324575330000016e+00 4.822710332269999789e+00 1.585624170624999962e+01 1.489346452482000061e+01 5.900366510519999608e+00
4.952461195579999753e+00 6.851896418319999960e+00 1.289466834195999922e+01 5.926979993639999833e+00 4.932089381299999964e+00
9.397754769699999677e-01 1.481994816341999943e+01 6.869299469199999564e+00 -7.265587247999999443e-02 1.935273309859999902e+00
1.786254791993999902e+01 2.759105779480000109e+01 1.864451916855999869e+01 2.683698211349999951e+01 6.857617004439999775e+00
6.920260269279999932e+00 2.276091836527999845e+01 8.813054859299999322e+00 8.901816275250000743e+00 1.091710379647999929e+01
2.927226058680000076e+00 6.782938247679999755e+00 1.080115380874999964e+01 5.908733956319999869e+00 6.925003760500000105e+00
9.219948129999999686e-01 1.576133101491999966e+01 1.279853740911999971e+01 4.906414417639999748e+00 1.091698567741999959e+01
1.979876625680000002e+00 9.182231897499999462e-01 2.889133023899999930e+00 8.945321962499999557e+00 1.966747002770000030e+00
5.743533214590000213e+00 1.399924928254199870e+02 1.145483339602400008e+02 4.429732286483999815e+01 5.357552612580000329e+01
-6.373984365000000263e-02 2.671058359799999948e+01 3.361748215264000095e+01 1.581664289200000084e+01 6.889327553500000256e+00
-2.448798966000000077e-02 6.896609749959999647e+00 8.866654935839999752e+00 1.929705922279999930e+00 9.594546610599999914e-01
-2.218238703000000034e-02 1.915320873079999986e+00 5.876810287349999662e+00 3.936321667750000142e+00 -3.594844071000000141e-02
1.963187172650000090e+00 5.900749381319999820e+00 1.486165615368000026e+01 9.223511967999999950e-01 9.546074007400000561e-01
1.970252974207999941e+01 8.020504378737000195e+01 7.692537466212000652e+01 2.937057738240000049e+01 2.857258070335999989e+01
5.915557047210000086e+00 1.678655250331999937e+01 2.068816186649999977e+01 2.181318880575999941e+01 6.891595182519999696e+00
2.941418791199999827e+00 7.828278422120000357e+00 1.279693764778000009e+01 1.787481096435000083e+01 1.919737974800000080e+00
9.726014292400000372e-01 -7.489149191999999733e-02 5.905747726080000426e+00 5.942443603200000091e+00 -3.429341712000000264e-02
4.963433688050000292e+00 3.902661635799999917e+00 1.476413894957999950e+01 9.622190727999999638e-01 3.924707843200000212e+00
2.743029716160000131e+00 6.034402902328000096e+01 1.635218777937000141e+02 7.728505858880000190e+00 3.952712392779999817e+01
6.901128867129999733e+00 2.475238082110000093e+01 5.536813685645000049e+01 5.895998425950000232e+00 1.781345009070000174e+01
4.926905968549999848e+00 9.803142012880000422e+00 3.753928661644999920e+01 1.923454781300000027e+00 1.685769784568000063e+01
2.970563731679999986e+00 1.926504664579999915e+00 7.825265744570000237e+00 2.970912742049999888e+00 9.491647272400000057e-01
-5.638149666000000226e-02 1.679887179413000098e+01 1.279750948995999948e+01 5.954363363129999698e+00 2.933167539899999898e+00
2.075669342148000140e+01 8.415987511180000524e+01 4.712749706280000339e+01 3.800818590250000018e+00 2.571724192517000063e+01
6.876131329149999694e+00 3.455393161490000153e+01 5.152666981912000210e+01 2.897562876959999922e+00 1.585104353692000068e+01
1.936223235739999993e+00 1.677476026816999877e+01 1.677567283441999990e+01 9.476292669400000479e-01 3.926046813700000193e+00
4.914048591500000285e+00 2.369513011505999955e+01 2.269037489990000012e+01 2.927829818909999826e+00 1.389786494944999973e+01
1.971319860199999940e+00 2.959550647679999980e+00 -9.784352474999999383e-02 4.916343311780000391e+00 -1.991604672000000034e-02
2.853270391250000060e+01 4.832624068132000161e+01 1.333389424486499877e+02 1.405593084979599894e+02 1.765200128921999934e+01
7.913521672729999956e+00 3.885484615419999788e+00 2.270461182601999894e+01 1.776971950695000046e+01 9.422240121999999607e-01
3.966828823300000195e+00 9.569119042000000519e-01 1.896106265300000038e+00 5.911394184239999738e+00 -2.252758229999999792e-02
1.968512120750000038e+00 3.960747581440000165e+00 1.900106308550000067e+00 9.200902940199999769e-01 -2.061269855999999998e-02
9.808319842299999536e-01 1.934538274549999937e+00 4.859145224149999720e+00 9.671647748499999642e-01 -3.268421441999999622e-02
2.784369099720000129e+00 8.023233419801999844e+01 1.544614158248400031e+02 8.690963348700000424e+00 4.361078765410999836e+01
-5.267091095999999750e-02 1.080584069959999916e+01 4.259679649899999987e+01 1.090419003290000077e+01 7.904698434260000184e+00
-2.580581997000000113e-02 2.911455361109999807e+00 2.781230684859999869e+01 9.520084396000000337e-01 5.951631050879999663e+00
1.973108064799999894e+00 8.882141598999999665e-01 1.078683125671999932e+01 5.951319764640000010e+00 1.944625373840000115e+00
-4.073455008000000099e-02 9.833167306720000056e+00 1.182393506927999915e+01 2.959984960769999951e+00 6.938827668430000095e+00
2.176395387430000028e+01 8.600335701683999901e+01 5.497365298439000014e+01 3.763409550250000013e+00 3.763115696063000115e+01
1.893127405250000006e+00 4.254152115130000311e+01 2.654739685079999845e+01 -1.098442619999999981e-01 1.484131196849999945e+01
2.943415865640000018e+00 2.075382676991999986e+01 1.474796131611000050e+01 9.429427940500000327e-01 1.091428927489999978e+01
-5.864695649999999982e-02 1.875142765036000014e+01 2.474659308760000087e+01 -5.917314383999999761e-02 6.909914647959999989e+00
9.109780208200000118e-01 3.961890342399999820e+00 8.903588109750000257e+00 2.872543824570000126e+00 3.973786138479999952e+00
7.227233715609999365e+01 1.466657885921999949e+01 5.921584016639999959e+01 1.150385198588000009e+02 3.793460169549999872e+00
9.017905585600000107e-01 4.954609060430000156e+00 1.689420728672000038e+01 1.876097646110000072e+00 2.973233557289999940e+00
3.928584297460000041e+00 3.966764823580000154e+00 2.920796580809999821e+00 9.086788674100000351e-01 1.979248030850000006e+00
2.181356550111999937e+01 2.915295871620000145e+00 3.843771611260000221e+00 2.475550808367999878e+01 1.948064489659999898e+00
3.926222077449999848e+00 1.680970029451999892e+01 2.775936980890000072e+01 2.910837001440000016e+00 4.937551003940000349e+00
2.269761581147000129e+01 9.412371193280000625e+01 7.387257675531000700e+01 2.589026645280000150e+00 2.971152996797999890e+01
1.284983189275000015e+01 3.862846638282000100e+01 5.048922518529000314e+01 1.381493478424999921e+01 1.486982490729000084e+01
1.940207274200000054e+00 1.685447831600000157e+01 1.479811464339000082e+01 4.928710603189999873e+00 2.949744773910000006e+00
9.101472670000000376e-01 1.976001974156000074e+01 3.369512200695999837e+01 1.089093436345999955e+01 6.922750785999999934e+00
1.781590007259000075e+01 9.842001047649999279e+00 2.169888595627000072e+01 1.279269092632000060e+01 4.937274636799999783e+00
1.060942477807999929e+01 4.366966304599999660e+01 7.033015739987000359e+01 8.567950353749999692e+00 1.786296746834999993e+01
1.784095677539999869e+01 6.863837729920000186e+00 3.734067322120000032e+00 1.083220671151999959e+01 -5.410183589999999904e-02
9.503129929600000469e-01 9.587636986599999966e-01 1.916561816570000021e+00 2.944338874410000084e+00 -1.743970175999999886e-02
2.976049257096000034e+01 1.180735845977999965e+01 4.061160078152000352e+01 2.075144690324999885e+01 5.921885803200000353e+00
4.948833082460000199e+00 9.858510358300000220e+00 2.573101389185000087e+01 4.922993915600000214e+00 1.391192027762000016e+01
6.817426344250000270e+00 5.652005032011000196e+01 5.306550311339999837e+01 2.071843768119000018e+01 2.270155075015999913e+01
6.894060087039999729e+00 1.773423352440000045e+01 3.445931790844999654e+01 9.841998163239999542e+00 9.828652996900000716e+00
2.939271215519999814e+00 5.844103378349999822e+00 2.369825174165999826e+01 6.912754519299999956e+00 5.900224511040000230e+00
5.975589351570000041e+00 9.369079708599999945e-01 7.876838361139999911e+00 3.962398458640000065e+00 9.595650065499999881e-01
1.486241230487999943e+01 6.875309575240000193e+00 2.773684989324999961e+01 1.086800212784000053e+01 3.937049112550000007e+00
1.264667531727999972e+01 4.467074392538999916e+01 6.728295617105000304e+01 4.650806084000000062e+00 1.883368877823999910e+01
2.580423692876000175e+01 1.280347565673999988e+01 2.659446649511999894e+01 1.279207288741000070e+01 2.901250194600000221e+00
8.883289296719999228e+00 7.887534861499999828e+00 1.377036017888000075e+01 9.885593152989999410e+00 9.488206157499999849e-01
1.578789904407999956e+01 1.879836530680000095e+01 4.357784215070000045e+01 1.478940824985000013e+01 8.903375183430000561e+00
1.183849375007999960e+01 1.088380272170000040e+01 2.080994912219999904e+01 3.850929172209999862e+00 6.939553458399999819e+00
1.711405411849999947e+00 2.679523141031999955e+01 3.563794193129999854e+01 5.742410581319999707e+00 1.489197976728000050e+01
1.383667488697999914e+01 5.875599576299999960e+00 3.796241909079999921e+00 7.840982918959999992e+00 9.359254902700000489e-01
3.937604261440000197e+00 9.518895704800000024e-01 9.105707236600000254e-01 1.937865361699999900e+00 9.762092907399999575e-01
2.079003545472000170e+01 1.884216413061999873e+01 2.071111428569999902e+01 1.079065950706999999e+01 1.091447635087999934e+01
4.923395848940000263e+00 2.936554979339999871e+00 1.775505442130999967e+01 1.488824221668000014e+01 2.944583493600000157e+00
3.743145030961999709e+01 4.545617994495999881e+01 2.252188265361500044e+02 7.125774164514000120e+01 3.459509724131000041e+01
1.284803020408000052e+01 1.087250851667000084e+01 3.652936381431999990e+01 2.178644017251999898e+01 7.889862942439999749e+00
3.954135271180000188e+00 -3.624124841999999680e-02 3.862371373150000231e+00 4.932562643239999822e+00 9.696289114899999673e-01
5.893295578260000056e+00 1.907977916899999959e+00 2.466600603046000018e+01 1.884926636695000113e+01 5.927016077520000259e+00
2.940440252880000216e+00 3.902998676799999789e+00 1.873052160382000153e+01 4.907971069160000255e+00 4.941293014400000239e+00
7.661888471600000194e+00 5.947570817015999722e+01 1.765074317045200019e+02 1.047735238591999973e+01 3.365709345142000330e+01
8.852561782289999570e+00 1.576681892206000057e+01 6.335937565588000098e+01 8.774736516540000864e+00 1.084848523616000016e+01
1.963462677949999957e+00 9.453836763999999837e-01 5.851582663200000312e+00 2.945306556299999823e+00 1.962665475139999893e+00
4.931558752729999995e+00 3.891524778940000040e+00 1.770744461310000162e+01 8.895818286000000796e+00 4.929923776639999922e+00
2.943097321799999833e+00 5.889131988719999988e+00 5.893698710399999818e+00 4.932663601639999840e+00 -4.420602054000000170e-02
4.372060986305000085e+01 3.446838296431999993e+01 1.750698271890000157e+01 1.566397322367999934e+01 1.778964665634000042e+01
1.382612843345000009e+01 2.168216394610000108e+01 1.268331291408999917e+01 1.280221460499999964e+01 6.877002092109999687e+00
-4.371733296000000074e-02 5.925375501899999620e+00 1.925716418749999992e+00 1.947781380079999902e+00 9.669787364799999896e-01
-6.173148671999999920e-02 6.876489256000000161e+00 1.389570882908000016e+01 1.193240964395999981e+01 1.955293637600000078e+00
2.927564622479999823e+00 2.972467743600000212e+00 1.873614368359999949e+00 6.893618433730000383e+00 -2.489461695000000016e-02
8.823539816720000317e+01 2.690423686199999942e+00 1.385232137056399893e+02 1.147252682736800011e+02 2.070021992502000074e+01
3.874234826640000051e+01 3.907113463840000023e+00 3.155517656383999991e+01 5.564880231680000122e+01 1.907495049980000079e+00
4.932940660519999909e+00 9.763758064899999978e-01 8.899239864700000391e-01 5.900505367200000073e+00 -2.335119192000000010e-02
4.858985491340000351e+00 2.946556718400000108e+00 1.575171527650000058e+01 1.379091026524999997e+01 9.504997141600000088e-01
