3.939430304380000081e+00 5.882359718040000018e+00 3.832749103179999839e+00 1.479750486324000036e+01 -4.245047351999999691e-02
1.268075037298000041e+01 5.036061207713999721e+01 6.592814359204000141e+01 4.388230392623999876e+01 1.175185693415999921e+01
4.783733232710000394e+00 2.861013991249999933e+01 3.839135578346999722e+01 7.628621684224999910e+01 2.848032331949999829e+00
1.955768184200000093e+00 3.916287938560000015e+00 7.862056600669999895e+00 1.484773321595999995e+01 1.966747110500000062e+00
8.962476098759999843e+00 -7.128516617999999805e-02 1.883700540199999995e+00 8.768901079900000006e-01 -2.649435803999999894e-02
3.898154901909999914e+00 1.081113152240000019e+01 5.750919649669000222e+01 1.083433065788000071e+01 1.787498037261000050e+01
3.753549476139999896e+00 2.755413330976000097e+01 6.579269091112000467e+01 1.256351638539999982e+01 2.869431515543000089e+01
-1.887949935899999876e-01 4.165614293424000181e+01 5.810978886224000206e+01 1.469775405254999967e+01 1.777402602828000155e+01
8.885780863200000823e+00 4.784778741020000226e+00 4.145453718720000325e+01 9.805450785039999673e+00 6.857284909299999676e+00
3.966370729419999908e+00 -6.264486539999999937e-02 -1.661058333000000053e-01 3.941400714429999841e+00 -4.081367250000000196e-02
1.186378444650000041e+01 3.937795826439999924e+00 -1.937971372500000011e-01 1.285434851674000001e+01 1.950302722160000002e+00
5.525404544530999829e+01 3.265553825628000340e+01 1.159512486411600065e+02 5.415400541439999671e+01 2.573913235903999919e+01
2.458626336592000072e+01 1.780706110554000077e+01 2.439740188348000061e+01 2.051016495213000113e+01 5.849656386000000374e+00
2.867989889449999907e+01 3.846241212969999879e+00 2.354764636239000097e+01 3.762754312213999697e+01 3.884484749799999914e+00
2.073941615064000032e+01 4.877866170949999969e+00 4.663644886640000209e+01 1.770535819079999840e+01 4.907813329759999732e+00
1.931724140960000113e+00 7.852461250760000233e+00 2.577869056879999832e+01 9.836441990109999978e+00 7.945278246800000055e+00
1.971211099555999979e+01 5.139379309048000266e+01 4.712593676952000266e+01 2.031985214327999856e+01 2.078005126755000020e+01
9.885088544049999371e+00 1.275125291634999947e+01 1.063380238579999926e+01 2.476931974900000100e+01 9.093442330000000018e-01
9.283265182000000060e-01 7.834880215340000120e+00 1.676550764707999974e+01 2.081207633880000074e+01 1.940102881400000090e+00
-2.679991353000000034e-02 2.939321949059999994e+00 1.091327258153000024e+01 1.931365670599999973e+00 2.977711412250000134e+00
1.381311633344000001e+01 1.903364830819999964e+00 1.677570164935999841e+01 1.179923495843999959e+01 2.939996340480000026e+00
3.744034822766000303e+01 3.569603618592000061e+01 7.832438065563999885e+01 1.441068250416000041e+01 1.882333791054999850e+01
1.877944520530000005e+01 5.880094974240000383e+00 1.074028316735000033e+01 9.762927173379999601e+00 2.929509613920000088e+00
7.910700130879999570e+00 9.391860278200000467e-01 1.867566107270000053e+00 8.874972053100000480e+00 -3.643990496999999912e-02
2.669205213612000094e+01 5.833023672659999548e+00 3.662345658952000349e+01 2.367539021174999903e+01 4.898495932160000343e+00
1.977778078652000104e+01 2.859368564639999999e+00 3.862695123670000008e+00 1.479943427999999983e+01 -4.648513859999999637e-02
3.148981532455999854e+01 3.570297025733999874e+01 4.869309361143999837e+01 1.453031480615999982e+01 6.892379771199999894e+00
-1.373343514200000004e-01 7.921508759540000000e+00 9.921995760699999778e+00 4.884428503399999677e+00 9.745286355100000186e-01
1.677579838280000146e+01 6.850506365980000290e+00 -1.417986404999999894e-01 2.078601460499999831e+01 3.949211610039999876e+00
1.872864807058000025e+01 1.482650613240000048e+01 4.828620979220000109e+00 7.766088451909999968e+00 1.943877388250000005e+00
1.382559190159999929e+01 4.917287317369999577e+00 9.224395410700000353e-01 1.482448632044999925e+01 -2.856436325999999956e-02
6.734272805150000352e+01 2.570178440600000158e+01 2.271303155975000010e+01 3.537013847175000336e+01 1.189072669161000029e+01
9.078400014399999884e-01 1.957364981750000066e+00 5.960576737050000240e+00 1.911678364639999961e+00 -1.560638582999999968e-02
2.887330529279999780e+00 -5.476850639999999992e-02 2.950551657840000175e+00 7.887943109600000113e+00 9.811440747999999878e-01
2.073421407792000082e+01 1.388162942690000001e+01 -1.139543704799999974e-01 1.874910736161999836e+01 4.958278580750000053e+00
1.965548093420000031e+00 -3.925689704999999613e-02 8.637086758599999969e-01 4.938604280959999926e+00 -3.202300898999999729e-02
3.037087457950000058e+01 8.218562237119999736e+01 2.604706971751999731e+02 6.975785246120000238e+01 5.040959475030000192e+01
6.871912690390000300e+00 8.851188355199999691e+00 3.848318954724000207e+01 2.774664354249999931e+01 8.877589905060000675e+00
7.896004436960000206e+00 1.886739455270000088e+00 2.260710050738000021e+01 1.480437139200000018e+01 6.905430580300000010e+00
3.931901444290000214e+00 2.923671265139999864e+00 1.272355746520000075e+01 1.689292585916000178e+01 1.933521679999999909e+00
1.677740999119999898e+01 1.179187380479999980e+01 2.833609492199999913e+00 1.976046313879999872e+01 9.350096014000000011e-01
3.865768462991999854e+01 2.365427512770000007e+01 3.474360906946999705e+01 2.263533228140000020e+01 6.899423194239999724e+00
8.913128426640000157e+00 -8.446385970000000465e-02 2.934688136700000172e+00 1.191028120374000032e+01 9.733212325000000220e-01
8.831289994020000478e+00 1.844830912249999955e+00 4.875574143919999770e+00 2.582518523623999940e+01 9.553638321999999850e-01
9.836591247999999510e+00 1.083999596636000007e+01 5.875248426719999806e+00 6.829143561249999550e+00 2.949931056900000126e+00
-5.203921301999999555e-02 8.881052083200000169e+00 1.284486270474999969e+01 3.923881546810000120e+00 2.961567199380000126e+00
2.970107127228000010e+01 6.232557249935999977e+01 5.508455479615999906e+01 1.648727412127999870e+01 1.176629427209999967e+01
2.937903303720000192e+00 5.847908428680000270e+00 8.799402621960000559e+00 7.906184168660000289e+00 1.951364550349999893e+00
1.939341236780000033e+00 7.854078257000000285e+00 1.680672241699999958e+01 9.909929134000000417e+00 1.954299799189999964e+00
9.541079223399999698e-01 3.897822062379999952e+00 8.863687602900000684e+00 1.933084877780000044e+00 2.963278435349999906e+00
-4.877305811999999713e-02 1.587301080495999983e+01 1.684513417057999973e+01 2.877804968159999977e+00 2.930519374500000218e+00
2.257446495776000006e+01 8.200779629311999486e+01 7.379069295863999400e+01 5.712113464563999798e+01 4.451584864032000155e+01
3.908521070499999972e+00 1.271936069482000065e+01 1.272311343940000050e+01 1.677344571512000115e+01 7.880506297100000168e+00
1.092929486509999926e+01 7.805732691770000287e+00 1.076256487819999919e+01 1.481901997631999990e+01 2.906444719740000071e+00
4.972007051240000308e+00 1.922977937540000015e+00 3.913132304109999904e+00 2.934815919060000056e+00 -3.492198359999999779e-02
1.181199215468999952e+01 1.909955464670000103e+00 1.680578024848999874e+01 2.477156452090000016e+01 1.963362212839999899e+00
3.334466156119000146e+01 4.067818951099999936e+01 8.530159940564000465e+01 5.225254025497999777e+01 1.287343569775000063e+01
3.838633360060000221e+00 4.918570286899999644e+00 -1.621199285999999906e-01 5.803603157220000419e+00 -3.224286324000000259e-02
6.895255318180000259e+00 1.935682962500000048e+00 -1.217654100000000045e-01 7.846368469639999788e+00 -2.495947365000000112e-02
3.173722633670000093e+01 2.867594412719999930e+00 1.872295044634000050e+01 3.267234134907000254e+01 1.950052185919999959e+00
1.937060062940000105e+00 1.910580435560000012e+00 1.177745925135000071e+01 4.927529031079999733e+00 3.951131689119999901e+00
4.651338889550000033e+01 7.231111068727000202e+01 1.393016478300600056e+02 1.542139247805999958e+01 3.561685773984000036e+01
1.681452403405999974e+01 2.176840137856000013e+01 5.332713252533999793e+01 1.078012327006999982e+01 1.385733409816999995e+01
1.484733820974000018e+01 1.280337648196000089e+01 3.852179247539999807e+01 1.281250966450000028e+01 1.289152583032000088e+01
3.866890344519999800e+00 1.078358192389999992e+01 2.953351229412000123e+01 1.184281441725000050e+01 6.898034952249999741e+00
-5.081539859999999881e-02 8.829155733929999528e+00 1.484604657645000003e+01 2.950143398399999839e+00 2.940272730299999804e+00
4.571099150751999929e+01 7.503784403449000706e+01 3.815004084995999989e+01 4.733073920299999848e+00 1.468376283507000046e+01
2.873126391960000081e+00 3.057751236568000053e+01 1.664292207697999970e+01 8.786326018600000287e-01 1.586207204169999940e+01
5.871836656500000196e+00 2.757184988491000155e+01 1.863420024564999977e+01 1.880562158750000101e+00 1.086359677597999962e+01
-8.039685618000000367e-02 1.573796459176000084e+01 1.976441424104000077e+01 7.921048692500000321e+00 9.909203195799999975e+00
5.896939812000000281e+00 2.882845918920000194e+00 2.078491038708000005e+01 1.089603714260000089e+01 9.688999139199999666e-01
2.151329139985000083e+01 8.443404712912000321e+01 9.697664678569999808e+01 2.439817695789999874e+01 1.184445569352000049e+01
1.880129394684999866e+01 2.178744028599999893e+01 1.360350127399999920e+01 1.680085099700000129e+01 9.436856814999999843e-01
3.375507036049000220e+01 9.726107312799999960e+00 2.948141601012000024e+01 3.269235088112999676e+01 9.241847030800000029e-01
1.782065945520000128e+01 9.808977802059999362e+00 2.961381234719999966e+01 2.177832613360000025e+01 9.469654055199999698e-01
3.893710196199999807e+00 1.482577226997000075e+01 1.086052276927999927e+01 -7.237977912000000125e-02 5.945160421769999815e+00
3.474176248816999646e+01 1.055475342065000000e+01 2.971565521212000149e+01 4.282004999824000180e+01 1.854664771519999977e+00
7.876595874679999554e+00 7.802798597989999863e+00 6.864107377299999868e+00 7.921650702320000015e+00 5.934409812600000222e+00
9.077223894399999438e-01 7.841441667319999809e+00 1.903974706550000118e+00 2.935897633559999775e+00 3.946767383200000090e+00
4.855936222849999595e+00 1.775930398019999856e+01 1.182599463036000031e+01 1.902052058150000002e+00 4.919654261299999831e+00
3.892057849660000013e+00 4.918435170799999590e+00 2.082854169803999866e+01 1.584971803024000003e+01 -2.168098002000000066e-02
5.441287356955000121e+01 5.258833214479999896e+01 9.304297895739999547e+01 7.824620583034000276e+01 3.872057562939999809e+00
1.078901288804000025e+01 6.836122212640000306e+00 1.565742750351999923e+01 2.470808338072000154e+01 -4.476489300000000005e-02
8.788708972800000296e+00 3.840038271040000062e+00 1.567453854939999935e+01 2.874820843603999876e+01 9.570130011099999834e-01
9.821855161000000223e+00 4.871870065759999591e+00 1.873041212584000093e+01 3.476591655451999685e+01 -3.371310071999999991e-02
3.879555442960000100e+00 1.781291544533999982e+01 1.281828829360000022e+01 1.181996150249999999e+01 4.922929754690000159e+00
3.069456874617999986e+01 3.455552505499999683e+01 1.065288881000000032e+01 3.054623290023999971e+01 8.804058928019999897e+00
1.192815747120000047e+01 1.887505717700000085e+00 7.896954737059999729e+00 1.088938927064000062e+01 -4.668073739999999833e-02
4.912228866559999574e+00 8.659136303200000162e-01 9.885587313700000323e+00 1.686128727806000072e+01 9.429343635700000448e-01
9.331219328500000021e-01 9.891353599209999459e+00 1.490395121655000032e+01 3.890381731240000196e+00 3.955881563949999791e+00
5.920594563569999913e+00 1.482126304047000076e+01 2.580556142617999882e+01 1.285936610385999934e+01 6.907238317240000036e+00
2.765429599329999988e+01 5.827820758250000210e+01 3.614078430280000021e+01 6.140092523524999990e+01 3.561117407594999662e+01
8.919236153070000839e+00 6.828237374560000461e+00 -2.074644081900000048e-01 1.484444525099999979e+01 7.906762837519999643e+00
6.925492044700000349e+00 8.501667346000000292e-01 1.181384212260000055e+01 1.487221232235000024e+01 2.922047487299999968e+00
1.959395008610000044e+00 6.919829772099999943e+00 1.589838590013999919e+01 9.266360846500000248e-01 2.956810521359999999e+00
9.511877314000000139e-01 9.839569699000000114e+00 9.832346525620000222e+00 2.946460299239999969e+00 -4.106797200000000120e-02
3.767925078919999748e+01 1.039894191281399998e+02 7.297308215552000377e+01 5.665424229330000117e+00 2.472785540701000073e+01
6.874326193119999928e+00 2.858347529813000065e+01 4.457466709325999688e+01 -1.352613143699999965e-01 8.892306244260000270e+00
5.895652922880000091e+00 3.871328988575999830e+01 2.167856666887000117e+01 3.896250430719999880e+00 6.914897188000000305e+00
9.036175702600000026e-01 2.368281235271999918e+01 3.467370786848000108e+01 9.895445675470000424e+00 9.916866277749999625e+00
3.908830491309999822e+00 5.926155598320000273e+00 1.955152969760000081e+00 8.905777686360000445e+00 2.972270712719999874e+00
3.668199671835999709e+01 3.366649445560000231e+01 1.177235122367999942e+01 2.958656512007999950e+01 9.876262339360000198e+00
3.920399423230000124e+00 -6.832000485000000456e-02 1.958615112259999957e+00 1.091934059203999929e+01 -2.381995836000000075e-02
3.937629170560000169e+00 -5.165725832999999712e-02 -3.352501386000000111e-02 6.935419749760000308e+00 9.803680672600000312e-01
2.891526601439999844e+00 9.907559325099999370e+00 2.945035353719999804e+00 6.893375556039999630e+00 2.966736567539999925e+00
6.937935600040000317e+00 -6.655219038000000087e-02 8.885209226760000689e+00 7.919883479150000127e+00 -1.391439059999999978e-02
2.370884018721000075e+01 4.275750434326000260e+01 7.146876027689999944e+01 1.564865359000000034e+01 8.933947224029999745e+00
1.488658088238000055e+01 7.876599502670000419e+00 6.806887462599999772e+00 9.869689182880000189e+00 -2.325696299999999855e-02
8.914778292150000283e+00 -9.474734267999999904e-02 6.849649326849999831e+00 6.893811531249999902e+00 -1.763538966000000041e-02
1.286423925663999945e+01 1.785865864176000173e+01 1.976680913726000099e+01 2.084325426183000118e+01 -2.741788763999999934e-02
2.182659359133999999e+01 2.678954828994000081e+01 1.376946891481999913e+01 4.871103987199999708e+00 4.941091359229999647e+00
2.459056226271999890e+01 5.148227313430000152e+01 2.244917245999999977e+01 5.714740440239999941e+00 1.985393050328000086e+01
2.175811809402999941e+01 2.367418200359999858e+01 2.064987132374999845e+01 6.816589675000000348e+00 9.906867683919999834e+00
9.866230340319999570e+00 8.826559740629999595e+00 1.282084471840000006e+01 1.903372149169999972e+00 1.948740219200000068e+00
1.769380341524999878e+01 3.367015636840000070e+01 2.763761363181999897e+01 9.809927113149999656e+00 7.902223388540000393e+00
6.914943767049999579e+00 7.813724053759999677e+00 1.671097164632000087e+01 1.973958358979000138e+01 1.955112537800000050e+00
1.163251797690000089e+01 9.024446904616000609e+01 1.167711975999999936e+02 1.019409935972799985e+02 2.181348145471000066e+01
8.746283529899999465e+00 3.243816453326999749e+01 1.092141726140000060e+02 9.221327223960000197e+01 8.862457737779999789e+00
1.928184622400000103e+00 1.827345149030000115e+00 1.475724135651000068e+01 1.578123385459000083e+01 -3.783364848000000252e-02
9.249292081000000110e-01 9.828527079160000568e+00 1.777343408460000163e+01 1.777520299392000069e+01 9.617498511400000005e-01
7.872950866580000095e+00 -4.756616783999999959e-02 1.887685832539999886e+00 4.865178428960000190e+00 9.705001466799999532e-01
7.524691628700999502e+01 3.872883650736000050e+01 5.738683729000000255e+01 2.821857867595999991e+01 1.883749047435999913e+01
4.840920978259999785e+00 5.944612861769999590e+00 8.744446337500000332e-01 8.342061495399999416e-01 -3.488999993999999938e-02
9.242124309999999454e-01 -2.784160349999999923e-02 9.360180028000000263e-01 7.918448535799999632e+00 -1.832376330000000039e-02
2.871796394540000108e+01 -9.804272399999999776e-02 1.277205759705999988e+01 2.570463484784000130e+01 3.938775299500000049e+00
1.181412850457999930e+01 3.891088099840000147e+00 1.666939441759999951e+01 1.772777105280000143e+01 3.929216697669999814e+00
4.238828047266999732e+01 3.763751173867999711e+01 1.189355687510699937e+02 6.413101987106000479e+01 1.478724775224000076e+01
6.949586746635999646e+01 2.567609202571999916e+01 9.101119462706000718e+01 6.819407409263999398e+01 1.279847676928000055e+01
3.894396872889999806e+00 9.371729469699999759e-01 3.815223874059999964e+00 1.184257050923999977e+01 -3.862158165000000032e-02
2.074387878974999921e+01 1.085633403733999991e+01 3.458440447747999968e+01 3.664781672715999861e+01 7.913175585650000343e+00
1.905618505969999932e+00 7.861885467919999648e+00 4.884099692000000381e+00 1.783207446605999991e+01 -4.151499479999999631e-02
3.577808754891000120e+01 1.368378695120000010e+01 1.274822381685999950e+01 1.618458283639999884e+00 6.908348901760000160e+00
1.371257220308000058e+01 2.861120595187999882e+01 1.063969840901000019e+01 3.549860100899999793e+01 2.878100835240000155e+00
2.953609432139999935e+00 2.932917274199999813e+00 2.941902445439999791e+00 7.917315932240000187e+00 9.809027879499999658e-01
-5.088350015999999754e-02 3.926013204369999787e+00 2.937974950650000139e+00 4.914423171140000157e+00 9.792668633500000164e-01
9.313135835500000459e-01 3.871837253469999851e+00 6.829851788800000101e+00 3.466174507325000320e+01 9.650341079199999950e-01
6.830662323400000346e+00 3.170482014830000139e+01 2.756893039786000088e+01 4.721695200479999954e+01 6.914310540639999836e+00
5.811990446400000287e+00 2.065936536291000181e+01 2.553973918208000171e+01 7.909603191296000091e+01 9.024119759800000029e-01
9.588708648999999529e-01 9.240419908000000460e-01 5.900105356800000145e+00 1.579673128083999956e+01 9.782825918499999940e-01
1.975833656480000089e+00 -4.422882932999999683e-02 1.944208930160000071e+00 8.879204012500000465e-01 -1.153650600000000019e-02
8.857015845119999398e+00 7.952007150080000031e+00 2.891072018100000030e+00 6.778606933059999839e+00 9.325329624100000547e-01
4.060719128974999848e+01 5.860417276499999772e+00 3.268938815466000136e+01 4.432531452407999950e+01 2.079551335512000065e+01
6.808117706800000057e+00 3.940249410399999874e+00 1.486137857639999993e+01 -2.792797055999999833e-01 4.912717346780000049e+00
4.934539065920000134e+00 -2.224001934000000014e-02 4.950804494479999818e+00 9.895518210969999728e+00 2.967583021589999870e+00
1.384545232562000017e+01 9.499612488399999943e-01 2.880658792559999792e+00 1.075737536695999985e+01 4.929240169039999842e+00
6.900763841439999879e+00 9.300521746000000034e-01 3.924341359510000071e+00 2.383603522511999984e+01 1.972393751720000088e+00
2.763619599088000101e+01 1.678341287446999885e+01 2.767659440430000117e+00 2.350913180360999988e+01 3.912918092319999985e+00
3.374901163825000339e+01 3.834038510320000093e+00 2.081684230508999889e+01 3.164637296533999944e+01 2.931412718639999859e+00
2.841272403240000077e+00 5.895196496789999685e+00 -1.120458614399999914e-01 2.776539359665000006e+01 9.578069744499999594e-01
9.244273369600000123e-01 7.946458513999999695e+00 5.943385369949999664e+00 3.877778842420000149e+00 9.790746479199999852e-01
1.087158475054999940e+01 1.285661918649999969e+01 1.833206743999999944e+00 6.840186773200000125e+00 -5.141411495999999998e-02
7.859275560440000419e+00 6.846509881060000247e+00 2.281676504809999884e+01 1.182583297703999925e+01 8.946365908320000671e+00
2.376121839900000055e+01 9.729160039179999941e+00 3.686773000000000078e+00 1.471411466664000045e+01 -9.784462148999999165e-02
2.883404140950000194e+00 1.086942545335999988e+01 7.845490957760000050e+00 2.858146057559999953e+00 2.952785561699999839e+00
1.927752058909999899e+00 5.917838833410000277e+00 6.902765979999999857e+00 8.907029191439999494e+00 9.706065450399999905e-01
7.841429995220000393e+00 5.952894210240000206e+00 5.879432766839999935e+00 2.789250515310000011e+00 1.965426691430000039e+00
4.649985424828999925e+01 4.844148729439999634e+00 3.960582135375999968e+01 6.130091984074999800e+01 8.885337350129999479e+00
2.964389346785999990e+01 1.288802693973999958e+01 2.769739031800000006e+01 1.348904337349999949e+01 4.916626959200000258e+00
2.887920869429999815e+00 1.965530214289999966e+00 6.908767273239999618e+00 5.844603132149999603e+00 2.975232111600000007e+00
2.778711789465999971e+01 -6.667184924999999818e-02 7.831525728319999935e+00 2.271413823034999879e+01 9.529268143600000407e-01
1.282493158635999997e+01 1.954287244999999951e+00 6.876448840240000138e+00 8.696259503729999452e+00 2.932503412800000042e+00
3.861697379259000229e+01 4.888207532480000062e+00 2.269971825152000022e+01 5.526023522311999869e+01 1.183491973199999947e+01
1.977288602942000040e+01 3.940787133759999783e+00 1.884307383108999900e+01 7.601457481999999821e+00 7.914323934799999627e+00
1.288976867787999936e+01 9.702239220999999691e-01 6.918492842800000098e+00 8.801815929480000023e+00 2.953977850919999870e+00
6.877145770720000328e+00 -3.200436360000000202e-02 2.908141018499999841e+00 1.878102381916000141e+01 -4.872114441000000018e-02
5.887455359999999693e+00 -5.844264048000000211e-02 6.839984645800000429e+00 3.460160798081000166e+01 4.903473737749999728e+00
5.770998253140000145e+00 4.887385019599999936e+00 2.268181971149000020e+01 7.119362400804000401e+01 1.580178340149999983e+01
2.771553891231999955e+01 1.859429369719999947e+00 1.667087557145000076e+01 8.700772930693000262e+01 2.376429641762999978e+01
9.335742854499999854e-01 1.968953267809999907e+00 1.190867961828000077e+01 1.677409216721000007e+01 3.945218274400000169e+00
9.568943434000000137e-01 9.790726310199999727e-01 -5.820243659999999736e-02 6.843161190400000038e+00 -3.597026939999999756e-02
-8.923998824999999913e-02 1.582918000315000029e+01 3.163303352327000084e+01 2.863633042496000058e+01 4.905800751920000202e+00
5.951030737199999976e+00 5.908579210680000138e+00 1.079368992847999920e+01 1.798706057600000019e+00 1.948099633130000008e+00
-2.133719309699999844e-01 3.258878045712000215e+01 4.016624105489000129e+01 6.814699091807999309e+01 7.781722384220000066e+00
1.947163598750000002e+00 5.900438279760000349e+00 1.078709060737999970e+01 1.678167366353000034e+01 9.440721487000000023e-01
9.749186966799999743e-01 9.537939558100000381e-01 1.907117382620000079e+00 3.902901209499999968e+00 -2.395225727999999998e-02
1.084056350096000010e+01 1.287711637501000084e+01 2.570172403669999994e+01 3.060306364719999905e+01 1.486144047416999925e+01
1.880261458399999919e+00 7.909441789399999756e+00 1.578098563900000073e+01 1.270555787686000038e+01 1.900405538750000067e+00
3.165325253914999948e+01 2.074370109599999878e+01 6.235519407380999724e+01 4.216427468106999754e+01 2.669772481560000088e+01
5.968314036869999839e+00 -2.583472481999999834e-02 1.937255516750000073e+00 1.922660422399999902e+00 -2.777857740000000061e-02
9.290902428999999740e-01 2.946439452269999926e+00 8.860537877400000539e+00 1.682427293323999962e+01 2.936648681759999935e+00
2.927436523409999936e+00 8.877570243930000160e+00 2.842194444059999991e+00 2.767311294130000121e+01 2.943714201600000191e+00
5.951578916039999889e+00 6.916256759230000384e+00 2.898177437729999806e+00 7.925232951999999775e-01 2.963745365519999897e+00
6.757180318149999643e+00 3.661710878800000302e+01 3.249259786409999862e+01 5.391890846452000119e+01 4.813496673799999570e+00
3.964537072480000202e+00 -5.934674465999999898e-02 8.922995521020000709e+00 5.842989399929999550e+00 1.970310201680000040e+00
9.778130891199999786e-01 -3.658920336000000273e-02 1.953102563300000094e+00 5.899246489500000301e+00 -1.827370124999999970e-02
2.932201092450000157e+00 1.914853149919999886e+00 1.931631766129999983e+00 1.579001007093999931e+01 -2.225776643999999999e-02
7.897714997389999603e+00 1.086218167520000044e+01 4.894090219039999745e+00 8.662448500740000057e+00 9.671491337500000007e-01
1.178702896799999955e+01 1.271265775852000068e+01 3.791384473269999944e+00 5.533734528478999692e+01 9.271390938400000392e-01
3.927669505329999922e+00 8.908016881949999188e+00 3.931485421000000091e+00 9.774500600799999717e+00 9.769475619999999916e-01
9.746041550499999762e-01 9.676812948399999836e-01 5.974139366520000216e+00 5.931812587289999605e+00 9.924545705499999704e-01
4.884505728799999780e+00 1.584493786059999998e+01 1.276516391710000065e+01 1.076822415298999935e+01 1.921464589429999981e+00
5.956001480400000325e+00 -6.208141562999999752e-02 9.034182114400000074e-01 2.906874243299999883e+00 9.686290191399999916e-01
1.174758693573000023e+01 3.865274441076000045e+01 4.447156948002000121e+01 2.748855630591999955e+01 5.823113085330000160e+00
6.945834838299999703e+00 -7.458239429999999337e-02 1.288766493778000033e+01 5.888880148380000179e+00 -3.691858661999999902e-02
-5.021698032000000006e-02 2.930353757039999785e+00 6.890792519499999713e+00 8.897128485299999667e+00 -3.541812479999999902e-02
-9.122303592000000072e-02 1.284478507677999914e+01 1.574548280115999965e+01 5.249101487299999746e+01 9.200427405400000147e-01
2.964116999999999891e+00 9.406272130299999645e-01 3.895657296069999997e+00 8.002355028400000014e-01 -3.124998143999999783e-02
7.820244267400000560e-01 2.966286726020999964e+01 4.739886249978000166e+01 1.198419008354500050e+02 8.813679782399999496e+00
1.944944913979999912e+00 1.908471828980000007e+00 1.384423614463999996e+01 1.570649236737999921e+01 3.951804206199999836e+00
9.686447007399999753e-01 2.950411496250000098e+00 2.912698734600000172e+00 1.583825291277999980e+01 -2.737517147999999831e-02
6.882245310400000093e+00 -2.791719351000000043e-02 5.934629837760000193e+00 1.813108000159999955e+00 1.974684408229999910e+00
3.560118161220000133e+01 -9.515082960000000034e-02 9.790312656159999349e+00 3.841795662897000341e+01 2.915331548879999790e+00
2.672814795065999860e+01 1.093394676800000020e+01 7.851288465529999705e+00 1.058295696050000068e+01 6.940337425000000060e+00
1.483158486479999993e+01 -4.226616611999999690e-02 4.905660028999999867e+00 2.774051346087999903e+01 9.629684953299999517e-01
8.880821532900000648e+00 1.970486680430000082e+00 -6.732816551999999677e-02 5.814174721559999703e+00 9.746850262599999759e-01
8.899023838319999768e+00 1.958199149719999976e+00 2.912867898240000031e+00 1.862937396918999866e+01 5.888692106879999777e+00
1.181961294815999963e+01 1.925124925160000000e+00 5.844597976500000236e+00 6.233881397759999743e+01 1.881225708706000077e+01
3.379796021688999730e+01 9.202251355299999602e-01 1.483321675722000066e+01 4.828928636236000216e+01 1.379521779745999943e+01
5.909873943840000088e+00 -3.799804608000000028e-02 6.927595999450000264e+00 3.368039353072000353e+01 2.904475899719999976e+00
9.618725953000000217e-01 9.835896899799999593e-01 -3.258680138999999615e-02 5.858944905479999576e+00 -4.000587407999999651e-02
7.846341600319999721e+00 -4.035565800000000258e-02 6.883336314790000188e+00 2.668013497872000173e+01 2.920116040679999969e+00
1.969306313762000116e+01 9.247137642999999629e-01 1.477657807017000025e+01 7.031140160767999703e+01 1.584638786104000019e+01
8.782835602049999579e+00 5.944569143639999886e+00 1.483762850321999949e+01 2.050835614356000036e+01 6.883854767439999911e+00
5.866558299600000304e+00 -3.389415516000000156e-02 9.902526178689999625e+00 1.170753262608000078e+01 6.933206470120000020e+00
3.922595408559999886e+00 -1.945111319999999824e-02 9.437349189699999474e-01 7.829177296130000130e+00 -4.034964213000000188e-02
1.183320419250000022e+01 3.946483659640000141e+00 3.877856066200000118e+00 1.076041361701999932e+01 3.910892581210000163e+00
1.962248280104000031e+01 3.886003334559999800e+00 1.073192810077999937e+01 4.955748237248000265e+01 1.380010852400000054e+01
2.274779453792000083e+01 1.191676037430000079e+01 2.280206148259999921e+01 6.635453369920000455e+00 7.857935778319999898e+00
2.928577116000000036e+00 9.754179377499999637e-01 2.946579030660000154e+00 5.899166502809999990e+00 1.960727214799999896e+00
1.084433584267999962e+01 1.949055015979999972e+00 8.840104786000000381e-01 2.177600327068000041e+01 3.911859742269999884e+00
6.883430657109999906e+00 2.964207583919999944e+00 3.937672407550000031e+00 2.887706668979999947e+00 -3.550993505999999744e-02
2.558773251071000132e+01 2.869091117760000031e+00 1.377966759080000081e+01 2.060565930191999939e+01 1.086725196739999966e+01
7.783529828749999879e+00 8.936432929349999554e+00 1.588844933530000070e+01 7.957773908199999857e-01 4.936710307370000272e+00
3.883114511680000103e+00 -3.747960395999999639e-02 9.937640421459999374e+00 1.588663248099999947e+01 2.965028187630000200e+00
9.821671740550000251e+00 5.944030077299999881e+00 4.904489971850000352e+00 8.830682800199999960e+00 2.945521888320000059e+00
1.915081347170000114e+00 9.223083121599999767e-01 -8.330738625000000397e-02 3.943955192799999843e+00 -3.127549644000000156e-02
1.281295259680000065e+01 1.583533060126000080e+01 1.781165960594999831e+01 7.873965960199999614e+00 6.932058249759999846e+00
6.853667919100000283e+00 7.864792242020000046e+00 1.844695385480000116e+00 1.590055928565999999e+01 9.444363975999999772e-01
7.889806674979999990e+00 3.900146673280000087e+00 8.888823388440000528e+00 9.235931835699999759e-01 2.957436618150000029e+00
3.899716853260000171e+00 6.908455970800000401e+00 5.903758809150000175e+00 9.338133650500000105e-01 1.962060135410000017e+00
4.881551133920000396e+00 4.884063664820000206e+00 1.579465653711999984e+01 3.555605134439999659e+01 8.896609198349999303e+00
5.933993014950000422e+00 4.940801195359999731e+00 8.870647723300000287e-01 5.758898315999999795e+00 -5.590117799999999582e-02
1.273844573499999910e+01 1.874992456657000162e+01 3.658538426076999883e+01 6.202485791523000103e+01 2.477161709800000011e+01
1.948826773369999987e+00 1.952682563720000042e+00 5.912815398090000230e+00 4.812818071999999781e+00 -4.321180061999999739e-02
9.597716108199999541e-01 9.610999695099999851e-01 1.923069987559999916e+00 1.484495833092000083e+01 3.962163762759999930e+00
9.889411450060000774e+00 2.953029719999999969e+00 1.921503580400000022e+00 2.867768773300999996e+01 8.830069987599999948e-01
1.180710801182999958e+01 9.200701938699999971e-01 3.869124053979999811e+00 4.144652840615999878e+01 1.780159847039999832e+01
1.982034418375999962e+01 2.923262582880000071e+00 8.877905009639999179e+00 2.944324294167000033e+01 1.681485799057999841e+01
7.893103493239999935e+00 9.582563089900000275e-01 6.929909551419999758e+00 2.369705894862000051e+01 9.893091129400000128e+00
2.953214278499999956e+00 9.806956863400000390e-01 -3.407216400000000200e-02 9.862701035860000687e+00 -4.888705589999999684e-02
6.883993789359999838e+00 1.953709957999999913e+00 4.931079538099999660e+00 4.754010207380000352e+00 6.900937713610000301e+00
2.277802393232000000e+01 2.913421748699999814e+00 2.868709585079999957e+00 4.153973952146999693e+01 1.181509495769999951e+01
1.084699608194000042e+01 6.938960071840000410e+00 4.908712382780000105e+00 1.468266287856000041e+01 5.872998215940000044e+00
4.902516046399999716e+00 -3.966037019999999608e-02 2.939893770179999866e+00 1.477694648976000025e+01 5.912259134640000191e+00
9.371056740400000029e-01 9.748444132000000373e-01 1.964342422999999949e+00 7.863998353730000446e+00 -5.694522750000000078e-02
9.444441322900000158e-01 9.444341587600000310e-01 -5.166262943999999635e-02 5.937746243100000321e+00 -2.014206831000000045e-02
6.905308945839999879e+00 2.906429353230000068e+00 5.918302699349999862e+00 3.900011623600000199e+00 4.967855911400000046e+00
1.180427217753000058e+01 1.080419756923999941e+01 4.824937757749999889e+00 1.478865237728999915e+01 -6.822118080000000306e-02
4.938636940160000321e+00 9.410736032199999990e-01 1.949066733440000032e+00 9.342030924999999986e-01 -2.162033207999999873e-02
9.440817796000000595e-01 2.944001554769999807e+00 3.952472167839999884e+00 2.939195833679999925e+00 -2.049000785999999935e-02
8.903726685360000559e+00 1.959812503670000039e+00 1.950094814599999893e+00 1.875260077759999922e+00 3.951921497439999875e+00
2.868435548048000072e+01 2.863528381200000084e+00 9.831199606120000212e+00 2.557277366479999969e+01 4.848819433250000088e+00
9.861162885549999757e+00 6.942841580499999665e+00 5.930058427799999698e+00 1.820490906349999882e+00 1.937634837320000081e+00
7.900348339789999841e+00 9.608592318399999943e-01 9.520674399999999871e-01 1.087055266313000068e+01 1.955224641800000107e+00
3.888186745450000092e+00 9.549082760499999489e-01 -5.712788735999999729e-02 1.085072765878999945e+01 9.497294430399999543e-01
9.824867330680000066e+00 1.090449061904000061e+01 2.976865197581999922e+01 1.276713097536999975e+01 1.087697003150000086e+01
4.856122481539999924e+00 3.921042126640000181e+00 1.977562548019999866e+01 2.479782753807999995e+01 3.903965006800000026e+00
2.663401215960000101e+01 1.880446750336000150e+01 4.646791223443999996e+01 1.848283068969999832e+01 2.175011045671000076e+01
1.941250740499999905e+00 1.967970670579999970e+00 9.110923847199999814e-01 9.200032967800000350e-01 1.960046743519999968e+00
6.867881795859999805e+00 4.928313588169999981e+00 1.380824611447999928e+01 1.680968654719999833e+01 7.909853467039999586e+00
-7.690352220000000460e-02 6.871436314000000323e+00 1.269749279920000085e+01 1.878373379646999908e+01 2.924732402400000097e+00
5.966559007439999895e+00 2.940666510179999804e+00 3.881561508399999916e+00 1.898097179689999914e+00 2.966786190570000148e+00
8.236084335400000178e-01 1.870204198276000085e+01 3.935545651623999674e+01 3.552722924183999709e+01 7.820423265679999680e+00
-6.353409960000000467e-02 5.889110501040000223e+00 2.077060291076999832e+01 2.804206864799999810e+00 2.933290057259999806e+00
9.730158560199999584e-01 -4.807743335999999784e-02 2.911849553280000169e+00 1.291538933184999927e+01 1.971703238059999919e+00
9.384670053999999428e-01 3.922603294720000022e+00 4.839113976800000216e+00 2.569015153348999903e+01 4.911764802169999555e+00
-5.206881042000000015e-02 5.934944164740000083e+00 8.851630192380000040e+00 6.737238154599999973e+00 9.233691675399999799e-01
2.826418425600000006e+00 1.078215965138000065e+01 3.749741193466999789e+01 8.114213406250000560e+01 1.674413490931999959e+01
-4.694371199999999855e-02 9.388252360000000074e-01 1.186674993749999985e+01 1.875386598040000052e+01 -6.814623960000000535e-02
4.985599515439999685e+00 -1.820489579999999899e-02 -3.926480831999999699e-02 9.285101532999999741e-01 9.785115100000000288e-01
3.957614708799999992e+00 6.934989225849999883e+00 -5.209530227999999846e-02 6.874737540279999948e+00 1.977538223720000099e+00
5.910981247859999677e+00 1.285931452630000038e+01 6.888950101599999876e+00 6.727370386299999616e+00 -4.821310512000000215e-02
1.186017128031000034e+01 1.378017679324999989e+01 -1.748133300599999940e-01 3.161275341961999885e+01 2.924961658319999991e+00
6.940939655140000220e+00 2.901816841440000072e+00 9.216241569999999994e-01 9.825509376370000325e+00 -3.280317750000000254e-02
9.765524934100000554e-01 4.961608230739999570e+00 1.969722297199999916e+00 8.927163316079999689e+00 -1.291963364999999982e-02
3.939997946710000143e+00 3.902249026659999842e+00 9.776983338280000879e+00 1.479011746559999985e+01 9.430248397599999555e-01
1.963432601839999903e+00 4.938370077560000126e+00 1.386049366111999959e+01 4.869520225789999657e+00 5.965663210619999823e+00
4.855045323289999715e+00 1.675524244904000071e+01 3.052655061357999955e+01 4.749745413971999852e+01 4.867413584270000371e+00
9.256747936600000504e-01 1.186670589779999929e+01 1.576673143720000070e+01 2.169368125509999956e+01 3.925111703529999829e+00
1.981506421820000030e+00 9.691388930800000079e-01 9.252530039799999884e-01 3.934712347600000104e+00 9.825067005399999998e-01
7.906419047600000027e+00 1.963945292960000089e+00 3.955719444070000090e+00 8.830879302150000498e+00 1.977723292519999898e+00
1.273596012850000037e+01 7.900332896330000132e+00 8.700090421599999679e-01 4.151869419137999984e+01 3.938251454680000041e+00
2.179102487943999833e+01 1.923442589179999995e+00 1.289656274484999976e+01 2.363316621585000021e+01 6.953094822939999808e+00
9.796338174880000693e+00 -7.592521877999999780e-02 7.904681390240000383e+00 2.966038141557000074e+01 9.540375511599999969e-01
3.931922918200000172e+00 2.975055670110000161e+00 -3.197857725000000095e-02 2.884940859989999939e+00 -1.436617215000000024e-02
9.201199465000000632e-01 2.880701405039999941e+00 4.874151257420000327e+00 1.679410276927999845e+01 -3.942467315999999972e-02
1.395071938615999940e+01 1.926414031249999992e+00 4.924251359600000377e+00 8.661703476700000071e-01 2.975585960100000094e+00
9.763736598279999512e+00 3.666370734441999701e+01 1.364385343604000056e+01 3.039181376799999867e+01 1.880814639800000077e+00
3.950744458900000033e+00 4.927472778200000292e+00 6.923349618999999677e+00 -1.384420571999999960e-01 -2.487892319999999990e-02
-3.175871166000000106e-02 2.952960971250000011e+00 1.951779865700000061e+00 5.917714827270000200e+00 2.984815476750000141e+00
1.686607692875000097e+01 -3.958597007999999778e-02 2.911210951710000217e+00 1.970457405248000171e+01 -3.431222207999999607e-02
6.782070679360000298e+00 3.934669488880000010e+00 1.384670746922000006e+01 3.555164355120000153e+01 1.943343882560000013e+00
3.069474070593999926e+01 -8.593625339999999557e-02 1.079706175273999946e+01 4.532651796700000091e+01 7.922282981839999572e+00
1.679186498227999991e+01 9.397473189399999649e-01 1.386095216566999966e+01 3.755664105679999665e+01 2.948464598879999787e+00
9.411888483999999444e-01 -1.716143759999999921e-02 -4.005321047999999690e-02 2.870164370999999992e+00 -1.545242345999999975e-02
1.382414906075000083e+01 4.894571636870000297e+00 3.371326617300999828e+01 3.054578423799999953e+01 1.189193487384000036e+01
9.047580186699999416e-01 5.943434399250000055e+00 7.844323595479999689e+00 2.574899605627999932e+01 2.940768680340000163e+00
3.258659412699000058e+01 1.576173229215999960e+01 5.834606886977000073e+01 7.998019868106000274e+01 1.676935994875999825e+01
3.935934138639999968e+00 2.960802560999999944e+00 2.879015172959999980e+00 8.318891008000000031e-01 1.962511401800000055e+00
3.899311033540000082e+00 9.402741235000000586e-01 1.483218663000000070e+01 2.573744818112000132e+01 5.937661791690000079e+00
1.086241759904000048e+01 4.958694021650000394e+00 9.197716772799999774e-01 3.827357693499999769e+00 -5.680415952000000129e-02
2.965572102467999827e+01 2.893494175679999891e+00 1.479280840466999969e+01 3.558306282264000231e+01 7.848361832660000204e+00
1.478952997827000004e+01 5.937004760189999786e+00 1.187383938960000052e+01 5.723145196259999956e+00 2.906776442279999983e+00
6.902333066589999788e+00 9.690382368100000088e-01 6.941280914620000075e+00 9.880591727800000612e+00 1.957150335799999974e+00
6.869727656260000259e+00 9.607895021800000324e-01 3.919027637200000136e+00 8.838166406399999175e+00 3.944847768249999831e+00
2.880874539300000148e+00 1.086259377889999911e+01 7.787668762700000080e+00 2.763001368208000130e+01 5.912926642679999567e+00
1.950427502659999979e+00 1.941383881009999923e+00 1.907490159199999979e+00 -1.561163900399999971e-01 -3.525596117999999640e-02
1.672969484249000161e+01 3.068394725992000005e+01 4.149659936292000140e+01 6.214416504191999735e+01 1.180178940441000002e+01
1.961388148069999948e+00 3.950615168320000148e+00 4.925847286399999803e+00 1.875670593860000013e+00 -3.070538604000000102e-02
1.960727425400000001e+00 2.952796929239999812e+00 1.925755774219999994e+00 1.087739557715000061e+01 1.969807893950000111e+00
1.381958394691999992e+01 3.907435299519999905e+00 2.071934656679999875e+01 2.365282260735000008e+01 1.484762464437000062e+01
-1.232946619199999927e-01 7.933698776780000017e+00 2.281177420718000093e+01 2.175932210799999922e+01 1.897676199199999969e+00
3.665699997174999680e+01 1.382207275616000075e+01 4.147849801670999881e+01 3.034244754202000038e+01 3.370769973232000183e+01
9.643820433399999947e-01 1.981308619820000061e+00 1.942669872650000018e+00 9.325672812999999950e-01 1.968220881199999939e+00
8.917632159480000098e+00 -4.283362943999999978e-02 3.871708050370000098e+00 7.845748417070000258e+00 5.935819579530000389e+00
8.843534268300000889e+00 4.903674386899999682e+00 1.971189379405999986e+01 6.044601059259999687e+01 1.189830395243999916e+01
9.128824442199999778e-01 9.466639429600000044e-01 1.084516589260999986e+01 2.370070695696000129e+01 1.941468463639999920e+00
2.265750171004999913e+01 1.278107293108000064e+01 6.836646972254999355e+01 1.087483015146799943e+02 2.176142511100000121e+01
1.938905746759999937e+00 2.962771454729999920e+00 1.288678508986000004e+01 1.178354768196000002e+01 2.958253319279999793e+00
2.925605349120000032e+00 3.955469344419999977e+00 3.861051666879999900e+00 3.174068528456000138e+01 2.952185547720000081e+00
4.892331388279999693e+00 8.861415470280000761e+00 2.177061839310999858e+01 4.362266219336000006e+01 1.912117243700000024e+00
3.950703490720000044e+00 3.937185982299999942e+00 3.889061132350000172e+00 8.314319894499999641e-01 -4.032798840000000051e-02
1.674000589219999924e+01 2.667947917274999980e+01 5.147844662464000010e+01 7.312424922200000310e+01 1.378874837524999997e+01
2.960070847499999935e+00 4.951724854550000110e+00 3.917293083760000183e+00 1.863327104299999926e+00 -3.136387392000000024e-02
9.642187108899999970e-01 3.953537715549999998e+00 9.208817612199999836e-01 9.869714043400000136e+00 -2.942005374000000034e-02
3.938803285000000098e+00 2.894743760249999909e+00 -1.066464079199999915e-01 6.869934197350000105e+00 -2.760441525000000007e-02
5.920498739760000184e+00 1.386793279183999950e+01 1.886877416556999876e+01 3.834713833239999925e+00 3.965187450640000222e+00
1.985827927258999992e+01 1.175695014287999918e+01 3.751933011789999828e+00 2.365133797697999896e+01 -6.129071793000000212e-02
6.905274010540000340e+00 1.184111124240000024e+01 8.838731817990000295e+00 4.796174596190000194e+00 -4.073313743999999736e-02
-2.976210539999999891e-02 -4.934384730000000024e-02 -4.999522499999999731e-02 4.939370677040000324e+00 9.864499433500000247e-01
5.903875479119999881e+00 9.290159634700000391e-01 -6.390359081999999469e-02 8.938830185909999670e+00 -2.688645959999999904e-02
1.678874380442000103e+01 1.184021978474999948e+01 2.185809085525000128e+01 2.863075093860000031e+00 9.935123746600000416e+00
1.781618116283999953e+01 1.865389255760000031e+00 2.878347687599999816e+00 2.188003640152000173e+01 9.452475688599999426e-01
8.859196326239999308e+00 5.896873949279999749e+00 1.190798433209999985e+01 9.125905364199999870e-01 9.601689174399999915e-01
4.889836688719999991e+00 7.915218466399999819e+00 3.923476918600000030e+00 2.929349389440000007e+00 9.663137191899999756e-01
9.140047640199999712e-01 7.892706568130000377e+00 2.174070944361999835e+01 1.568051845215999940e+01 5.893408302720000158e+00
3.945286605999999807e+00 1.093099577599999961e+01 9.825975088299999882e+00 1.789519261159999930e+00 -6.790575383999999937e-02
1.078351257817999986e+01 1.572166669839999997e+01 7.741495563648000200e+01 7.018643588822000368e+01 2.273790651395000140e+01
1.963588782800000043e+00 4.957297966399999645e+00 4.891575135830000143e+00 5.864649003240000269e+00 2.955778561919999881e+00
-2.705860808999999839e-02 9.639503668000000136e-01 3.910837312479999994e+00 4.895191098949999819e+00 1.966300832900000017e+00
2.943958037519999849e+00 -3.378036554999999663e-02 9.772396285600000176e-01 5.935258274639999776e+00 -1.294515674999999894e-02
2.476237847775999867e+01 8.856523385370000057e+00 3.903342003400000149e+00 1.074618537005000007e+01 -5.230045259999999835e-02
2.380441741619999974e+01 8.765990717499999585e-01 4.921043561960000368e+00 1.578539371407999958e+01 1.956011994200000048e+00
8.886636485640000416e+00 2.926687236959999883e+00 -4.603204971000000173e-02 9.873888001750000143e+00 1.973659929949999947e+00
-6.993499175999999540e-02 1.955937193940000096e+00 9.717827274100000468e-01 5.916714607680000348e+00 9.844657236099999542e-01
2.484412515114999920e+01 2.961248602079999959e+00 8.870961289500000291e+00 1.966418576119999884e+01 8.932669569100000206e-01
2.071075056168000117e+01 -7.225495893000000169e-02 1.876236944221000158e+01 5.839089630368000172e+01 1.480401270780000011e+01
2.771672526100000056e+01 2.926558956450000082e+00 1.976101167727999908e+01 4.038044424998000181e+01 2.680588614059999841e+01
5.902022110019999879e+00 -2.483167428000000038e-02 7.921524535099999653e+00 1.979046543755000087e+01 1.933751516690000116e+00
3.927445555719999870e+00 9.820916168500000154e-01 9.434271942999999938e-01 7.845316616599999904e+00 9.513526741300000200e-01
8.879358689100000035e+00 8.873009625599999950e+00 3.268350578156999831e+01 3.070407741069999830e+01 6.879766321600000012e+00
2.937301937039999977e+00 6.934883432560000394e+00 5.842553900999999605e+00 1.826745325400000119e+00 9.400109010399999576e-01
1.772369317097999897e+01 2.771143982794000138e+01 4.829505775330000006e+01 5.431349083420000312e+01 1.473001326239999997e+01
9.690541638399999824e-01 2.969177432069999956e+00 1.928872948249999997e+00 9.225397607499999930e-01 9.709138282600000558e-01
1.956359187739999950e+00 2.952978845520000117e+00 4.878822602749999682e+00 1.288123417767999968e+01 9.575798140000000291e-01
5.872707464820000389e+00 1.283743553853999941e+01 7.796028472999999792e+00 1.174171051289999923e+01 3.932455071999999774e+00
9.939735679240000010e+00 9.217461656800000069e-01 -1.081108457999999939e-01 7.892078030000000410e+00 -3.335809229999999598e-02
1.767723003360000078e+01 4.559411395800999856e+01 3.447516416119999860e+01 2.041892628888000161e+01 8.835304891859999898e+00
5.947898240399999814e+00 4.934915699720000326e+00 4.911042236000000116e+00 9.030021962499999999e-01 1.973813649320000030e+00
2.943413609789999885e+00 4.928145252350000227e+00 4.905773739229999819e+00 1.389067166345000004e+01 -3.000234492000000003e-02
1.091609995618999918e+01 9.253169307999999926e-01 -8.624621609999999494e-02 1.879735958811999907e+01 -2.502824183999999980e-02
4.853829471980000143e+00 1.686793414049000006e+01 8.848986718500000848e+00 2.165148590080000091e+01 1.956183722300000039e+00
2.877922786771999952e+01 2.802034886249999968e+00 7.818987325599999760e-01 3.747774300031999672e+01 -6.207630371999999647e-02
4.851878031320000062e+00 5.869777527150000118e+00 3.847922741380000122e+00 2.964999824831999931e+01 9.570461973399999600e-01
2.966870528579999888e+00 1.969848869420000037e+00 4.966929167720000038e+00 1.922174266879999927e+00 -9.642276449999999041e-03
3.861215931639999877e+00 2.961299013240000111e+00 2.916624936629999887e+00 2.814822415380000109e+00 1.952144089489999956e+00
4.052229484064000076e+01 4.859607760880000349e+00 1.470638016698999984e+01 6.840216634722000322e+01 1.182761820326999924e+01
2.071023093695999862e+01 1.390985011525999937e+01 4.808372573299999786e+00 1.357785336919999963e+01 5.889132841650000394e+00
4.902098434700000062e+00 -2.866558409999999876e-02 4.940920950619999807e+00 1.086705822511999919e+01 3.964840822479999805e+00
1.679846606350999849e+01 4.944830389699999884e+00 2.881249858469999925e+00 2.573773206262999835e+01 3.930872836629999867e+00
9.065196010000000637e-01 4.961396275610000295e+00 4.950568870339999705e+00 8.980605741699999589e-01 1.972527400099999939e+00
4.855073057832999694e+01 1.081112589289999981e+01 1.774807470720000069e+01 2.359368327696000023e+01 1.386839885692999985e+01
5.817805870559999981e+00 2.924095134899999948e+00 1.989741098900000082e+01 2.810765465579999844e+00 3.942254179839999928e+00
5.876145795750000289e+00 9.475437034000000480e-01 5.931755175300000182e+00 1.586008123989999952e+01 -3.984433820999999654e-02
8.815982393700000586e+00 7.928326323800000353e+00 1.901312277049999944e+00 1.182690474230999911e+01 9.470594772999999522e-01
3.870383041839999816e+00 2.958864765600000002e+00 6.925039311399999953e+00 -1.509684204600000024e-01 9.571741781500000545e-01
3.154250554268000073e+01 3.852747103000000006e+00 1.572383326615000065e+01 4.543046340400000105e+01 8.847455228010000283e+00
1.869633525169000166e+01 1.090887360275000084e+01 7.829094471200000349e+00 3.654840578980000032e+00 8.906715731160000260e+00
6.882015026590000417e+00 9.615092276800000226e-01 6.931942999720000387e+00 6.859684106619999611e+00 4.960587194960000446e+00
1.881885488049999822e+01 6.935903569239999733e+00 2.887471921259999963e+00 1.077431175173000000e+01 9.352648445500000296e-01
4.885874068279999705e+00 1.388989767200000003e+01 1.676502015424999925e+01 4.866624383449999591e+00 1.915156999549999961e+00
-6.389577432000000112e-02 1.934963931980000051e+00 2.855674650360000122e+00 8.922516314490000156e+00 2.954666034210000181e+00
2.476375663605999833e+01 2.275920299263999880e+01 3.150637383380000145e+01 1.713493045909999957e+00 3.818972197659999956e+00
9.667364428000000398e-01 9.682655770000000439e-01 -6.694915436999999969e-02 9.614468009800000159e-01 9.759462723999999811e-01
1.931577982130000093e+00 4.930964680099999775e+00 7.854083729360000099e+00 4.916005180520000017e+00 9.482453132499999437e-01
2.903638680479999845e+00 1.584775327074999929e+01 5.838908695259999782e+00 1.479082894125000003e+01 -4.874974875000000207e-02
1.293177802539999988e+01 1.088826244400000043e+01 8.882501966999999610e+00 1.826850799550000071e+00 6.965918650599999928e+00
1.875984366699999839e+01 3.564192753305999872e+01 9.598439713599999479e+00 2.941911827831999915e+01 6.882655923699999789e+00
2.932570545599999967e+00 3.895740383440000176e+00 7.885323687859999708e+00 5.832254183999999952e+00 9.675180045100000292e-01
9.644454655299999901e-01 1.943565654889999994e+00 4.938973873430000161e+00 3.909664024240000035e+00 -1.808884223999999985e-02
9.377509086999999965e-01 3.898653695050000145e+00 7.832220325999999844e+00 2.767990557132999996e+01 9.388991914300000019e-01
1.946820814849999914e+00 5.913466104300000303e+00 8.855040055859999981e+00 5.724548489670000073e+00 3.945516516400000118e+00
3.804266378739999954e+00 2.868773076181999926e+01 3.449574828214999656e+01 7.100575864982999974e+01 6.812612941120000265e+00
-4.188168423000000057e-02 5.933317346159999950e+00 8.895014075880000703e+00 6.788592076839999656e+00 9.581693684500000030e-01
1.982390683430000022e+00 -2.837282580000000110e-02 9.524753770599999614e-01 3.911036037880000205e+00 -1.742370506999999999e-02
1.924303241720000113e+00 2.925051094470000113e+00 1.938554017219999981e+00 6.873732609730000220e+00 9.778558311999999697e-01
1.584432444435999976e+01 7.841859494480000414e+00 1.186882797144000001e+01 4.693381028600000171e+00 9.527353287399999981e-01
1.974904542172999911e+01 1.774544361659999936e+01 7.855133364999999923e-01 2.657772524178000140e+01 1.922939880499999976e+00
2.921385827459999973e+00 6.921353002210000049e+00 9.362401582599999550e-01 3.863713793440000099e+00 -2.441037059999999828e-02
9.511827968799999589e-01 2.949406486320000020e+00 1.960636473739999941e+00 2.915173352640000104e+00 -1.495906703999999934e-02
4.898758100000000226e+00 -6.730514370000000024e-02 1.073159610445999945e+01 3.272208187199999685e+01 8.892234897030000695e+00
3.797659146370000016e+00 4.875409598900000141e+00 5.255233855387999853e+01 2.745901660870000072e+01 1.079101500796999957e+01
1.169642336429999929e+01 6.812223852759999865e+00 6.121739221226000183e+01 8.216837279668999372e+01 2.767146677343999883e+01
9.658626310000000270e-01 1.979424815780000069e+00 2.912962486800000139e+00 1.908322524109999918e+00 -3.557678759999999968e-02
2.955549791999999787e+00 -3.053631474000000068e-02 1.881580444579999956e+00 5.877794748390000379e+00 9.527679668799999835e-01
-6.229548243000000013e-02 1.285190207293000064e+01 2.268779841545000053e+01 1.085483368567999918e+01 2.939791170719999958e+00
5.918196217560000250e+00 1.580855711559999932e+01 2.361765682265999899e+01 2.811056741579999851e+00 2.917876060199999788e+00
5.880065007479999828e+00 2.172957735279999980e+01 5.240263891498999982e+01 2.071600356639000040e+01 2.881727635349999872e+00
-5.228347175999999846e-02 1.587855992056000076e+01 2.372877253841999945e+01 7.879995059929999712e+00 1.951075100089999959e+00
9.826149351699999812e-01 -4.331208024000000184e-02 1.911054502640000097e+00 5.957796711750000362e+00 -1.686142250999999800e-02
1.082617773247999970e+01 5.901167257890000073e+00 8.776069445250000101e+00 9.837344090349999348e+00 6.918461991520000076e+00
2.354355371669999997e+01 3.471865291601000081e+01 6.538276832628000079e+01 1.559369065519999875e+00 2.077304042271000029e+01
2.663145804815999895e+01 1.579900455231999956e+01 2.753047968490000130e+01 2.166261272256999959e+01 8.834723142570000576e+00
1.484636849231999989e+01 1.912919338100000033e+00 1.178874746400000006e+01 1.285032641151999933e+01 5.927171446860000081e+00
1.776859144100999899e+01 8.872713794159999168e+00 2.870885225540000008e+01 1.379802930664999927e+01 4.894936345039999637e+00
9.329058564400000142e-01 9.104090897800000137e-01 1.386428281114999983e+01 8.849845926000000418e+00 9.642114945999999964e-01
3.060055212880000042e+01 4.354141584319999936e+01 4.935866237420000147e+01 5.615891079869999913e+01 1.179667257122999935e+01
1.985095864082000006e+01 3.800244202240000035e+00 5.704729434779999941e+00 2.368930034579999955e+01 1.925889906979999955e+00
7.931120420420000094e+00 2.905269009600000008e+00 3.869276160640000128e+00 1.484993272560000044e+01 -3.442097834999999911e-02
2.961404633189999913e+00 1.947336899870000027e+00 8.917741854539999125e+00 1.919091288620000002e+00 9.798249104199999726e-01
8.903864731229999663e+00 -5.223079908000000104e-02 4.778303732240000379e+00 1.586175697924000083e+01 9.512813447200000327e-01
2.246526201649999877e+01 3.569168035583999909e+01 1.407707837224000116e+02 3.622557811923999793e+01 3.072544488994000034e+01
2.474030683312000178e+01 9.826669543419999542e+00 6.826902683999999510e+01 4.753525280105999684e+01 1.084090187360000002e+01
2.474971815913000128e+01 3.865113348700000007e+00 5.341223043360000133e+01 4.063695952765999664e+01 1.486897753713000014e+01
1.876584197719999958e+00 1.932277185470000047e+00 2.271639761599999829e+01 1.081853108299999988e+01 9.365340902500000064e-01
1.973367008839999936e+00 -4.469720615999999563e-02 2.869832872019999925e+00 2.952840703260000144e+00 9.715615204599999943e-01
2.355517827213000004e+01 9.121592219590999662e+01 2.218758302622499912e+02 4.526457009607000259e+01 4.052677296694999853e+01
3.908427280599999776e+00 1.183443237120000013e+01 3.556347947450999669e+01 1.584758158152999918e+01 8.900743410809999645e+00
7.934803299260000387e+00 5.890586521920000429e+00 2.770064937568000119e+01 9.888848819199999696e+00 4.931145501259999619e+00
-5.533494750000000212e-02 9.110081512000000048e-01 1.273889008479999951e+01 9.903111973119999689e+00 1.940163522860000045e+00
8.862837029999999672e+00 -8.570580678000000452e-02 1.584824975295999927e+01 1.478764707090000030e+01 -3.459829949999999876e-02
1.363947629891000091e+01 3.178484361230000133e+01 4.259703974605000099e+01 1.849275760824999892e+01 5.911541336940000058e+00
1.186075029504000078e+01 5.908312212000000230e+00 1.832691907999999925e+00 1.277949791280999925e+01 -3.606235344000000009e-02
1.281968209867000041e+01 9.886999571380000518e+00 4.780606964000000403e+00 2.672313396318000045e+01 -4.777056647999999850e-02
2.880991072766000016e+01 9.885809128960000081e+00 2.281249189688000101e+01 2.971393476564000125e+01 9.500883734799999703e-01
9.879376893039999885e+00 1.948324454300000008e+00 2.680089516359999990e+01 1.584373888240000028e+01 9.609105680199999666e-01
4.351523849809999689e+01 1.977299730884000084e+01 9.512217989879999891e+01 5.534460341938999761e+01 1.283348870176000034e+01
1.181724006287999984e+01 2.923290884280000057e+00 2.069576555520000127e+01 1.976929439383999920e+01 2.942717464199999799e+00
1.678554799802000019e+01 3.897561942219999853e+00 2.165511633538000069e+01 3.071198757504999932e+01 9.268193641599999921e-01
1.779918135344999897e+01 3.904092047199999804e+00 3.563836222895999839e+01 1.871630116525000176e+01 6.929763668799999721e+00
5.861998854960000394e+00 3.902149329429999813e+00 3.270060784535999687e+01 6.832082721579999962e+00 9.388134010899999993e-01
4.646821196629999662e+01 6.156697902847999870e+01 1.436750235654400001e+02 3.434113341583999812e+01 2.073886854366000065e+01
1.783767997872000066e+01 1.287460240150000068e+01 2.862214272739999998e+01 1.883787080095000022e+01 6.924942939220000149e+00
9.917508864520000245e+00 5.932060827990000007e+00 7.810035920449999836e+00 7.902315773089999773e+00 1.961769453949999908e+00
1.780193586132000050e+01 8.849158896960000575e+00 2.455739013831999884e+01 3.174917904499999821e+01 4.907958424250000284e+00
2.949015861389999937e+00 5.868229670609999893e+00 1.782958038453000071e+01 6.900665254719999808e+00 5.936172803519999874e+00
1.470594306425999953e+01 6.830081372994000333e+01 4.114613610725999848e+01 3.244350234741000349e+01 2.964066405618000033e+01
5.925222833100000308e+00 5.803392063120000444e+00 6.778663955439999889e+00 1.485400579440000080e+01 9.144703131400000462e-01
4.931943398239999610e+00 7.830060467480000064e+00 9.792716103549999218e+00 2.286942135718999936e+01 2.919574066440000060e+00
9.600076075600000314e-01 1.906596525080000104e+00 1.688324048774000019e+01 1.927011258020000062e+00 9.556097838399999489e-01
1.583376267939999948e+01 1.384310973920000087e+01 2.664524412665999975e+01 1.677857327674999866e+01 8.938977509520000808e+00
1.262449618888000025e+01 4.763606135429999711e+01 6.329998964970999964e+01 8.557592722560000809e+00 1.587592383225999981e+01
1.384979219060000055e+01 9.877624519599999431e+00 1.174271083940999993e+01 1.483339516134000036e+01 9.548824297600000399e-01
9.336900433599999438e-01 2.947289853450000052e+00 1.889686048159999965e+00 4.940121555140000176e+00 1.980086184019999918e+00
2.373776423825999871e+01 2.078149366290000088e+01 4.351946677099999761e+01 3.369731005834000115e+01 6.918689575600000197e+00
3.901558624779999818e+00 9.871209488079999872e+00 1.173967294332000044e+01 1.919530350740000113e+00 4.929883822579999908e+00
8.825071286249999147e+00 1.672258129045999908e+01 1.651700962303999987e+01 9.851118670900000041e+00 6.876545325820000443e+00
1.485003760602000078e+01 1.879678158264999865e+01 3.058112359840000138e+01 9.869268697300000781e+00 3.896762373400000090e+00
4.946840710880000103e+00 2.925664080599999828e+00 1.286864749695999954e+01 -5.001495983999999784e-02 9.630233574400000052e-01
1.284788988777999919e+01 1.878800777200000027e+01 4.859250935125000126e+01 5.867928629249999695e+00 1.389430549759999955e+01
-3.053606039999999869e-02 2.909290841039999798e+00 7.839391628599999606e+00 1.968905719999999970e+00 2.959880384099999873e+00
2.882355358519999911e+01 5.350602064787999979e+01 3.309734707431999823e+01 2.281200441809000168e+01 9.772006445560000643e+00
2.916003837539999921e+00 2.575715027120000045e+01 4.056376638055999706e+01 3.910158594849999947e+00 2.896057164720000188e+00
1.961500311200000013e+00 9.892598928039999961e+00 7.817014192760000313e+00 1.957152864620000043e+00 -4.825313855999999874e-02
-6.371471339999999761e-02 1.582753674723999993e+01 2.570372481769999951e+01 9.284132376100000528e-01 6.919637935749999968e+00
9.635383918900000122e-01 7.898910342739999813e+00 1.188053189310000057e+01 -6.574878863999999989e-02 3.958522310559999813e+00
1.376418940609999986e+01 7.033822804951999785e+01 3.017757518319999832e+01 4.155596801970000342e+01 1.873195878844000006e+01
5.940682971000000201e+00 9.842607750610000039e+00 1.803792770120000055e+00 1.788809111280000153e+01 -6.610689611999999438e-02
5.940099780719999778e+00 1.184595859020000042e+01 8.826868469700000830e+00 1.288713637066000040e+01 1.935099784369999965e+00
1.960093775360000068e+00 2.890767502650000154e+00 3.863723878750000118e+00 5.927217591749999848e+00 1.955486559349999931e+00
1.947517968080000106e+00 6.856566677440000035e+00 3.167675499127999927e+01 1.931020037119999921e+00 2.926273759499999905e+00
8.863264304999999510e+00 4.461915351716999822e+01 2.714441930011000181e+01 2.681948999177999937e+01 1.479038888040000010e+01
2.905097628180000058e+00 2.773578273445000164e+01 6.345314267338000036e+01 4.873071315199999809e+00 8.855421227280000807e+00
3.886722723910000177e+00 2.666461722876000096e+01 7.730944990458000632e+01 5.859351618629999869e+00 1.383389842487000010e+01
2.933117477040000143e+00 8.797408607699999550e+00 4.960312593620000143e+01 -8.441416134000000182e-02 3.908559668620000149e+00
7.863450614719999621e+00 -5.719198589999999888e-02 9.780420847869999434e+00 2.173465039575999924e+01 9.665050525299999640e-01
1.261162681364800022e+02 1.061371401725000041e+01 1.594007294106500012e+02 1.941522408255399910e+02 1.577137737850000043e+01
6.937121514400000244e+00 3.975439017999999880e+00 9.050883536799999574e-01 1.886836406600000071e+00 -1.697303970000000120e-02
1.953667910899999915e+00 -1.634635971000000104e-02 9.272272283200000409e-01 3.906194999169999793e+00 -1.123273007999999948e-02
7.881748249040000154e+00 9.512373924999999453e-01 5.820706060980000096e+00 7.783760155490000443e+00 -2.966922270000000098e-02
-3.196156563000000089e-02 6.952776144639999600e+00 2.933905347840000122e+00 -5.616611280000000095e-02 9.760991809600000346e-01
4.443869425463999789e+01 7.130346820523999440e+01 6.982608562109000161e+01 1.177870980895399953e+02 2.460680800989999994e+01
6.934069021300000024e+00 2.905770198719999975e+00 3.883774922499999782e+00 1.285104091414000038e+01 9.528784946199999606e-01
9.453247286499999458e-01 1.920257934049999893e+00 1.878639773600000007e+00 1.287054149971000072e+01 9.593073755200000052e-01
2.967820490099999819e+00 3.951943428189999885e+00 2.930227371119999979e+00 -5.744420370000000164e-02 -2.287425581999999805e-02
-3.689298900000000103e-02 2.956354300200000118e+00 9.033637470399999980e-01 1.895666521159999895e+00 -1.961625599999999858e-02
3.340896365094999965e+01 5.231208162050000254e+01 1.114092059642599963e+02 1.546220886797999867e+02 2.366030127335999822e+01
6.925093202320000252e+00 -8.670797927999999988e-02 1.880512086879999956e+01 1.882028082556000115e+01 4.961099085799999919e+00
1.962287858000000051e+00 9.553724951500000007e-01 2.897598281250000074e+00 3.887838967900000053e+00 -2.092839444000000118e-02
9.676842821200000166e-01 2.961914663459999986e+00 6.912512535040000294e+00 9.182768255200000063e-01 -1.854800531999999808e-02
1.385651421779000003e+01 -6.125212547999999563e-02 1.577036000310999952e+01 2.576125209175999942e+01 -3.353815529999999712e-02
9.609372870306999914e+01 1.055987019632000035e+01 1.145731690754000027e+02 1.624864673460799906e+02 7.790979212449999913e+00
2.936496922589999947e+00 4.972644428899999802e+00 2.899927334190000039e+00 2.895264606450000056e+00 -1.476687104999999979e-02
9.537610852000000250e-01 9.808891062400000305e-01 1.928670026240000057e+00 -7.296116687999999739e-02 -1.039689270000000026e-02
1.186328867465999970e+01 2.939901157380000019e+00 8.787366475560000723e+00 1.577274963918999973e+01 9.706062793599999905e-01
1.283059397397999923e+01 1.778994835542000175e+01 2.074215880415999891e+01 7.843467901760000416e+00 5.943614783010000124e+00
1.772386345279999942e+00 2.179493546871999854e+01 2.268990263102000071e+01 8.118586496799999885e-01 9.931856447979999558e+00
1.086289471091000003e+01 8.815515022079999596e+00 1.077762566990000082e+01 1.687189714567999843e+01 -4.550200919999999871e-02
9.442581328000000385e-01 1.931267547200000045e+00 9.104580639999999558e-01 9.494581586500000503e-01 9.813190947400000086e-01
1.978754191670000040e+01 2.873347807304000057e+01 2.165147758534000033e+01 1.279507996543000026e+01 2.922527216279999784e+00
-4.391995121999999613e-02 8.871849183960000218e+00 8.903768522669999186e+00 3.929776914730000126e+00 3.929248526619999904e+00
2.774009532672999967e+01 8.722539329830000554e+01 1.941769455509000153e+01 2.867452363243999969e+01 2.457160422891999829e+01
5.931459857400000146e+00 9.801664036660000079e+00 5.845195149000000256e+00 1.588803134047000043e+01 8.888879152079999457e+00
7.938445041439999628e+00 8.859587459040000113e+00 1.186486143383999980e+01 5.898509591999999913e+00 9.902360014479999251e+00
2.959924537200000039e+00 5.887719617640000180e+00 9.910770689170000480e+00 2.937701876160000225e+00 4.937211339350000117e+00
-5.298551819999999801e-02 1.282867900761999991e+01 1.587771751246000029e+01 9.274096629999999397e-01 4.939220253560000273e+00
1.887572400040000176e+01 2.261844128092999995e+01 8.644412672999999714e+00 1.884077095167999971e+01 4.868820086899999566e+00
3.927948760120000049e+00 1.877683291641999830e+01 1.182191623932000013e+01 7.910855514799999710e+00 7.926051392629999803e+00
3.931064491539999928e+00 8.796693939840000809e+00 5.808702320250000106e+00 3.920097099639999971e+00 2.927279664479999877e+00
9.287764772500000099e-01 1.177342218947999974e+01 1.378737300092000062e+01 9.089040231099999589e-01 8.924452894079999865e+00
3.983882903500000072e+00 9.411448896999999869e-01 8.998911830800000455e-01 1.953882232850000067e+00 -3.065135903999999939e-02
3.760879295740000128e+00 1.068829079877900057e+02 1.125686649974999938e+02 5.733235842988000286e+01 3.852777231660000012e+01
-5.663634290999999821e-02 1.873827944199999962e+01 3.365254271266000075e+01 1.883403800649999837e+01 6.892646512299999806e+00
-2.232550349999999975e-02 6.890957770840000052e+00 1.486644272070000028e+01 4.935142992200000300e+00 2.959149471689999977e+00
2.980187052509999823e+00 9.086592751299999993e-01 4.876737336319999727e+00 5.941914801180000261e+00 -3.580125155999999698e-02
-3.253665509999999900e-02 3.909864141219999922e+00 9.880261848010000847e+00 4.927969966730000095e+00 3.956286798039999830e+00
1.771016538690000175e+01 7.425600383577000230e+01 7.396502774232000377e+01 4.138995774858000232e+01 3.464506050776000023e+01
5.920820583540000293e+00 1.078745633371999979e+01 1.571327740851999977e+01 1.682099166860000139e+01 3.897105999699999934e+00
4.943266116890000283e+00 7.845126290899999688e+00 1.179649503867000071e+01 1.688332958450000021e+01 7.927549388000000086e+00
1.972596846260000092e+00 -7.523247599999999258e-02 1.907845028299999912e+00 8.939424058469999324e+00 9.655198965100000308e-01
4.963599329000000004e+00 3.902339500420000107e+00 1.677651958492999995e+01 -3.581825588999999754e-02 5.931496685669999991e+00
3.761823287559999951e+00 6.738373839199999793e+01 1.304523147717600011e+02 4.759341735919999650e+00 4.953923376800000256e+01
1.904587838479999906e+00 2.475401849044000002e+01 5.240374512550999953e+01 7.906286280499999819e+00 1.681504368146000061e+01
2.928307839599999962e+00 1.281106704073000024e+01 2.955282803688000115e+01 2.928229832550000022e+00 8.859035606040000843e+00
2.974939235039999907e+00 1.934003970200000033e+00 1.183812765194999983e+01 9.733121524000000191e-01 5.947746720179999613e+00
3.946059485320000171e+00 1.080306813440000013e+01 2.280719693201000098e+01 2.956651289939999927e+00 2.935142796990000136e+00
1.776962687130000162e+01 7.816157078928999624e+01 4.113189256911000058e+01 1.808965994690000079e+00 1.872349586956000067e+01
8.882706393990000393e+00 5.254934507899999829e+01 4.655251903807999980e+01 2.900553294899999912e+00 1.185256734132000034e+01
3.939159644500000113e+00 9.785382266350000080e+00 1.077864994081999939e+01 -4.947382799999999747e-02 5.923290105060000421e+00
9.187461702999999424e-01 3.069552118225000115e+01 3.669912145567000294e+01 9.317718410499999937e-01 7.905337904149999595e+00
9.710499690099999581e-01 3.959817895840000102e+00 9.069342318999999986e-01 4.916085450709999805e+00 -1.836171908999999908e-02
2.953996153355999965e+01 5.533122283499000105e+01 1.274349220564800049e+02 1.475818235689999938e+02 1.965004029622999937e+01
1.922140350560000099e+00 8.881949339640000218e+00 2.275338826912999934e+01 2.976670453304999953e+01 2.948082847499999826e+00
1.969702934959999929e+00 -4.199058062999999619e-02 7.905807903410000392e+00 9.898678331199999292e+00 -2.018339774999999836e-02
1.971542163080000076e+00 -3.795167843999999735e-02 -8.544069701999999766e-02 9.223227657999999440e-01 2.981851790429999927e+00
9.801404605000000325e-01 9.351337987000000185e-01 5.872637945760000200e+00 2.968688560619999972e+00 9.666545477500000372e-01
-2.351672351999999910e-01 9.927990552475000641e+01 1.403994976801000121e+02 6.621457687719999541e+00 3.768999940604000187e+01
-5.790700691999999677e-02 1.581780935193999937e+01 4.357366736696000231e+01 7.899538274180000208e+00 9.899006228110000194e+00
-2.951372942999999985e-02 7.906563224360000142e+00 1.380170160932000023e+01 9.516174801400000272e-01 9.507606540399999862e-01
2.967935832479999814e+00 -1.015909289999999965e-01 6.786589024599999576e+00 9.946033286680000529e+00 -5.518386467999999989e-02
9.626833907199999762e-01 1.183335876479999982e+01 1.782733218659999963e+01 2.963864008649999882e+00 2.938237227840000187e+00
2.077880696336999833e+01 1.049785201577499976e+02 6.793973729699999353e+01 5.776725651359999603e+00 2.962544031030000014e+01
2.896050172799999878e+00 4.053515823437000165e+01 4.952163950933000081e+01 -1.045364267699999961e-01 1.683359134982000072e+01
-5.768544600000000133e-02 2.774027422576000035e+01 3.172877167172000057e+01 -5.484345570000000170e-02 8.905203686340000147e+00
9.433462672000000326e-01 2.574669087890000085e+01 2.173738049103999970e+01 1.943968938500000077e+00 8.910373708979999918e+00
-8.630084736000000201e-02 1.962019427240000002e+00 3.909158532400000219e+00 4.885452858559999889e+00 9.758134647999999745e-01
7.727880388181999649e+01 1.268189159493999973e+01 5.926152461109000313e+01 1.120604579052800034e+02 4.795406642479999704e+00
1.905606390800000050e+00 3.958506115420000082e+00 9.889608449349999830e+00 8.768814418000000499e-01 9.731065144599999606e-01
9.301408922799999646e-01 1.969981638950000002e+00 6.928098229419999754e+00 3.905414043339999974e+00 3.980279342289999800e+00
8.819795766780000434e+00 9.200513087199999607e-01 3.798979921839999996e+00 2.175813123789999892e+01 2.948370652649999979e+00
3.927564479920000018e+00 1.681030753856000004e+01 1.974487131596000111e+01 6.909975112839999767e+00 7.936354902859999783e+00
2.365928995109999988e+01 1.071127940667300038e+02 8.379826917295000044e+01 3.591125491360000144e+00 3.170210156069000007e+01
8.852325573330000807e+00 3.861223916034000325e+01 5.848733640946999657e+01 1.818346726999999996e+00 1.786631372739000057e+01
2.941528278089999837e+00 1.084227540842000082e+01 1.281632877400000048e+01 3.929611035639999805e+00 3.946442799999999806e+00
1.905668711389999936e+00 2.375997444149999893e+01 2.569247286874999858e+01 8.890887861359999533e+00 3.919229586400000187e+00
1.282241930332000024e+01 9.844117993179999360e+00 1.968406933988000063e+01 1.080779990491999953e+01 2.940421354770000217e+00
1.961173926560000069e+01 5.568599480465000084e+01 6.332035797694000223e+01 5.570529801180000185e+00 1.786501918620000140e+01
1.285008298059999987e+01 1.086594222899000073e+01 1.372977025834999942e+01 9.846047082700000175e+00 -5.228285048999999768e-02
9.507428575299999851e-01 -4.357137419999999872e-02 2.915011119359999903e+00 3.949329124030000138e+00 -1.657326824999999851e-02
2.276102962039999866e+01 1.579901193709000040e+01 3.461556908168000035e+01 2.675737766736000012e+01 3.921723174639999865e+00
3.936095833270000011e+00 1.084217965022000030e+01 2.870392506266000154e+01 2.900831408400000200e+00 8.902082388600000229e+00
3.797401391410000215e+00 7.047047159791999604e+01 5.607502420979999869e+01 2.269347733112000043e+01 2.668750930943999933e+01
4.856245348009999852e+00 3.669403014640000293e+01 2.939831495760000024e+01 1.079763136579999916e+01 2.778604264072000163e+01
1.939412251100000040e+00 5.845742025359999872e+00 2.674018537929000061e+01 2.914456217520000170e+00 2.912276647650000161e+00
1.970061515480000081e+00 1.928255790619999965e+00 4.867131601399999674e+00 5.956872542250000180e+00 9.561726722800000244e-01
9.868863718360000092e+00 1.387518762650000070e+01 2.473214751520000121e+01 7.866308055770000252e+00 4.937360176850000393e+00
8.656810322400000146e+00 3.765072789469999748e+01 5.530077533917999943e+01 5.617355423280000259e+00 1.483349100458999992e+01
8.793835108830000635e+00 1.880317385073999858e+01 3.062417155869999874e+01 1.579553501532999960e+01 3.903933209439999885e+00
6.883108175050000277e+00 2.894900888100000014e+00 1.476368904479999955e+01 1.388621997391999940e+01 1.947572579900000100e+00
8.794704041999999333e+00 1.180384478669999915e+01 3.257856663089999927e+01 1.478925352607999955e+01 8.903920803480000146e+00
1.384045377836000057e+01 4.877971314619999887e+00 1.878891229899999971e+01 3.852298665939999811e+00 4.940665197979999590e+00
6.896874812500000118e-01 2.778767338699000078e+01 4.062361660015999831e+01 5.704932982919999951e+00 1.089095020543999937e+01
1.283950923249999931e+01 8.872489414440000388e+00 -2.281550805900000034e-01 9.839951622099999184e+00 -6.496089030000000430e-02
5.934006870000000156e+00 -4.986257453999999589e-02 1.911255382640000056e+00 9.395850808000000276e-01 -2.511152280000000098e-02
2.179185551337999982e+01 8.836940240549999714e+00 2.671283565719999942e+01 1.779435979686000024e+01 2.918536952160000197e+00
7.920923487559999643e+00 9.350039759499999548e-01 1.975941311149999891e+01 8.891734500900000171e+00 1.943377960879999922e+00
3.542902468604999910e+01 6.252364760543999722e+01 2.661856398892600168e+02 4.619474781176000278e+01 5.658108992183999675e+01
1.384188671533999937e+01 5.869261140809999944e+00 5.252001115094000028e+01 2.276268289520000110e+01 1.088721865856000015e+01
5.955485025209999783e+00 1.960284598399999911e+00 9.862688050750000102e+00 2.933065832250000060e+00 1.969390048159999962e+00
5.895307357440000118e+00 9.134156834200000130e-01 1.967526238159999963e+01 1.784957528232000001e+01 4.926177086000000038e+00
1.939341772999999991e+00 9.906758413300000399e+00 2.474488261060000127e+01 5.911079386649999989e+00 9.384807834999999709e-01
1.063785828746000028e+01 5.747166865156000171e+01 1.836467947619599954e+02 1.148067807338999913e+01 4.764291979440000091e+01
1.584638028430000034e+01 2.576456685638000010e+01 6.736864936613000054e+01 1.676867083639999834e+01 1.184265625259999943e+01
1.962387118639999928e+00 2.943812826389999859e+00 6.843509944000000011e+00 5.942668487549999767e+00 4.961920516520000213e+00
4.929399282200000343e+00 1.886528587159999937e+00 1.670692282000999995e+01 1.289692936299999992e+01 3.928802615950000021e+00
-5.931479501999999820e-02 4.892973178820000157e+00 6.889458150610000331e+00 1.093116097793000030e+01 1.956896681059999921e+00
2.671539095285999821e+01 4.746595218024000218e+01 2.051296035285000130e+01 1.765522753623000085e+01 1.878352842664000022e+01
1.283271171250000009e+01 2.067515340743999985e+01 1.070240107519999917e+01 7.804432271599999638e+00 6.876472116400000445e+00
9.553711521700000153e-01 2.917413368760000125e+00 2.919120165119999832e+00 1.948904553620000035e+00 9.679750008399999883e-01
-6.097921946999999843e-02 4.883391376159999631e+00 8.893046265120000626e+00 8.929979987399999430e+00 -4.374832517999999865e-02
3.926233359939999890e+00 2.974133213760000061e+00 2.870083879680000116e+00 5.893113825600000411e+00 -2.606269769999999819e-02
8.519099845379000158e+01 4.669632023000000132e+00 1.595309918829200058e+02 1.387323681456200006e+02 1.869039955630000094e+01
3.174390223925000143e+01 9.026840355399999849e-01 2.755901952135999977e+01 4.862172440775999860e+01 2.911270085760000015e+00
3.934107420160000146e+00 1.976524267340000085e+00 4.881858255950000114e+00 1.903764467810000083e+00 -2.432174768999999931e-02
5.859899533410000139e+00 -5.465929733999999596e-02 1.475858507603999925e+01 1.879093970713000061e+01 -5.032785635999999924e-02
