1.087261506487999974e+01 5.875851948000000213e+00 1.179698574720000082e+01 -1.570454600400000011e-01 5.946372223080000019e+00
5.542681393603999851e+01 3.428909287779999815e+00 2.608661114558999827e+01 9.125600152159999823e+01 2.751645721800000111e+00
2.966790196019999826e+01 1.571756465428000027e+01 3.455103487832000297e+01 1.461889700717999929e+01 8.866229446080000187e+00
1.916606997559999970e+00 4.915598502199999942e+00 1.286332710429999970e+01 1.874776082509999942e+00 4.962631246159999954e+00
3.848430980739999896e+00 1.184957519483999988e+01 5.754497741519999821e+00 9.790890408099999220e+00 1.932361836949999967e+00
3.871608370150000145e+00 9.909044934760000700e+00 1.787709005568000009e+01 1.181571392244000052e+01 2.960980267710000113e+00
5.341007327156999906e+01 3.055592955279999856e+01 1.634317703287999990e+01 1.718244984744000092e+01 6.822040893999999689e+00
9.730580816439999836e+00 2.383109513475000085e+01 2.973778123934999940e+01 2.668333115099999819e+00 6.927327863530000407e+00
2.871903927810000035e+00 6.907566746319999673e+00 1.686945718754000012e+01 1.080451967708000005e+01 1.961246133199999964e+00
5.847080639459999674e+00 3.889488762940000122e+00 6.825024294910000400e+00 2.178363654138999905e+01 -4.340232962999999999e-02
1.783280297844000017e+01 2.864683991999999790e+00 2.072128985399999834e+01 1.281660207286000031e+01 1.928949278599999984e+00
6.442886854330000190e+00 3.856382618933999851e+01 1.210965924119000050e+02 1.134005266848000026e+01 3.476179456495999887e+01
7.721383780790000095e+00 1.175602904003999960e+01 4.152262897859999669e+01 2.166560064328000124e+01 1.087944007303999960e+01
8.790611347709999635e+00 -1.760763160799999894e-01 1.563923055867999956e+01 2.479318726030000164e+01 -9.263147850000000294e-02
2.849764569600000019e+00 4.877917111040000364e+00 2.762372535599999956e+00 6.836038999720000398e+00 1.937666490500000060e+00
4.901809449379999961e+00 2.920914366959999953e+00 3.820576456119999964e+00 1.187078001959999973e+01 9.531897759999999886e-01
6.744049528639999380e+01 4.050731536240999731e+01 1.079122080375999957e+02 3.919063199440000034e+01 1.870529259294999846e+01
7.839905476400000239e+00 3.869948358579999859e+00 7.720526153599999830e+00 1.478617432080000071e+01 9.250369413400000296e-01
1.089994064977999955e+01 1.916358792500000074e+00 2.818784596800000042e+00 1.285757635863999937e+01 9.530057440000000435e-01
2.683826843724000000e+01 -1.318578401699999902e-01 2.071646194943999930e+01 2.279134025617999981e+01 7.926828780410000164e+00
1.687957550503999826e+01 3.860180876379999848e+00 8.787818244149999458e+00 1.381498641770000013e+01 2.947734615539999936e+00
5.756577567400000817e-01 4.446835197696000108e+01 6.222000908169000155e+01 4.431424037256000048e+01 1.979976096596000090e+01
9.809177969260000296e+00 6.796214642589999855e+00 -3.106511125199999945e-01 1.472708090687999949e+01 3.916635916989999799e+00
1.481732584511999917e+01 1.080898716485000044e+01 2.724284667000000049e+00 1.576794546358000026e+01 5.928702038249999973e+00
6.850374936999999775e+00 1.582056797056000086e+01 2.275669930208000125e+01 3.800145490779999857e+00 3.935080688619999822e+00
7.897148935369999734e+00 7.921360068650000308e+00 3.814141462149999828e+00 1.837655902280000086e+00 1.949382690950000052e+00
1.746667507364999850e+01 1.059871555910000041e+01 4.809289168227999767e+01 6.923185415800000442e+01 7.754301118879999954e+00
1.182590596452000042e+01 1.485555777060000082e+01 4.714436505020000112e+00 1.973246674916000032e+01 9.074185843600000023e-01
4.901484398000000020e+00 6.927790236639999932e+00 3.834624286119999947e+00 4.852605481790000397e+00 -4.601715299999999814e-02
4.847280966229999599e+00 1.688590425617000079e+01 1.577085023535999930e+01 1.784376201800000006e+00 6.927682041699999793e+00
4.924183027999999851e+00 9.373855095999999998e-01 8.539012679499999869e-01 5.888466393899999929e+00 -3.887382212999999920e-02
1.235489338560999961e+01 4.347028213082000292e+01 1.727001474488399992e+02 3.910493636769999881e+01 3.865157980490999989e+01
1.283707600384000003e+01 2.861267087999999958e+00 1.668707836999999827e+01 2.075326415039999972e+01 1.091836827290000045e+01
6.881998738300000085e+00 8.979482376999999849e-01 8.770759466759999512e+00 1.183692054377999980e+01 4.941139811000000215e+00
3.885123071919999838e+00 5.902713969899999746e+00 1.780727900240000050e+00 1.084063739239999968e+01 -5.964575291999999612e-02
4.886794176439999582e+00 9.117409808799999960e-01 1.081471969280000067e+01 1.483150058592000065e+01 9.485568805599999820e-01
1.242133701168999949e+01 4.552307812035999746e+01 7.901211764960000039e+01 4.187205302359999770e+00 1.271029353295000064e+01
1.582640468800000022e+01 2.869380190559999821e+00 7.065475170399999616e-01 2.476193459451999956e+01 -7.874932104000000044e-02
6.888677442639999704e+00 -8.505674324999999703e-02 8.057670624999999642e-01 1.384429880623999942e+01 -5.144133095999999655e-02
3.283437290100000183e+01 4.868932244359999828e+00 1.970551230139999888e+01 1.975665060731000011e+01 7.921408799059999950e+00
5.855710067609999570e+00 1.841070379520000078e+00 1.474133493695999952e+01 1.981613703889999911e+01 2.931635291250000108e+00
2.149549710276999903e+01 5.042556522545999798e+01 1.300857187783999969e+01 1.936129306115000048e+01 1.175856647520000031e+01
1.579948780642000017e+01 8.764435481670000527e+00 2.601372100709999913e+00 1.874272535460999833e+01 -9.763290449999999232e-02
1.779111628145999902e+01 7.747481127050000360e+00 1.762255486998000009e+01 2.874879085250000088e+01 9.062085610000000235e-01
3.892901042650000143e+00 8.881179565860000125e+00 1.479332065920000083e+01 1.856589256999999993e+00 6.948824199999999784e+00
7.891006281740000183e+00 3.885832996420000018e+00 1.581433165500999927e+01 9.837625414690000625e+00 2.956743414479999998e+00
6.335834785336000152e+01 1.129952684649000005e+01 3.935531975449999997e+00 1.231392881939199953e+02 2.746066300859999920e+00
1.084502428354999992e+01 7.837190146610000241e+00 4.736643039499999652e+00 8.780675295600000041e+00 2.940819817259999969e+00
9.876479690709999204e+00 1.187026452101999929e+01 8.796650914260000675e+00 3.835673295519999915e+00 5.950501889819999946e+00
8.721733151799999639e-01 9.858752380629999479e+00 1.479020641898999955e+01 5.785014291450000457e+00 2.949486852899999789e+00
9.890981103699999721e+00 2.883086778900000091e+00 1.277352480190000072e+01 1.285558681638999978e+01 1.943131187090000100e+00
1.064641777940000011e+01 5.865818358613999806e+01 6.926683156180000367e+01 1.475929578799999975e+00 2.279975790415999981e+01
7.862281569260000325e+00 1.384538017244000052e+01 1.471562758301999985e+01 1.280614472823999961e+01 -6.701694731999999211e-02
1.684136941207999882e+01 4.823716054190000158e+00 6.664081822810000055e+00 2.378388172920000088e+01 1.919829647360000058e+00
1.989086934880999991e+01 2.873631043020000053e+00 1.769097246320000094e+00 1.185150353348999985e+01 1.943664712219999924e+00
2.898023985660000079e+00 2.892472732199999896e+00 9.841560108759999537e+00 9.853872785920000155e+00 -4.235070096000000117e-02
5.243024152880000344e+01 7.632062020553000536e+01 6.909919392291999429e+01 1.616535472616000035e+01 1.576949506647999932e+01
6.841669977159999583e+00 2.782511686575999832e+01 1.876078084671999946e+01 2.792000762579999851e+00 1.593610682415999946e+01
1.867310729660000002e+00 3.182800207280000038e+01 2.278188605281999912e+01 5.804084285070000071e+00 9.942910890580000327e+00
3.868581614800000068e+00 1.185741645168000069e+01 1.779487428375000135e+01 1.481055393569999978e+01 1.948201692320000067e+00
1.189550649108000080e+01 9.190943220699999694e-01 1.183585309418999998e+01 1.486187615939999951e+01 2.960071843800000213e+00
2.041083141456000050e+01 5.854188030368000284e+01 6.007403910400000058e+01 1.123843862208000033e+01 2.378126984045999848e+01
5.872748360100000120e+00 8.960529907900000035e-01 1.179306338862000025e+01 1.182527621544000063e+01 -5.167139607000000023e-02
2.883593645309999953e+00 5.911521130679999736e+00 3.808523095600000019e+00 6.846691047280000220e+00 1.955639378000000095e+00
1.486343495580000074e+01 8.885501203600000286e-01 6.787030929010000158e+00 2.982011358809999990e+01 1.946746790569999996e+00
3.895202342560000197e+00 8.870585307749999870e+00 1.080344299429999921e+01 5.853903151199999932e+00 2.952514531649999885e+00
6.844552493279999794e+01 1.431710014235999928e+01 1.394850623874000028e+01 6.620917979640999818e+01 2.758197275580000163e+00
1.186891617719999914e+01 6.828997761250000131e+00 1.175325742821000041e+01 1.816966866080000020e+00 4.943306917400000167e+00
1.188069380724000013e+01 1.486790745503999922e+01 1.877352245695000121e+01 4.837286828209999889e+00 3.948733965999999818e+00
-1.188377308799999921e-01 2.185292789985999917e+01 2.377999763664000099e+01 5.834165707050000371e+00 9.946608778719999933e+00
3.905410662400000010e+00 4.889739748730000279e+00 2.679954304031999968e+01 2.870147785439999932e+00 5.948929182479999689e+00
1.265226724785999934e+01 6.150755422088000302e+01 2.911621534716000070e+01 9.416754682120000552e+00 1.277985641395000016e+01
1.987330047068000027e+01 7.845615490400000169e+00 6.720564462549999618e+00 1.379179010588000054e+01 9.294880241799999832e-01
1.887997650687999851e+01 8.853814431900000059e+00 7.753133315959999550e+00 1.282228636287999990e+01 9.354336388299999694e-01
1.088965107397999965e+01 1.186819849775999991e+01 1.876150593927999921e+01 1.281375879870999945e+01 5.939231646209999660e+00
6.911164059999999942e+00 5.889223596479999934e+00 6.861568644520000149e+00 5.894528331840000135e+00 -3.513489128999999767e-02
9.442039625919999679e+00 9.433235756074999756e+01 6.812502131562000329e+01 2.221745412946999920e+01 3.177139231327999980e+01
6.886194458920000372e+00 1.879236484400000018e+00 8.821612734480000384e+00 9.838861758189999307e+00 1.954867767140000101e+00
4.886747703500000206e+00 3.864525011680000066e+00 8.831744723159999921e+00 1.584168465355000066e+01 9.581683470399999791e-01
8.876517463440000810e+00 1.863844508000000122e+00 5.808822885509999701e+00 1.683614296160000023e+01 -4.503107519999999947e-02
1.902167438600000038e+00 1.389015048919999984e+01 2.581295591455999983e+01 -1.383265025999999842e-01 8.953201196189999322e+00
4.859044242808000291e+01 4.532062310689999762e+00 6.715852433311999903e+01 6.540975155901000448e+01 1.809310240639999900e+00
8.874044779680000161e+00 2.863789734990000113e+00 4.771398853760000058e+00 1.381841835206000013e+01 -5.690143728000000151e-02
4.876136254759999566e+00 9.864312265180000594e+00 7.511264631999999830e-01 8.825625222570000261e+00 5.943958037519999849e+00
-9.944984789999999908e-02 1.289081012079999944e+01 1.079995431296000064e+01 3.837915977080000207e+00 6.952595414200000157e+00
2.890092451080000124e+00 1.985586174415999849e+01 2.379047451359999954e+01 5.866137185460000403e+00 4.942743042380000063e+00
3.667330083699999932e+01 5.250623059016000127e+01 2.221244919049999922e+01 4.849450713616000286e+01 7.781118594829999680e+00
6.851850899559999597e+00 1.581042804225999987e+01 6.705098542870000067e+00 5.786601641969999932e+00 6.919040292640000089e+00
1.807352661799999982e+00 3.280215168582000018e+01 2.662555149414000155e+01 5.748542956049999653e+00 1.189819057350000087e+01
5.897652145440000382e+00 1.875215160830000061e+00 8.805543108840000244e+00 9.869987187550000485e+00 1.949257561340000056e+00
1.289701032412000004e+01 4.846205154199999754e+00 1.677198172921999841e+01 2.585642354719999858e+01 1.943656349779999903e+00
5.758463275492000122e+01 3.443431523750000167e+01 2.512634117660000044e+01 8.048681277039000292e+01 1.780239445939999943e+00
6.878997846249999881e+00 2.682624688865999829e+01 1.572050886253000002e+01 5.830658613599999818e+00 3.933502260250000049e+00
4.866912723200000457e+00 2.079751568160000019e+01 3.170010035929999859e+01 1.822666185649999937e+00 8.923011500699999488e+00
2.910142377840000183e+00 7.879780742840000407e+00 1.281053550010000031e+01 5.886540389670000373e+00 4.952271692840000128e+00
1.926595082449999996e+00 2.911944439920000072e+00 3.894691854640000006e+00 7.908772949720000334e+00 9.700319934100000152e-01
1.862558377587999914e+01 9.447047488975999840e+01 6.835238387843999419e+01 9.388733873410000541e+00 2.580538266566000161e+01
1.902732020750000030e+00 1.687077920959999844e+01 2.385529089342000120e+01 1.086682030543999922e+01 -4.306523760000000034e-02
1.922948315840000033e+00 9.899603563419999475e+00 1.990188336511999978e+01 8.874103546800000686e+00 9.676099459900000532e-01
1.884459827719999980e+00 6.861981843339999720e+00 1.483988459865000031e+01 2.082276572250000157e+01 3.952185531520000072e+00
-7.592958953999999483e-02 2.910225924480000170e+00 9.879721222420000615e+00 1.188808055039999978e+01 -2.898947475000000079e-02
5.751686636643999861e+01 3.247736206380000112e+01 1.182066836429000034e+02 9.922936112946999287e+01 1.816535873180000094e+00
9.904587774490000385e+00 8.905040509599999599e-01 2.841939003269999819e+00 1.484092379544000018e+01 -3.773021147999999769e-02
6.937994990049999977e+00 -6.679239020999999665e-02 9.061517395000000530e-01 8.903612191049999680e+00 -2.220168041999999800e-02
2.898264982530000200e+00 3.887652925479999855e+00 5.834385498119999625e+00 1.783886785344000003e+01 2.962449384960000209e+00
1.939871752760000012e+00 2.935992152459999893e+00 -1.059825157200000034e-01 4.929365569999999863e+00 9.728604623800000128e-01
2.474344404412000031e+01 4.472615939175000221e+01 9.049970897721999563e+01 1.867655452600000032e+01 1.087022768627000069e+01
1.389924571999999969e+01 4.880476927310000157e+00 1.981135879381999843e+01 9.877748150709999564e+00 -5.014816434000000239e-02
8.922992520779999381e+00 -8.552553398999999945e-02 5.862589275300000402e+00 1.190543567033999928e+01 -3.547092384000000154e-02
9.317301317199999655e-01 4.920123925220000416e+00 1.387303157012000021e+01 7.920667634479999997e+00 1.968456701360000061e+00
4.857099851840000149e+00 3.856590850269999926e+00 1.974297272212999843e+01 2.481699119038000134e+01 1.193860762949999987e+01
5.144320502314000265e+01 4.645473857588000044e+01 3.499824156876000103e+01 2.536839002600000015e+01 1.375575534913999931e+01
2.767502527030000081e+01 1.698362479190000052e+00 6.560170536220000237e+00 3.268211397881999858e+01 8.766006342400000095e-01
8.848452686310000814e+00 8.458788327399999751e-01 2.072939007512999865e+01 1.882551234015999952e+01 9.360541579600000217e-01
9.839790644320000723e+00 1.384582076707999931e+01 3.474302696864000239e+01 7.824703314589999792e+00 2.935066168560000133e+00
9.877844249920000763e+00 9.860308097409999917e+00 1.384262107430000022e+01 8.870535900989999334e+00 9.566574086800000432e-01
3.444382854493999702e+01 2.632338811565999848e+01 2.027519570117999947e+01 5.845155950947999912e+01 1.779755819688000074e+01
1.876455175230999828e+01 7.123350917799999849e-01 1.767420014112000004e+01 3.375440057958999773e+01 9.119486389600000020e-01
8.907909446790000629e+00 1.889360596640000001e+00 5.875680124319999642e+00 1.088966550980000036e+01 9.642657087099999469e-01
9.848104561270000445e+00 1.181856903797999969e+01 6.802772634250000117e+00 -1.652344887599999923e-01 3.944867868399999811e+00
9.870418332730000799e+00 2.902942346970000198e+00 3.813893500089999833e+00 1.282917212751999969e+01 -5.000723001000000056e-02
4.446111801437999844e+01 2.593412922449999769e+00 6.020561605804000038e+01 1.112410272079300029e+02 5.777547018899999998e+00
3.868405586309999933e+01 2.776668925440000102e+00 1.957969602200000026e+01 3.362376653116000114e+01 1.885629133999999985e+00
9.476560228599999469e-01 9.608925682000000190e-01 2.925969604500000099e+00 2.934605763750000040e+00 9.784335312999999923e-01
3.871282900000000193e+00 1.090048982977999970e+01 6.822438616960000424e+00 6.822069885520000376e+00 2.945421169679999895e+00
1.187215596254999994e+01 3.909250233309999878e+00 3.822703875759999814e+00 8.803568954159999294e+00 1.944498178729999971e+00
3.854235530927999775e+01 2.644628687039999981e+00 1.927234814455999867e+01 9.024571273230999680e+01 1.786505615660000101e+00
4.365221147207000030e+01 3.773829050049999800e+00 2.954127822095999889e+01 4.050916825280000211e+01 1.186119296328000061e+01
-5.448120992999999634e-02 9.601619563000000079e-01 6.920070849160000037e+00 4.916002749709999620e+00 -2.197178865000000078e-02
2.883265929839999853e+00 6.914451310539999618e+00 6.827361515079999776e+00 7.976264150799999841e-01 5.950776235200000208e+00
5.884895970599999693e+00 7.910485419319999600e+00 2.867604973500000209e+00 5.803648146239999583e+00 9.647802668799999593e-01
2.264758755143000002e+01 3.573330109775999830e+01 3.555990560870999673e+01 3.138844686287000130e+01 1.389190220330000081e+01
-2.643659369999999953e-01 1.279547379795999973e+01 1.968492794959999870e+01 5.757865229488000125e+01 1.916672592979999923e+00
4.949478598999999868e+00 -3.729167423999999592e-02 2.943845275800000216e+00 5.915729240250000132e+00 -1.522105829999999965e-02
5.884198743659999842e+00 1.911744431480000062e+00 3.864343375659999857e+00 8.014321603899999813e-01 2.964609259679999997e+00
1.088505431263999945e+01 9.147666014199999918e-01 -1.242997326000000041e-01 7.809118780940000448e+00 1.953245129779999978e+00
5.685903973680000334e+00 4.781052125419999577e+00 2.769346002465999845e+01 7.950252525244999902e+01 8.873856172800000053e+00
2.172335896335999905e+01 3.798077306440000189e+00 2.769926324536000095e+01 3.054294816475000118e+01 1.088446714688000050e+01
1.946096034139999986e+00 9.606888985599999486e-01 2.941781209500000216e+00 3.915397322500000055e+00 2.978095644660000207e+00
1.909584453889999978e+00 4.932936308390000413e+00 9.011609747200000076e-01 5.876785685219999777e+00 -3.831335639999999820e-02
8.346308949099999763e-01 6.900608176449999576e+00 2.880876904886000034e+01 1.677644016038000174e+01 3.945481623220000067e+00
2.267440161404000065e+01 8.816169877920000175e+00 5.648451231750000190e+00 8.577458241480000467e+00 5.897249666159999570e+00
1.682104986199999930e+00 3.077395455711999972e+01 5.459639843259999736e+01 1.449090990914999999e+01 2.287678758386000055e+01
6.877324945959999880e+00 9.311498687799999452e-01 7.867852119080000151e+00 1.383441647899999971e+01 3.960579082000000195e+00
1.861156373960000110e+00 3.921615113350000126e+00 1.850144265199999971e+00 1.082509013900000028e+01 9.561704447800000173e-01
1.583566335249999923e+01 3.881902352350000029e+00 5.841413283299999648e+00 1.978754722787000020e+01 3.948583127800000092e+00
2.721496310040000033e+00 9.775477979199999723e+00 3.071750706894999894e+01 5.459583595645000287e+01 2.898714913230000079e+00
4.570821239427999672e+01 6.732543799600000156e+00 1.863659986660000101e+01 5.551885774819999853e+01 7.884184609160000079e+00
4.893907207639999868e+00 3.915955548579999945e+00 5.890967131200000040e+00 -1.545950933999999943e-01 2.963154782370000184e+00
-1.239495242399999975e-01 9.046113835600000375e-01 6.869425978239999786e+00 1.484114747369999954e+01 -4.029939134999999811e-02
8.848466135549999834e+00 5.873793874080000421e+00 6.831612122920000196e+00 2.750893837680000065e+00 9.497972529999999525e-01
3.744843326409999840e+00 1.979915532896000130e+01 3.772882627220000273e+01 2.559651502886000074e+01 4.916281012249999804e+00
3.765163011644000335e+01 2.571907524271999890e+01 1.764212780232000100e+01 3.435411481780000109e+00 9.881796499120000021e+00
3.878870225080000012e+00 3.901005806260000153e+00 2.872109634600000128e+00 9.801879898419999293e+00 -4.010330816999999742e-02
5.889970572000000182e+00 1.913671408519999950e+00 7.875891007819999956e+00 1.582040563360000007e+01 1.963882888939999960e+00
4.884581272640000194e+00 9.895150194759999351e+00 8.520715022500000568e-01 1.073356825844000006e+01 9.505641852999999752e-01
2.277550020560000021e+01 8.803909031039999888e+00 2.871945337825999900e+01 1.747834611336000066e+01 1.390962004448000044e+01
1.872915659100999974e+01 2.675794794867000093e+01 1.665231994807999882e+01 1.635577155764000068e+01 5.886793500089999576e+00
9.319194554499999894e-01 5.939008114559999996e+00 6.914686262380000059e+00 1.283752091658999994e+01 9.718485569200000507e-01
8.911449918720000696e+00 1.919506456549999962e+00 8.882548980400000183e-01 5.791190500949999986e+00 -3.720193676999999921e-02
3.894709404099999883e+00 4.906059558259999953e+00 4.871778409400000065e+00 4.775484373340000310e+00 -6.611579478000000065e-02
2.481586900098999848e+01 2.833192637039999795e+00 1.577085344944000056e+01 2.860825726999999929e+01 1.687953497344999931e+01
2.476163152330000017e+01 2.178385189932999921e+01 2.371434420606000160e+01 2.480456020800000161e+00 4.849534809049999673e+00
5.941126632299999599e+00 2.943819655500000021e+00 5.928779274180000058e+00 7.867980504080000159e+00 4.961066442799999976e+00
1.934857455860000019e+00 9.425839421799999673e-01 -8.186514804000000201e-02 7.874727314840000325e+00 2.960514079499999784e+00
1.285824326160999931e+01 1.090038996812000072e+01 2.811563526180000050e+00 1.751591035459999945e+00 2.935313613840000002e+00
5.805208998420000377e+00 8.859191865570000601e+00 2.070936562610999943e+01 2.066369816711999974e+01 8.906933320649999430e+00
1.968399563635999883e+01 1.377529679839999943e+01 2.259643849844000130e+01 6.446552806599999741e+00 8.531123903199999692e-01
2.894040724799999964e+00 -7.781618159999999229e-02 1.849144500830000037e+00 1.480328125998000033e+01 9.479577268000000112e-01
3.900102651400000120e+00 6.930722015439999772e+00 1.886455169064999993e+01 8.822252524319999623e+00 9.514382725000000152e-01
1.084043629531999997e+01 8.893324183599999877e-01 1.280747154388000020e+01 3.578663572595999653e+01 2.930766708000000165e+00
3.762023619999999902e+00 9.839345312800000798e+00 4.169508207071999806e+01 3.962523526852000089e+01 5.893936785600000228e+00
3.063893647360000116e+01 3.745033895110000177e+00 3.455952617150000350e+01 8.449223011275999795e+01 1.583799308584000087e+01
8.947567485999999848e-01 4.928607753439999684e+00 7.871806221559999983e+00 1.840122558020000021e+00 1.955120288690000097e+00
1.896150708379999994e+00 1.925494357250000066e+00 5.864180408520000221e+00 1.483564748460000082e+01 9.518520310300000453e-01
7.881378224839999724e+00 9.178931512000000348e-01 1.878296244499999990e+00 1.377250073671999964e+01 -5.899226517000000225e-02
7.767895468759999922e+00 1.884079664649999941e+01 1.476301402400999940e+01 2.559930297865999904e+01 2.884619296469999927e+00
2.071915952646000036e+01 1.379623725535999945e+01 1.698373236799999964e+00 3.644270009344000272e+01 2.852126165100000055e+00
-8.661884363999999836e-02 9.389992661199999535e-01 1.912674102500000028e+00 1.782624271391999926e+01 9.566805358000000092e-01
6.912951840159999861e+00 1.941015848599999982e+00 8.914541909040000434e+00 4.835198688710000248e+00 3.957580076440000205e+00
9.845354800000000850e+00 1.902831837049999919e+00 -1.637657554499999946e-01 2.273312958512000037e+01 9.505570386699999652e-01
2.377675940162999879e+01 1.086058556210000070e+01 2.376671510759999961e+01 2.462986931577999883e+01 7.930863645559999675e+00
3.064144504603000030e+01 5.768776584330000290e+00 4.731469132099999975e+00 2.338985158187999858e+01 1.882079253919999973e+00
6.876046398219999745e+00 5.923708844280000108e+00 9.873956648440000095e+00 -2.129256493199999933e-01 2.960171127120000190e+00
9.005588377300000058e-01 -6.123707406000000047e-02 3.898161738309999791e+00 1.282871463142000046e+01 1.967211399259999993e+00
1.286794290469000046e+01 1.190316633059999951e+01 8.831576695949999944e+00 3.774868405599999921e+00 9.349298204500000598e-01
2.079341656320000098e+01 1.849838775320000073e+00 2.874082017223999941e+01 3.064997663428000152e+01 1.089725880782000011e+01
3.670156766619999900e+01 1.678476061646000161e+01 2.261432031440000046e+01 1.649098526587999913e+01 7.849943164069999924e+00
3.899522338240000163e+00 9.926020537299999447e+00 1.286914990918000079e+01 5.851475887380000351e+00 2.950012435980000181e+00
1.390101710899999965e+01 -7.396578422999999791e-02 1.865543841020000038e+00 1.882187527167999974e+01 2.949739129020000128e+00
8.838760688200000271e-01 1.091996975144000004e+01 7.849071713419999874e+00 8.797873012289999295e+00 2.939833530480000068e+00
2.979301121003999953e+01 2.846427376079999849e+00 1.072406758051999986e+01 1.961395905115999838e+01 1.489266292776000000e+01
6.740423391310000234e+00 1.380832919374999967e+01 3.267982196879999890e+01 5.522175725280000336e+00 7.863689830400000247e+00
2.896870053989999860e+00 1.925631769700000051e+00 4.866471074749999737e+00 1.681174951351999880e+01 3.945351156520000124e+00
6.903611179360000349e+00 2.931724819739999877e+00 2.884237128750000156e+00 7.829671917769999823e+00 1.950637969009999972e+00
9.881233264000000460e+00 7.904635002350000050e+00 6.860399661429999796e+00 9.756673056460000382e+00 9.926908980129999449e+00
1.825146016849999997e+00 1.187235455591999944e+01 1.080036889039999970e+01 1.765690931573999833e+01 6.897537781539999635e+00
3.871865507790000294e+01 1.279676545797999943e+01 2.969153283782999964e+01 7.466410214179999727e+00 2.384081999717999878e+01
9.390777591700000260e-01 1.953230713399999985e+00 1.926681276979999913e+00 8.876924200000000376e-01 -3.481997220000000032e-02
2.927927262719999923e+00 9.448195794400000569e-01 4.918711163720000279e+00 1.384202209550000084e+01 4.957850995520000303e+00
4.883885035519999640e+00 8.909991848249999791e+00 4.840432839049999991e+00 -2.376238971599999861e-01 9.397639093599999827e-01
1.883819316880000017e+01 1.868607084440000010e+00 1.578046453684000028e+01 3.869770218744000090e+01 9.909652958020000568e+00
2.473491877710999987e+01 2.679339656835000127e+01 2.960860327445999829e+01 5.515203671340000113e+00 8.860575834000000484e+00
8.974511836299999823e-01 5.915832472319999980e+00 1.185021896339999969e+01 1.383052754749999913e+01 3.942105710079999881e+00
6.920212219269999743e+00 9.361516771000000237e-01 8.866224062199999922e-01 8.866945247400000341e+00 -4.388402124000000126e-02
1.289513459335000078e+01 3.912535163199999833e+00 3.857003571999999991e+00 1.833388059260000036e+00 4.935016405399999861e+00
1.582685141920000049e+01 2.859348789299999805e+00 2.077396780548000166e+01 2.765700942687999841e+01 1.589074305037000023e+01
1.578458445118000064e+01 2.281964665711999984e+01 3.370503101965000070e+01 1.572917206520000111e+00 8.863512860789999337e+00
-6.606805094999999850e-02 2.945635845600000025e+00 1.191200747655000036e+01 1.086125187781999912e+01 1.957469999870000033e+00
4.925214988249999593e+00 9.378747253000000450e-01 2.901273503970000167e+00 1.483802594754000026e+01 9.537048080200000166e-01
9.000442342000000151e-01 5.923276395000000250e+00 -1.138251090599999987e-01 7.788345219620000037e+00 -7.138574550000000019e-02
1.585338958528000042e+01 6.888145091200000181e+00 8.831506976010000898e+00 1.668490178821999947e+01 5.895318587280000244e+00
7.752727063700000087e+00 1.581770852476000044e+01 1.472947284255000078e+01 8.514691789409999600e+00 1.838981617129999968e+00
2.931024824220000102e+00 1.948899801350000072e+00 6.924426663850000274e+00 8.551629765999999577e-01 9.536093689600000367e-01
1.932796634420000048e+00 9.483464012500000262e-01 9.229675128400000039e-01 1.284682876591000067e+01 -4.704262596000000074e-02
3.834413016250000084e+00 9.898461835210000004e+00 6.825178998430000199e+00 2.671659495629999981e+01 -5.721712019999999899e-02
1.779770401145999870e+01 1.386855599855000065e+01 1.279844032495000050e+01 3.688458544660000005e+00 1.293160223109999940e+01
4.600426835569999540e+00 1.375521330361999972e+01 9.563163356620000499e+00 4.933867467137000062e+01 -1.337369980500000000e-01
1.866929336299999909e+00 7.916640706519999959e+00 1.187155430750999940e+01 1.378382841500000033e+01 3.957118112379999886e+00
1.090337054455999954e+01 -5.551898111999999802e-02 1.911325898000000079e+00 6.842969815750000073e+00 9.683872130799999756e-01
2.883682752599999954e+00 3.916025696200000183e+00 2.867397116159999815e+00 9.759258927999999500e+00 9.333476433999999822e-01
1.283813598927999955e+01 -1.198236887999999944e-01 9.817866680499999887e+00 2.765177295831999871e+01 7.901976492440000222e+00
2.074009742543999835e+01 1.581567781506999992e+01 1.705391088949999912e+00 3.345143200684000107e+01 3.850166315020000063e+00
4.913264835499999705e+00 4.936151745950000169e+00 4.897735576249999667e+00 4.817995075219999812e+00 4.949949892640000293e+00
-7.945909326000000217e-02 3.940912950249999991e+00 5.913594571920000043e+00 1.283240326125999964e+01 9.538987244500000129e-01
1.876026157939999939e+00 8.915901631740000610e+00 9.867603685600000674e+00 1.176115739952000006e+01 -4.929495083999999722e-02
1.879301381176000163e+01 5.853707225159999972e+00 1.477355844524999995e+01 1.358992465502000080e+01 7.919754628399999774e+00
4.725863470400000210e+00 1.280912337364000031e+01 2.670403501530000057e+01 3.245340833232000222e+01 7.891128612800000219e+00
4.890242770879999590e+00 -7.414941690000000085e-02 5.887107298140000111e+00 2.179057452268000006e+01 3.957036773800000073e+00
4.904261478949999642e+00 1.936528245289999894e+00 -9.811766763000000224e-02 8.114352197499999919e-01 1.963816898239999942e+00
1.876442836520000101e+00 6.923421514600000215e+00 2.890183540439999810e+00 1.976406869719999904e+01 9.383017872700000206e-01
1.584789320716000027e+01 9.084917898100000055e-01 6.867052284579999721e+00 6.683446990960000278e+00 2.927552089349999775e+00
3.713126517670000126e+00 1.781896720401000067e+01 2.174598314301999835e+01 2.743606548172000004e+01 1.858801023560000099e+00
7.923072876019999988e+00 -4.947129593999999991e-02 2.932373479079999790e+00 -1.651050296999999889e-01 2.961512931000000126e+00
9.330774630400000547e-01 9.589131873999999778e-01 4.939310871500000033e+00 9.863153236989999684e+00 4.967105495000000204e+00
1.863685892179999914e+00 9.918701920000000172e+00 1.877409821000000090e+00 8.730975020760000760e+00 9.422447271399999602e-01
1.082002882483999961e+01 1.892520621290000093e+00 4.831705690879999793e+00 2.563855523414000004e+01 6.926779554280000362e+00
1.466979921671999954e+01 1.181024484375000050e+01 4.702139153600000121e+00 2.135459028928000080e+01 1.866230832799999906e+00
1.490035455734999914e+01 4.938611363599999748e+00 6.902970100000000109e+00 6.797739881500000081e+00 1.960727506400000042e+00
1.910930143339999887e+00 9.484892852499999805e-01 2.921948662440000177e+00 9.831400408360000398e+00 9.639291836800000235e-01
9.893138543559999221e+00 2.912606136209999974e+00 9.857365415200000314e+00 1.783629296750000037e+00 1.929132484399999958e+00
3.083545968447999996e+01 2.866749997439999920e+00 1.578041031625000024e+01 2.765876590135000157e+01 1.389104773510999991e+01
7.778380233500000074e+00 2.282236184839999993e+01 1.670889583339999973e+01 5.548673942159999761e+00 3.860589339130000130e+00
4.933798477249999870e+00 2.944889523750000127e+00 8.906763945599999843e+00 9.857255277880000222e+00 9.551316246400000098e-01
7.930226068639999681e+00 9.422372314000000415e-01 -9.120098286000000165e-02 7.873575318260000344e+00 2.953899546600000203e+00
2.886010805999999818e+00 1.922600014219999931e+00 1.187507235864000066e+01 2.479188263055999997e+01 2.956462862069999975e+00
1.282615467663999986e+01 4.877870391050000087e+00 3.804357362799999809e+00 2.677887300000000081e+00 4.930877223589999581e+00
1.374590799283999942e+01 6.828160047099999908e+00 2.771369452045000159e+01 4.552513497198999914e+01 6.899973800649999767e+00
1.088134448509999963e+01 -7.851764969999999733e-02 5.866619679780000318e+00 1.378545217259000033e+01 3.954683069320000133e+00
-7.797074822999999766e-02 6.947231820999999918e+00 3.910579835350000089e+00 6.851269347099999685e+00 9.687119720500000364e-01
4.922778735859999699e+00 1.092744951176000079e+01 4.899937763749999675e+00 3.822897643960000202e+00 -7.413116273999999228e-02
1.908642598039999916e+00 1.915888798909999968e+00 6.883935986950000085e+00 1.777580426987999829e+01 5.913240694259999763e+00
5.844326346239999914e+00 9.850401735040000162e+00 6.795139554700000417e+00 5.614088333639999817e+00 1.847416863979999935e+00
1.945201260349999961e+00 1.949398969520000025e+00 -7.401189510000000249e-02 8.863479526860000846e+00 9.480400714000000173e-01
1.956886545529999966e+00 2.959681614960000040e+00 3.944499222820000206e+00 2.897067391050000218e+00 3.960359584959999957e+00
1.870685784199999979e+00 6.913956356799999980e+00 1.487681979431999935e+01 1.977523980112999880e+01 7.946503967960000026e+00
3.850793982399999926e+00 8.901549465300000463e+00 8.547982902999999855e-01 1.274362203189999931e+01 -6.083007983999999535e-02
5.721860095620000308e+00 1.781292315249000069e+01 3.371682697755999669e+01 3.550772655648000153e+01 1.687846415263999944e+01
5.885586572550000284e+00 3.922767154479999796e+00 7.889793862400000357e+00 1.796170550240000052e+00 9.507774088899999532e-01
-7.923016863000000021e-02 1.946455905799999941e+00 3.922310516170000039e+00 1.788180696270000070e+01 9.673294178800000420e-01
2.915852171520000091e+00 4.930015032860000090e+00 9.053211355300000429e-01 9.808380342819999598e+00 2.931634703999999925e+00
1.901213120089999986e+00 8.915884723799999634e+00 4.888916648600000414e+00 8.776401554159999563e+00 2.921331641700000148e+00
1.280919950796999984e+01 1.838638403930000109e+00 1.780920696439999951e+00 3.858949426800000282e+01 1.384537219879999981e+01
1.919924832079999977e+00 2.932541139360000049e+00 2.907059272410000172e+00 1.479989165621999980e+01 9.339346398700000274e-01
2.958426354719999818e+00 9.660490184800000213e-01 4.953575941070000432e+00 1.913093392519999991e+00 -3.188332367999999889e-02
1.902169392320000041e+00 1.922823200000000066e+00 9.885367931679999387e+00 1.882113659379999859e+01 1.933124815640000049e+00
3.878939149599999858e+00 1.590142591276000061e+01 7.857665400320000160e+00 2.816848363080000084e+00 -8.221335407999999512e-02
1.074437728724000074e+01 5.793035545680000453e+00 4.370390160992000261e+01 6.153598428290000300e+01 1.382395003565000025e+01
1.938386718200000081e+00 8.951974839989999211e+00 1.092619684189999951e+01 3.886310428239999837e+00 2.956926586259999823e+00
9.493361200000000055e-01 -3.996518778000000133e-02 -5.934122531999999617e-02 1.905770334799999910e+00 9.632795944599999993e-01
1.905174022520000010e+00 5.930232561600000452e+00 6.905642717680000153e+00 5.764500564359999579e+00 -6.230883203999999786e-02
5.885289781260000019e+00 3.917837530119999911e+00 7.895008150729999841e+00 3.376282897816000172e+01 4.929124753760000033e+00
1.880253323307999835e+01 1.585251566250999922e+01 5.811900000989999704e+00 1.050978701180000030e+01 1.873359644420000025e+00
1.927497548000000060e+00 9.486977913999999901e-01 9.289755954999999732e-01 1.382685123937999983e+01 1.953718625000000042e+00
5.948735423999999661e+00 9.638193946599999951e-01 3.950203315720000052e+00 2.874757422540000107e+00 9.667818513999999475e-01
8.893688723100000360e+00 7.914887733679999648e+00 5.854768660499999555e+00 -1.992970186199999882e-01 9.377561267199999717e-01
1.782423194885999962e+01 3.855482897439999945e+00 8.756277405480000553e+00 2.767219969707999994e+01 9.898502236389999709e+00
1.774827656972999890e+01 2.380474580639999971e+01 2.666913947172000121e+01 5.540907681600000245e+00 8.854676255699999388e+00
5.912406284910000309e+00 2.929902032999999850e+00 1.188482166444000043e+01 1.086904595216000047e+01 9.509568676299999801e-01
3.920707561810000019e+00 1.939036403000000020e+00 8.924615941600000379e-01 7.880928720200000015e+00 1.954943462449999947e+00
8.652023385400000599e-01 4.909729700659999807e+00 4.809902745109999600e+00 8.789225135580000625e+00 -7.059137363999999637e-02
1.084819808387000073e+01 8.993828335600000390e-01 7.804789484839999680e+00 1.372450844083999932e+01 5.917074505260000450e+00
8.681243446710000811e+00 2.279506593704000039e+01 2.464624138731999992e+01 1.952722140643999893e+01 8.437618135000000130e-01
5.870773120830000025e+00 6.912832242040000352e+00 1.583286892215999941e+01 2.807845323240000024e+00 1.931688758539999995e+00
5.920278458640000352e+00 -5.219989272000000180e-02 -1.030808705399999942e-01 1.287943267288000015e+01 2.955915364440000026e+00
5.915338722239999569e+00 3.918992035270000063e+00 6.892665466300000432e+00 8.123367667599999953e-01 9.229617100000000463e-01
9.887179182400000599e+00 8.923967204499999584e-01 1.285712366179000021e+01 1.774142611946999892e+01 1.089645236209999979e+01
1.835653790450000100e+00 1.484747603205000033e+01 1.779961425875999836e+01 9.626806670949999756e+00 4.850253755329999805e+00
5.932331587500000225e+00 4.937874561680000163e+00 4.913618607860000154e+00 1.085085596198000069e+01 3.940047453100000041e+00
9.545410738899999803e-01 -4.179679055999999809e-02 -6.017361695999999538e-02 1.089165430279999924e+01 9.601697128599999687e-01
-1.163101380299999960e-01 3.913844687770000164e+00 9.871785171279999105e+00 1.676791459852999822e+01 9.220196281600000487e-01
1.586559323968000079e+01 3.898485220720000033e+00 1.845774900829999954e+00 1.376113363249999999e+01 9.113295867399999750e-01
6.734089887099999672e+00 3.980107854922000143e+01 3.471271610443999833e+01 9.476747029180000226e+00 6.826013153439999925e+00
4.936742344489999823e+00 3.949808524959999900e+00 6.923392446130000266e+00 2.892250132320000056e+00 3.957290494960000071e+00
9.368399972800000031e-01 9.516593247400000344e-01 2.928450738990000080e+00 7.868382656119999652e+00 2.958080556000000083e+00
3.874540509400000055e+00 -8.158085424000000030e-02 1.086223325681000063e+01 2.478134113584999909e+01 9.528921658000000239e-01
7.801771977259999602e+00 1.586837705577999991e+01 2.977970934629999888e+01 1.638900522559999962e+00 3.928466076339999891e+00
1.371568589329999988e+01 2.818180514999999886e+00 2.668105671660000056e+01 6.048734884702000159e+01 6.896437307440000275e+00
1.088058008972000046e+01 2.920410245639999847e+00 3.866928501999999934e+00 2.782925261759999991e+00 1.955792540900000098e+00
9.153642339999999988e-01 1.941011652800000098e+00 4.906021467200000430e+00 3.840993312070000165e+00 9.673562693799999668e-01
1.919132759000000021e+00 8.922166725780000363e+00 8.890856893440000519e+00 -2.085006825000000064e-01 1.927163345240000103e+00
1.289081228997999951e+01 2.898370871400000048e+00 1.084793514571999928e+01 1.876319341227999971e+01 1.090366583329999983e+01
5.834003200799999789e+00 1.584646905462999911e+01 1.978092983567000118e+01 1.261420114557999916e+01 -1.453746171599999970e-01
6.934142385430000388e+00 3.938033320060000175e+00 8.914726284480000373e+00 7.842719570299999887e+00 4.942471810639999852e+00
2.955959102820000073e+00 -4.286496347999999706e-02 -6.044712237000000182e-02 7.890653510539999971e+00 4.960585198309999555e+00
3.909242796700000078e+00 7.926302265020000348e+00 3.899303949280000126e+00 2.776269249569999875e+00 -6.079732424999999968e-02
1.286058829503999945e+01 5.886292787250000380e+00 8.851278116970000553e+00 2.467408196859999947e+01 8.906965319699999384e+00
9.812195399080000158e+00 1.985269352150000088e+01 1.779491369591999828e+01 1.157366012636999919e+01 3.878611391200000202e+00
5.933465117699999958e+00 1.944277252040000015e+00 3.924468703660000113e+00 3.839397606399999940e+00 1.955535928039999982e+00
9.405074909799999716e-01 -4.828933259999999839e-02 1.934720156000000024e+00 9.862249720059999447e+00 9.600682716999999755e-01
5.872584910199999619e+00 1.925158556359999995e+00 -1.172324680199999941e-01 5.766250677900000454e+00 -4.937842133999999911e-02
1.682236710368000132e+01 8.889602490179999705e+00 8.830432364400000012e+00 9.664605435160000368e+00 5.930544392159999845e+00
1.169559020640000035e+01 1.882242427995999989e+01 9.710731196199999360e+00 2.144337076696000111e+01 -1.182904219800000045e-01
7.909387496719999966e+00 6.946102501180000388e+00 4.916234501239999943e+00 4.834132836440000247e+00 2.961993281249999832e+00
2.925688652759999897e+00 -4.456443095999999826e-02 1.928603045720000075e+00 7.862945190919999661e+00 9.695590141600000100e-01
6.912477397239999988e+00 4.929572758279999967e+00 5.906644609919999844e+00 8.080847414199999745e-01 1.938971927809999940e+00
1.586248433331999941e+01 4.887064178600000197e+00 9.846466243120000073e+00 2.867510170999999985e+01 1.490322672581999974e+01
1.080481121228000063e+01 1.384732175054000081e+01 1.578712444593999997e+01 4.563423138200000118e+00 -1.337373390599999878e-01
4.940466863000000153e+00 1.950278798000000036e+00 1.935127443440000095e+00 1.185803106590999967e+01 2.956844402849999831e+00
4.949452147639999744e+00 -4.059771029999999920e-02 -5.703934788000000061e-02 7.857575256229999638e+00 1.964179695619999944e+00
4.887175038439999675e+00 1.921728954800000055e+00 8.782889593599999545e-01 9.773623897300000252e+00 1.936775984600000111e+00
8.824102469550000549e+00 1.087683281750000042e+01 1.381174376899999956e+01 9.653316150880000279e+00 3.900986170239999939e+00
9.708754527279999991e+00 1.180312441158000070e+01 -2.883146156999999987e-01 2.745695909124999901e+01 8.448359893300000367e-01
-9.465404282999999308e-02 3.934748580519999983e+00 1.903393661149999971e+00 1.582579164274000050e+01 -4.847809823999999629e-02
1.092806758226000063e+01 3.951137598879999935e+00 6.925729260489999817e+00 5.865264289769999806e+00 -3.706966295999999939e-02
1.287326428555000035e+01 9.049496962599999916e-01 2.284783538693000082e+01 2.076770925299999959e+01 1.092075748615999942e+01
4.838531308160000322e+00 1.388105882402000013e+01 1.480601248197000075e+01 9.697174746219999975e+00 8.980306876000000438e-01
2.772338972716000072e+01 1.379932224080000047e+01 3.168813471934999981e+01 3.549183801120000226e+01 9.832274595999999534e+00
-6.548147892000000247e-02 5.952173266500000004e+00 2.923068528750000006e+00 8.826144743799999581e-01 9.598180740399999689e-01
1.929007319149999899e+00 9.477637382800000454e-01 6.914654230120000022e+00 1.086593899952000086e+01 3.955399896639999913e+00
6.881876825199999992e+00 -9.240951095999999643e-02 7.841415814550000363e+00 2.774871329986000035e+01 3.922383461529999948e+00
4.841134864429999851e+00 3.874975973499999782e+00 1.478706375750000035e+01 2.469678052732000140e+01 1.189847530469999981e+01
2.569910774479999915e+01 7.701759905499999670e-01 4.361505547931000137e+01 6.645409469230000354e+01 2.280954001819999988e+01
5.931813807960000240e+00 9.489547250200000006e-01 1.291401022179999991e+01 4.887042200869999853e+00 9.584082536500000415e-01
-6.138831239999999884e-02 -4.732082531999999564e-02 9.206836295500000489e-01 6.872156723949999879e+00 1.962011809999999912e+00
2.904149285849999984e+00 8.918582094270000482e+00 1.386435442406000007e+01 2.818574090759999873e+00 1.923425308639999942e+00
1.885212915499999919e+00 4.905093275239999606e+00 8.841192939000000806e+00 2.276106581767999870e+01 3.910238800240000145e+00
1.679738309756000092e+01 1.682667255095000058e+01 5.716626854910000333e+00 1.458465368855999955e+01 2.838386408069999867e+00
3.936743064579999896e+00 1.946801330300000021e+00 1.911812547620000080e+00 1.186343464800000014e+01 9.489819069999999579e-01
4.948133618299999981e+00 1.954328501540000040e+00 3.926553007809999940e+00 2.885732362020000163e+00 9.566951328099999596e-01
7.911997933130000327e+00 9.288226269999999563e-01 1.089032277457999953e+01 8.808095854619999443e+00 6.941586520329999566e+00
1.282915680880000053e+01 1.087356929833999963e+01 9.799693914160000574e+00 6.297281911000000010e-01 1.893510834139999988e+00
2.179512730749999960e+01 3.842947143039999958e+00 2.176053828898000120e+01 2.157272956839999978e+01 1.687353809795000004e+01
5.930779251659999751e+00 2.949174221249999839e+00 1.920207812059999908e+00 1.858045534940000021e+00 1.957354211990000037e+00
-6.080253659999999838e-02 9.525100725999999796e-01 -7.176385350000000218e-02 9.868745890090000472e+00 -3.799345014000000270e-02
8.888955522930000797e+00 2.913873855059999851e+00 6.840309930460000132e+00 8.147878299999999907e-01 2.941209907589999784e+00
1.783438938125999940e+01 8.739765266500000296e-01 1.076257516277000015e+01 3.073128649330000073e+01 8.914354730999999532e+00
1.974895821875000124e+01 2.281273563667999937e+01 2.265409035860000131e+01 1.591119403400000021e+00 1.186985546130000024e+01
4.894166423839999780e+00 3.921311960320000178e+00 1.584622972959999920e+01 1.386223796912000061e+01 3.944265033999999837e+00
3.923633848000000146e+00 9.411114391299999493e-01 8.870945892399999533e-01 4.881769807999999600e+00 1.958995235539999991e+00
3.859693138119999922e+00 8.914453427070000657e+00 1.385418003026000022e+01 7.777774227950000174e+00 9.477502663600000377e-01
1.783907896050000019e+01 8.989697416599999880e-01 1.834641113059999995e+00 2.473754828739999923e+01 9.373010428000000394e-01
1.269468642136000014e+01 3.181394910496999984e+01 2.168624918920000155e+01 1.052020154711000011e+01 9.885637707040000777e+00
7.875638431999999689e+00 4.924362366049999551e+00 9.869655245500000618e+00 5.803225662390000039e+00 2.953171955999999820e+00
-8.991504953999999994e-02 3.942780773800000027e+00 2.906431100399999856e+00 1.084080078883999931e+01 9.666245218600000300e-01
5.889267942360000063e+00 -7.255527048000000312e-02 7.877257980020000439e+00 2.376032198009999874e+01 4.951148920249999641e+00
9.819370469800000834e+00 1.087949674711999926e+01 2.079368119992000175e+01 1.259772793419999992e+01 1.091659311577999958e+01
1.875749968090000053e+01 8.474354615799999380e-01 1.172352700028999983e+01 3.350093947900000302e+01 7.891037050399999586e+00
8.919269227799999200e+00 2.950928631840000094e+00 4.914632188399999713e+00 3.842851219599999979e+00 2.965082969550000058e+00
2.917241519160000074e+00 5.946561481199999832e+00 3.907643936079999936e+00 8.836328567429999836e+00 9.639347402800000353e-01
1.087685728111999950e+01 9.899498601999999536e+00 6.828339473439999807e+00 4.814827058299999685e+00 1.936577845640000017e+00
8.811303080400000098e+00 2.840680456049999858e+00 1.970548534783999983e+01 2.669169844800000035e+01 9.901140535990000657e+00
2.871584800831999829e+01 1.576920475276000033e+01 1.458333318929999933e+01 6.546321648700000218e+00 9.853997653900000486e+00
3.900502794639999937e+00 2.923851934019999987e+00 1.385678790140000061e+01 4.841262289580000377e+00 5.952265575720000257e+00
2.906439329999999988e+00 -7.463401964999999416e-02 8.644481345800000271e-01 6.885152373400000414e+00 -4.419270899999999669e-02
1.486517090811000052e+01 8.978253299199999704e-01 2.837903409119999942e+00 1.076821687918999970e+01 4.943286421969999900e+00
6.774971390620000200e+00 5.839935627840000087e+00 1.674473014511000102e+01 4.264363932063999840e+01 2.912943185310000072e+00
2.667923260955999964e+01 3.766418043339999855e+00 1.164283410450000034e+01 5.748537585145000151e+01 7.873945258220000021e+00
5.897649378479999704e+00 1.926028486639999926e+00 1.088698318427000089e+01 6.840024188380000147e+00 9.586238003200000524e-01
1.903419504199999945e+00 9.309784946500000435e-01 1.888750279459999959e+00 1.286534205058000069e+01 -3.835906145999999628e-02
5.889478934399999588e+00 9.260900207200000178e-01 2.866355287679999808e+00 1.283120799771999998e+01 9.284199954399999788e-01
2.283101383099999993e+01 7.889575317920000330e+00 1.279719802876000045e+01 1.669230250549999894e+01 1.089402242527999931e+01
4.720390360339999702e+00 2.381548720019999976e+01 2.567470945939999893e+01 6.536173178140000317e+00 1.820936974159999888e+00
1.942641267499999991e+00 1.962180581599999973e+00 3.928489749400000175e+00 3.874995551200000055e+00 -3.699466667999999625e-02
1.932373760960000020e+00 3.955552566250000179e+00 2.921518217910000104e+00 9.873660185200000328e+00 2.957191459500000175e+00
-1.384922091599999905e-01 4.925046943219999918e+00 7.882018016299999985e+00 1.375628049320000024e+01 9.448545520000000142e-01
1.180362834660000004e+01 5.888993730630000201e+00 8.823517110899999238e+00 2.649051487920000003e+00 2.919593130600000030e+00
1.471122444084000058e+01 2.083114949223000067e+01 3.573703884599999725e+01 3.548335015079999977e+01 3.883337494150000069e+00
6.922876339240000121e+00 9.564133427200000037e-01 1.933190948900000095e+00 2.873720617680000089e+00 9.673110106300000233e-01
3.912659426919999905e+00 1.949726431460000020e+00 3.920185289199999978e+00 1.384458627605000025e+01 2.964125553600000185e+00
2.882655785999999942e+00 2.921895610680000033e+00 8.744621176000000329e-01 3.808255038250000002e+00 1.932918926599999976e+00
2.850111189660000210e+00 8.899338022740000298e+00 1.984173857120000051e+01 4.778089704320000131e+00 1.910458742779999941e+00
6.746913313000000301e+00 4.828795412719999902e+00 1.171852260240000021e+01 5.757796683562000339e+01 8.513446625199999618e-01
1.914342735710000021e+00 5.946459282690000236e+00 3.912433427199999869e+00 6.881948422719999847e+00 -5.026625099999999791e-02
5.936992445759999626e+00 9.575206840000000108e-01 9.349323922000000175e-01 2.889415784370000129e+00 3.963456590799999901e+00
6.871263464050000103e+00 3.922331160640000203e+00 8.454060730000000357e-01 1.178169601061999927e+01 -6.424437239999999938e-02
7.792973477000000315e+00 3.878597855289999785e+00 2.076080919753000131e+01 2.662372604736000170e+01 1.290703749474999995e+01
2.069522584247999930e+01 7.819677276740000238e+00 3.627421586500000128e+00 1.745425248840000165e+01 5.859444754050000093e+00
5.904014290440000146e+00 6.944647818129999983e+00 9.888162015340000721e+00 -1.746262929599999847e-01 2.955146106629999991e+00
2.910013229010000035e+00 -5.244539642999999918e-02 2.897653811610000130e+00 2.384468605104000005e+01 2.958659641200000134e+00
8.856694720000000132e-01 3.914862761380000222e+00 8.817066319500000304e+00 1.977715105040000054e+01 -5.988583286999999561e-02
1.582257519592000072e+01 1.387106845817000078e+01 1.869947257852000178e+01 2.648484635340000004e+00 5.904627056249999839e+00
1.732312128260000028e+00 1.810286411329999900e+00 2.861480311813999933e+01 5.348541333176999757e+01 9.859802044240000285e+00
7.916321212549999764e+00 9.379498414600000444e-01 5.867126173589999993e+00 9.832165915059999151e+00 2.954730906300000015e+00
1.917851599820000086e+00 6.941647188520000178e+00 5.869760106480000239e+00 2.841870790739999819e+00 -4.265957339999999764e-02
4.888012623799999901e+00 2.915731881660000191e+00 3.858988829349999872e+00 6.760714109200000266e+00 -4.943341710000000166e-02
2.980321025294999870e+01 1.685022604927999978e+01 9.756246448089999745e+00 6.584460267039999870e+00 1.291354076848000076e+01
3.746286382720000141e+00 1.380228011456000026e+01 2.669164705512000069e+01 4.246284376311999864e+01 8.885167657560000265e+00
2.933279793750000142e+00 2.947859937120000051e+00 4.916522177600000099e+00 8.855687976480000501e+00 5.969569860870000078e+00
6.926913764800000095e+00 9.427688020000000169e-01 1.913781583100000017e+00 4.839113709500000304e+00 9.665937815499999752e-01
6.897879639610000169e+00 1.924397297300000087e+00 1.383774820340000034e+01 8.855425452240000439e+00 9.263940396399999999e-01
7.774861802480000250e+00 1.983759318317000009e+01 2.569150522412000015e+01 3.619044720399999804e+00 8.457338265400000665e-01
-2.690429831099999669e-01 7.811511607609999963e+00 5.155698121225000108e+01 2.756464512201999995e+01 6.807436127439999929e+00
3.949129801659999828e+00 9.610621514199999549e-01 6.912844716849999571e+00 3.907764951699999934e+00 3.964721563749999955e+00
1.929852392959999996e+00 9.468542961999999452e-01 -1.063381446000000036e-01 3.888556166199999886e+00 5.948015180099999633e+00
9.100905929200000521e-01 8.932349590559999442e+00 1.582668224260000045e+01 -1.453676949000000107e-01 2.928161788500000196e+00
1.181084526677999946e+01 1.185096505439999959e+01 2.553521260800000192e+00 3.166259816119999826e+01 4.845733010060000012e+00
1.180720260444000047e+01 1.484568639375000032e+01 3.460775857973000313e+01 6.501542948200000893e-01 5.845650637920000392e+00
3.950007247119999843e+00 -3.799630295999999879e-02 2.894516129999999965e+00 9.172334224000000535e-01 8.959269930839999674e+00
9.259902433000000155e-01 2.941582267019999808e+00 1.884769655455000148e+01 4.875772282879999864e+00 1.938949418720000040e+00
1.288658917839999951e+01 -8.319300614999999843e-02 7.758723057110000099e+00 2.282273055715999988e+01 5.931137645879999809e+00
1.872024661449999883e+01 1.680243860159000135e+01 4.140333812805000235e+01 8.575200626490000033e+00 9.831414128140000486e+00
8.796674464200000543e+00 6.852678748719999824e+00 4.356674593964000053e+01 1.070185763323999950e+01 1.087786838467999928e+01
1.186668875009999979e+01 9.013273495300000437e-01 1.272540442720000087e+01 1.780691494751999926e+01 3.916595372439999778e+00
-8.733725207999999685e-02 1.936240392350000006e+00 1.381886529872000047e+01 8.676773445700000087e-01 -5.257565982000000221e-02
9.005807101599999642e-01 4.927126697600000327e+00 1.688804309600000053e+01 2.840895652800000004e+00 2.954644383719999823e+00
1.957316166452000061e+01 1.470628327560000059e+01 4.338109919119999880e+00 4.232430285675999926e+01 -1.915559774099999946e-01
1.379553795724999965e+01 1.185884198039999937e+01 2.068453038215999840e+01 4.685029309759999983e+00 7.910443880899999947e+00
2.926329770999999802e+00 4.946767980169999745e+00 9.879689630799999733e+00 -1.215740178000000032e-01 5.966214621359999803e+00
8.748828486099999857e-01 7.912562310350000239e+00 3.180625323259999959e+01 3.796331202400000215e+00 2.943734887379999776e+00
4.933703250409999796e+00 9.435008597499999761e-01 3.857099488959999878e+00 7.900953977600000400e+00 9.619604122599999529e-01
2.861988248720000172e+01 3.368268731949999761e+01 9.820726806599999748e+01 2.645065377585000022e+01 3.278465613456000227e+01
1.189234762715999949e+01 3.908879301099999815e+00 7.756174825459999589e+00 2.083747068119999923e+01 3.936908965539999805e+00
9.933697027179999139e+00 -6.151805009999999907e-02 4.853508895040000048e+00 1.389589249658000014e+01 1.961101345699999943e+00
1.489449183486000017e+01 -8.883395712000000111e-02 1.979372308664000002e+01 1.383868869440000005e+01 6.937555706799999555e+00
5.923112778240000154e+00 9.127432295199999768e-01 2.178535821663999883e+01 2.879874703650000090e+00 9.945287995150000171e+00
3.717233827599999874e+00 3.569502547196999842e+01 4.626012485252000062e+01 2.456162768005000174e+01 6.796703352039999757e+00
4.889507080279999585e+00 7.876692318139999927e+00 5.689879537919999564e+00 1.182931662989999921e+01 3.919406875960000036e+00
5.883939335490000033e+00 6.873553167999999935e+00 2.069083678619999844e+01 1.082949563989999930e+01 2.922279641399999850e+00
6.939471474250000327e+00 -6.648313788000000113e-02 1.183127254338000078e+01 5.907134031360000037e+00 2.957205641789999895e+00
2.926447024979999867e+00 4.927545171140000235e+00 1.483680361056000052e+01 9.022408958800000045e-01 2.961703277759999864e+00
7.643025991880000092e+00 5.263685621701999651e+01 4.017328398949999979e+01 3.240979505843999675e+01 6.792319690360000273e+00
7.897346547019999718e+00 4.896782271050000190e+00 1.771235960599999881e+00 1.084067850799999988e+01 -5.346032724000000097e-02
4.909143495560000403e+00 3.912657529900000153e+00 4.826307359480000336e+00 1.486406815710000018e+01 -4.527220248000000252e-02
5.912042146170000123e+00 -8.699020434000000190e-02 9.813389102560000410e+00 6.872726441500000227e+00 3.954587790640000211e+00
9.392464522000000260e-01 2.926143432930000010e+00 1.585398098085999941e+01 1.900382742919999979e+00 3.965210867740000200e+00
4.563996957189999648e+01 3.463145465507000154e+01 4.217933739490000278e+01 3.945473855725000334e+01 1.379679620719999988e+01
2.926632717479999979e+00 1.916409500119999887e+00 3.832791771280000148e+00 9.888557745700000012e+00 9.603583910199999796e-01
7.933073693299999896e+00 6.925861814560000163e+00 1.850359537279999911e+00 4.893129591440000148e+00 -3.894931656000000242e-02
-9.121191299999999169e-02 4.899267492799999957e+00 1.380527143159999959e+01 5.864461987200000337e+00 2.952311799179999863e+00
7.920981945260000323e+00 9.155732464000000403e-01 1.083754701560000022e+01 1.288950342717999931e+01 1.961310390500000000e+00
1.164650638368000024e+01 5.861230807999999826e+01 7.521678958764999834e+01 1.250020852771000079e+01 2.381123559039000170e+01
9.900030726640000722e+00 3.886679448040000207e+00 1.786188450440000075e+00 1.486085351010000011e+01 2.948399353380000143e+00
2.923294909980000078e+00 2.915309542800000209e+00 -1.612492636500000021e-01 1.689429711005000101e+01 -3.985241552999999742e-02
1.989105942340999889e+01 3.880251505119999944e+00 8.792976685139999304e+00 1.184608348409999934e+01 9.419326471000000200e-01
-6.702581520000000515e-02 9.371863678599999803e-01 1.386926351167999982e+01 8.997256757799999560e-01 2.968606117199999783e+00
3.662166982186000297e+01 3.864189277109999665e+01 3.024166771299999823e+01 4.143676630398000071e+01 8.814398462999999850e+00
5.923763510369999707e+00 9.296818280199999895e-01 1.841415935239999913e+00 1.288169595057999928e+01 1.963701470810000016e+00
9.432616448799999720e-01 -5.128155360000000162e-02 -1.112599395000000019e-01 6.916921322920000392e+00 -2.545670430000000067e-02
1.893771085520000064e+00 3.903776811400000213e+00 2.378331355064999997e+01 1.187772279042000001e+01 9.509417765200000039e-01
8.907576191729999593e+00 9.081483003999999415e-01 1.482633201804000045e+01 1.187290199118000089e+01 9.605505902500000026e-01
3.463796002264999885e+01 6.150042209797999959e+01 8.112357976833999373e+01 4.538569969360000300e+01 2.280067820185999850e+01
6.914779726659999959e+00 3.916835236929999908e+00 8.405451366399999680e-01 8.877044057399999133e+00 -3.671900100000000111e-02
1.940600399600000081e+00 2.940760585200000055e+00 8.841958227999999753e-01 2.907542216279999980e+00 -2.699288063999999779e-02
9.892122045400000729e+00 -1.051150770000000012e-01 1.180483272264000050e+01 1.586581783485999964e+01 -4.520149920000000182e-02
5.905621683599999727e+00 5.909374162499999805e+00 1.381381333520000076e+01 1.783884935952000106e+01 9.564005528200000272e-01
1.758501315846000068e+01 5.159862009412000106e+01 7.321534275026000671e+01 3.392358527829999915e+00 1.780871778719999909e+01
5.893945350540000128e+00 4.907744813479999912e+00 1.811275271480000004e+00 1.282330184125000017e+01 -4.466014379999999617e-02
2.954458682309999862e+00 9.587794920400000143e-01 -8.011768319999999777e-02 4.928213354720000439e+00 9.789284429200000304e-01
9.865014604840000700e+00 1.888349509280000005e+00 1.476704369381999982e+01 2.379457402079999895e+01 3.947298053079999924e+00
1.926551322199999916e+00 2.917963865820000002e+00 1.984926960694999920e+01 3.900313126659999963e+00 2.961080478480000000e+00
3.857236950395999742e+01 6.953283024495999598e+01 1.160727119999999957e+02 3.037868511952000006e+01 2.276296287007999908e+01
1.092065622319999996e+01 3.907342824250000124e+00 6.826331839029999848e+00 1.688358312340999845e+01 9.560676290499999785e-01
8.947976211809999469e+00 -5.773047713999999997e-02 5.890047914850000232e+00 3.926740136439999862e+00 9.720147997000000428e-01
6.892755352000000002e+00 2.882472450599999902e+00 2.877561095528000124e+01 1.685100011930000008e+01 4.940708735480000335e+00
-6.897426291000000043e-02 8.903416256099999870e+00 9.839480458869999779e+00 8.969137364799999457e-01 2.962989719759999918e+00
2.760159825999999939e+01 6.459868910950000043e+00 6.310703594844999742e+01 7.247881155474999559e+01 1.278426227691999983e+01
1.090120592000000066e+01 8.861620815000000206e+00 -2.185923753000000025e-01 1.486915592100000083e+01 -5.415755903999999732e-02
9.918773519140000161e+00 1.878781585970000112e+00 8.037462720700000451e-01 1.187904770255999942e+01 9.531692473599999715e-01
9.912585419650000063e+00 8.874448582499999461e+00 4.801428737330000196e+00 8.743604723200000262e-01 9.527519353600000240e-01
4.923638429360000401e+00 4.908727017860000430e+00 2.844589550879999873e+00 5.893814128919999895e+00 9.630327518200000325e-01
3.432822627820000250e+00 6.033005317149999769e+01 9.584137809951999998e+01 6.515138161379999815e+01 2.071617690639000031e+01
1.904469643279999902e+00 8.818903359999999969e-01 8.805825052019999433e+00 9.852484232080000126e+00 -4.858563869999999590e-02
4.940208319909999979e+00 9.266582098000000212e-01 5.880448707720000279e+00 9.897665482089999855e+00 -2.869795007999999953e-02
4.902607142239999938e+00 2.886711374999999968e+00 9.808873542909999799e+00 8.857147150170000316e+00 9.531801596800000276e-01
4.935411686210000148e+00 4.882336850929999805e+00 9.869716564120000868e+00 6.900045032859999594e+00 1.964456385949999939e+00
3.760548305726000251e+01 6.331977611506000159e+01 1.715491042010999934e+01 3.038477150893000100e+01 1.777564108809000132e+01
4.914430822399999954e+00 2.881688743199999791e+00 9.826062556960000194e+00 7.882414750249999713e+00 1.953060551839999937e+00
9.472466213200000373e-01 3.909292022019999813e+00 3.891009543610000065e+00 2.919284497920000110e+00 -2.771437598999999807e-02
6.889579981089999805e+00 8.820460073699999626e+00 1.977384501919999948e+01 8.850948432390000065e+00 3.939016622800000089e+00
4.902577934450000008e+00 9.043406588800000367e-01 7.844488014140000409e+00 1.585401179487999990e+01 9.589472300800000459e-01
9.240558211802999722e+01 1.142760768824999928e+01 8.387344900623999422e+01 1.480600678748899952e+02 7.739491558400000137e+00
9.905482256679999153e+00 1.190726835203999912e+01 2.818869703499999879e+00 8.535214613799999572e-01 -4.095756737999999703e-02
1.948843853839999918e+00 -4.721545079999999589e-02 9.078818460399999957e-01 2.919685070459999920e+00 -2.198515770000000064e-02
1.887670698500000022e+00 5.886552602040000082e+00 3.786559880800000055e+00 6.829491461920000006e+00 1.951207855040000050e+00
5.933178970620000214e+00 3.929633493699999924e+00 8.423859361600000151e-01 4.898148111680000305e+00 -3.861668520000000049e-02
8.537798686680000415e+00 5.045066242907999765e+01 8.175166367807000256e+01 2.222719068019999966e+01 2.669928497280000101e+01
6.901713843459999609e+00 8.981552518300000010e-01 2.276021716285999830e+01 1.384866491522000054e+01 5.942661255870000048e+00
2.945945576639999786e+00 2.945263521000000217e+00 4.884251633419999905e+00 5.921423102040000330e+00 -3.117487094999999916e-02
6.913498726240000281e+00 9.114347134000000406e-01 1.810200047509999965e+00 1.187638128785999925e+01 1.951709918149999945e+00
3.921581042320000154e+00 6.884212507179999996e+00 1.882577297710000153e+01 5.897953296149999858e+00 2.949581805959999858e+00
2.164310754267999926e+01 7.146788568101999317e+01 3.519783901800000336e+01 3.051373677024999864e+01 1.677038771240000159e+01
-1.300742258400000018e-01 3.077061168387999857e+01 1.971225605360000088e+01 8.336685306700000186e-01 1.391977845859999974e+01
2.889492485699999946e+00 2.682764476235999851e+01 3.773715443300000061e+01 8.517301552900000683e-01 1.192746023291999968e+01
2.914143934979999795e+00 2.872457192639999768e+00 1.480534604880000060e+01 6.885362708799999787e+00 3.944309846439999934e+00
1.910454116059999929e+00 1.188578097983999982e+01 1.579949317348000015e+01 4.868352808430000067e+00 9.521696295999999560e-01
2.766052334052999839e+01 7.559907722000000163e+00 6.323799631834000223e+01 5.057025027288000274e+01 8.809651296000000187e+00
4.883602611199999721e+00 1.284608931286000022e+01 -2.542844493900000002e-01 1.284382607889999939e+01 1.938576904580000093e+00
3.905223016179999895e+00 5.882915676929999726e+00 2.784389654279999959e+00 1.386816914579000048e+01 1.948593013850000055e+00
7.877452478030000371e+00 1.883712083896000067e+01 1.672133363773999903e+01 3.838780700680000102e+00 2.932725784530000102e+00
1.938584052019999948e+00 6.920775981700000301e+00 7.872079433749999744e+00 1.903644360199999941e+00 1.967231122759999895e+00
2.465646070614999985e+01 1.004134851074000068e+02 1.411219325798799957e+02 2.335965041921999941e+01 3.377728144582000169e+01
8.915260614750000201e+00 6.885517163650000327e+00 1.482662373792000032e+01 1.186797835838999937e+01 2.956967110559999945e+00
4.948959403579999972e+00 2.933858735579999877e+00 3.901093949649999892e+00 4.925493733549999753e+00 9.749945993499999908e-01
4.889493028400000441e+00 1.184996966159999943e+01 2.378482951667999856e+01 2.586727664000000004e+01 9.479316423700000493e-01
3.925152172749999835e+00 6.880530877360000019e+00 2.382694146528000090e+01 5.895339256049999754e+00 7.945874921149999714e+00
9.624628508049999809e+00 8.439296882799999366e+01 3.608006108626000241e+01 2.349696422498999837e+01 3.272816883974999769e+01
7.861763421980000111e+00 1.277603176162000054e+01 9.696981776679999498e+00 1.781798873858999954e+01 1.290480123136000046e+01
8.897935742639999646e+00 2.844086600009999799e+00 9.738667049680000076e+00 1.685680244899999991e+01 2.928573299279999986e+00
9.206705278000000270e-01 8.818476068799999679e-01 8.821828800360000500e+00 4.890399410299999694e+00 1.944811161919999920e+00
6.912357110620000356e+00 8.739112123000000176e-01 1.285031549758000047e+01 9.892864340739999207e+00 -4.277042027999999885e-02
2.556994600177999999e+01 7.039398310676000392e+01 7.114206771864000700e+01 8.376774660000000594e+00 3.178064189767999892e+01
6.892623843640000025e+00 3.848890014220000211e+00 -2.011699257300000043e-01 1.286008389751000003e+01 4.944817047379999941e+00
4.931273703199999581e+00 9.106148800000000154e-01 8.701878026800000665e-01 4.909493541919999871e+00 9.670609676800000498e-01
1.686872942440999878e+01 4.823535247609999743e+00 1.975149516871999822e+01 2.384169704573999837e+01 -6.348271239000000121e-02
2.916624372869999871e+00 4.906429415599999899e+00 1.681730481185000059e+01 4.886395935080000363e+00 -3.993590303999999813e-02
5.652290360018999849e+01 1.945268296112000073e+01 7.940459031299999637e+00 9.632497831899999596e+01 4.749196905499999843e+00
9.868667222079999135e+00 1.784482798571999851e+01 1.771523715734999982e+01 7.816508765720000085e+00 4.931400084259999872e+00
6.899864377750000166e+00 7.887626911519999950e+00 1.279067767941999989e+01 2.859304244160000064e+00 5.949965903909999909e+00
-1.018772461799999918e-01 6.883083738159999854e+00 1.078239583280000069e+01 3.867476353599999861e+00 3.946329367600000193e+00
5.915022314369999812e+00 2.891655559920000229e+00 4.816897005200000415e+00 8.879161929569999501e+00 2.951223609539999959e+00
3.062689684420000091e+01 5.149238919108999823e+01 2.315723964072000030e+01 4.445326286280000261e+01 9.790463831320000310e+00
1.188632532413999954e+01 1.854100737740000060e+00 1.474494689786999935e+01 1.783395705267000153e+01 9.338292969399999421e-01
1.589887976848000051e+01 8.782138431999999550e-01 1.879371328887999937e+01 1.486159253223000043e+01 9.469629900999999572e-01
9.074063663200000462e-01 7.880236261730000358e+00 1.179562285983000081e+01 3.865464870879999904e+00 3.949817223550000200e+00
-6.165512639999999600e-02 7.899229236500000084e+00 1.388730541604000024e+01 9.157753608399999967e-01 2.966863669499999911e+00
5.455218025314999863e+01 4.937062514323999807e+01 3.022994843697999912e+01 3.543957479592000226e+01 1.176876454854000009e+01
3.905817376359999926e+00 8.388838768599999884e-01 1.180650002015999966e+01 1.785709723229999923e+01 2.942215695119999808e+00
3.948620021680000036e+00 -7.457960870999999492e-02 2.902841208749999957e+00 4.929368407430000154e+00 9.718134247899999911e-01
1.909754429149999932e+00 7.853770837699999952e+00 1.982421842104999854e+01 7.866390549410000155e+00 1.949043548809999971e+00
7.922376643759999837e+00 4.914290498809999796e+00 1.183107266939999924e+01 1.089329181905000077e+01 1.958921024959999979e+00
1.554878840487999980e+01 6.455376862507999647e+01 6.211319781609000046e+01 2.043840193212000145e+01 2.277981029336000063e+01
1.289154059500000038e+01 7.881585759800000091e+00 3.762102611200000002e+00 1.285395066174999990e+01 -5.894410499999999664e-02
5.929532151360000114e+00 2.923248260459999859e+00 8.491982856399999946e-01 8.904378508560000682e+00 -3.815017865999999896e-02
1.388576366042000032e+01 2.873629103879999924e+00 2.575174087574000126e+01 2.682755873793000134e+01 1.934898083840000060e+00
2.925484259790000152e+00 9.157511653300000054e-01 6.837199081719999683e+00 1.289811021016000048e+01 9.603318473199999872e-01
1.463264691836999987e+01 5.359414779819000074e+01 5.721591409914999815e+01 1.048591151659999987e+01 1.780834005584999957e+01
7.888401822319999646e+00 8.877881986200000242e+00 2.773548980400000197e+00 1.285386581424999974e+01 9.398932695999999698e-01
5.921054049840000388e+00 2.909605875960000088e+00 8.273481889600000638e-01 8.888231787929999683e+00 9.565346912500000132e-01
2.088348508992000063e+01 2.873805061800000171e+00 1.775339022285000112e+01 1.784818534419000002e+01 9.402662948500000173e-01
-7.017495912000000502e-02 9.278831436400000188e-01 5.845020470879999763e+00 1.892930706470000057e+00 9.612428607999999874e-01
2.749907689372000164e+01 3.850677659414999709e+01 1.948645302452800081e+02 3.228343250207999660e+01 3.671781392044000114e+01
1.389993833479999985e+01 2.901508476870000131e+00 1.378287196700000017e+01 1.186334039639999993e+01 1.945523229680000021e+00
2.938607923530000221e+00 9.429139021600000392e-01 8.862514713179999504e+00 6.912981505600000354e+00 2.967611305980000225e+00
2.895254278139999915e+00 1.900236386450000037e+00 9.783124317640000456e+00 1.985757079556000093e+01 9.473341823199999956e-01
2.918871955200000201e+00 1.786593757067999988e+01 8.834803360920000515e+00 2.892435460320000207e+00 4.951559848639999650e+00
5.264199814399999866e+01 8.382840492419999734e+00 4.224913042525000151e+01 5.951149033245000197e+01 7.734038283999999930e-01
9.869033862100000221e+00 9.792630150400000844e+00 7.328391369400000244e-01 6.834707900799999791e+00 5.918818017299999568e+00
3.919507502260000109e+00 8.885751236640000883e+00 8.388411509800000054e-01 5.897563298969999757e+00 1.951905439999999992e+00
8.827701985000000473e-01 2.281999900387999958e+01 1.976460731911999957e+01 3.854643108879999946e+00 7.929628263529999721e+00
9.187668350200000056e-01 9.929255215599999573e+00 1.085320741952000034e+01 2.877499627320000197e+00 -3.334897656000000016e-02
5.559965613920000038e+01 3.059837525704000072e+01 6.203530014820000105e+00 6.037686559059999780e+01 4.815261920570000242e+00
1.858311348590000023e+00 2.087042097899999860e+01 2.575255232645000092e+01 1.853857049239999943e+00 7.940640136579999897e+00
3.923358878919999793e+00 9.937154462769999697e+00 1.087124514185000024e+01 8.961498870399999817e-01 9.706724547399999681e-01
8.869226262399999561e-01 4.900250209910000265e+00 1.380425039986999991e+01 7.842783132620000153e+00 1.952983018639999901e+00
9.910199970460000785e+00 3.896962872700000080e+00 4.849337132599999656e+00 4.890649190809999602e+00 -3.784844555999999915e-02
1.252175557017999985e+01 3.744064731043999927e+01 5.515994854315999874e+01 5.442165655750000042e+01 1.379160999670999921e+01
9.837607182399999317e+00 7.988139333999999536e-01 1.270309147384000070e+01 2.579991561034999847e+01 -7.223329548000000100e-02
1.191521174258999949e+01 -9.846566144999999159e-02 6.852862397590000043e+00 1.289749351989999937e+01 -3.445145378999999591e-02
7.885999951999999702e+00 7.862919355159999846e+00 8.790979373640000816e+00 1.861544098280000004e+00 2.948452913820000187e+00
9.895385970370000450e+00 8.910535836959999401e+00 2.832299107409999905e+00 9.877579629399999561e+00 1.958078718919999961e+00
1.863526759750000039e+01 5.864849212946000279e+01 7.029182766850999542e+01 3.417152899179999981e+00 1.782549410057999850e+01
4.855480860290000145e+00 5.883331496100000280e+00 5.764029965699999813e+00 9.808399502560000371e+00 9.414458670699999976e-01
1.948812568399999945e+00 9.526489697800000211e-01 -7.932316391999999494e-02 4.928056828699999947e+00 -2.098222379999999804e-02
1.087815429766999920e+01 3.896502765160000159e+00 3.802349371990000115e+00 1.181432171954999966e+01 9.504687349000000562e-01
8.913690126000000546e+00 9.320472272800000013e-01 1.285370150656000021e+01 1.187497677782999972e+01 1.958600005759999929e+00
1.055020267783999977e+01 4.463317986029999673e+01 3.815527076157000153e+01 2.137059095233000150e+01 1.678598903410999910e+01
2.826262933140000211e+00 1.586512756744000008e+01 1.967943101419999863e+01 6.782705927530000345e+00 1.091784924919999966e+01
-5.435368596000000191e-02 1.955992371140000019e+00 7.898247514880000431e+00 -7.802451764999999984e-02 9.741720654100000099e-01
1.289251259499999946e+01 -8.329390622999999216e-02 3.796179544480000168e+00 1.684850496937999864e+01 2.949525182099999920e+00
3.893490985900000201e+00 1.900779300289999973e+00 1.081317390014000068e+01 7.870781341519999863e+00 -3.824690480999999587e-02
2.956329072750000009e+01 5.558330777636000164e+01 3.120117260945000126e+01 2.345381698542000137e+01 1.583062320688000035e+01
1.579936467507999964e+01 5.808166604880000250e+00 3.645237602919999986e+00 2.275512489779000092e+01 6.924402194559999835e+00
2.890643826989999887e+00 2.894963347200000037e+00 1.181050568318999971e+01 4.863887352949999965e+00 2.959373968860000037e+00
1.088106024800000071e+01 6.887391805780000098e+00 1.778424426576000172e+01 8.854614135180000289e+00 -4.599683820000000090e-02
7.919087682499999836e+00 1.902322910000000089e+00 6.798222829420000224e+00 5.885227136670000192e+00 9.519081956199999528e-01
2.357360419424999876e+01 6.167170723867999982e+01 8.211755610614000034e+01 1.050901035545000006e+01 1.878899549409999992e+01
5.842515422760000021e+00 1.282798735429000025e+01 1.363541750473999947e+01 1.477611949920000001e+01 9.097394352400000050e-01
4.912447013330000445e+00 3.900856427679999960e+00 6.798764004999999777e+00 7.886653635770000115e+00 -4.992311879999999924e-02
2.289523344979999919e+01 4.877723955199999573e+00 7.756165072249999959e+00 2.085653976924000119e+01 -6.279751718999999899e-02
9.902662972299999922e+00 3.897085670320000084e+00 8.807677064370000863e+00 1.686249642985999841e+01 1.951813964270000090e+00
8.619652771200000174e+00 5.462727536124999972e+01 7.732026217499999632e+01 4.520935078249999961e+00 2.181646531975000158e+01
1.880732718567999839e+01 1.480255007459999916e+01 4.062960841883000285e+01 2.175117674151999836e+01 4.907288929279999934e+00
8.907180745679999845e+00 1.903955605940000018e+00 1.182653383439999928e+01 1.187022323208000074e+01 9.525872315800000267e-01
1.894608294229999990e+00 1.089605296891999942e+01 2.180496061839999911e+01 5.858088273779999966e+00 2.945463837240000160e+00
1.091458347824000086e+01 1.896357341000000085e+00 3.850849886979999859e+00 1.085631693500000061e+01 1.958532966920000007e+00
1.363752583592000001e+01 5.749877311699000160e+01 4.431217583240999858e+01 1.142508723311999930e+01 2.381208494099999839e+01
1.383480397651999994e+01 4.783606403720000344e+00 2.697360318029999871e+00 1.473938731139999980e+01 1.916076346309999900e+00
3.932159306169999979e+00 -8.516333843999999986e-02 6.878920438599999798e+00 1.389267660784999947e+01 9.664832902600000164e-01
1.989078991615999925e+01 1.486082276816999936e+01 2.079718516919999871e+01 1.381051632820999941e+01 2.946321001919999905e+00
6.900107717950000108e+00 9.186760259199999723e-01 2.085380259240000100e+01 1.287127420788999999e+01 1.957225203289999937e+00
1.955835403265000139e+01 3.763946028035000069e+01 9.930002287023999941e+01 3.420657103359999951e+00 1.380403886432000071e+01
1.979883556364000086e+01 1.284309810759999948e+01 4.768017652199999645e+01 2.274700159328000026e+01 8.913994422749999202e+00
2.938271395260000141e+00 -5.000022593999999682e-02 8.900657985780000558e+00 1.192008427652999991e+01 1.973811301940000096e+00
3.868563729999999978e+00 3.894461328639999831e+00 1.879383049264000149e+01 1.481476282530000077e+01 1.946082252799999912e+00
