1.175524846571999937e+01 9.623221647399999856e-01 3.841417229620000207e+00 2.648239999244999865e+01 -2.813143850999999876e-02
3.787383146979999893e+00 3.966079015210000058e+00 8.582123965600000348e-01 4.524260893700000175e+00 1.974143034199999924e+00
2.650657387058999959e+01 9.265131711999999853e-01 8.661460462739999144e+00 6.693204245089999915e+01 -5.596638704999999658e-02
7.872633617119999982e+00 9.766074138400000493e-01 9.022174755399999801e-01 1.967120664275000053e+01 -1.618303860000000136e-02
1.480566577361999947e+01 -3.090966074999999813e-02 2.866881086219999819e+00 1.456419804495000037e+01 9.735752711799999792e-01
-4.016937824999999851e-02 3.869035179159999949e+00 4.806642678980000305e+00 4.933930101439999660e+00 9.497317653100000312e-01
3.258936613571999885e+01 1.017227836383700037e+02 1.151479461942000029e+02 2.337540200564999893e+01 2.752335710542000058e+01
5.961036655860000089e+00 2.864992772099999918e+00 1.803671025499999914e+00 9.338623935400000020e-01 -4.919676750000000209e-02
-3.204874997999999919e-02 1.897575733280000065e+00 1.847838059120000098e+00 3.948513085480000129e+00 9.599176360000000185e-01
3.907731022420000144e+00 1.269269347630000055e+01 2.254254939931999857e+01 7.845657213500000005e+00 1.879498784269999945e+00
9.025074927999999774e-01 1.487925792995999963e+01 2.544477247681999899e+01 1.379825833820000014e+01 6.870653913129999957e+00
1.185214717244999960e+01 1.481735889231000058e+01 5.517676768447999791e+01 6.692595344799999957e+00 1.780402223177999943e+01
9.587695095999999584e-01 -5.326226360999999909e-02 7.595398100800000440e-01 4.927531243999999866e+00 9.418686652000000104e-01
6.888333657579999603e+00 1.859840361290000077e+00 3.138311063389999944e+01 1.176848124942000062e+01 5.849578219379999666e+00
6.885870692200000143e+00 6.856586891800000139e+00 3.635631642034000066e+01 1.873768412034999997e+01 8.851643293320000438e+00
5.827972796160000080e+00 2.960521369499999889e+00 9.798124347999999983e+00 7.773333893000000216e+00 9.474189714999999845e-01
3.205253036399999900e+01 1.975741233049999934e+01 8.487976657369999600e+01 6.079280803064000338e+01 2.268507468271999983e+01
1.566078008785000009e+01 9.146695974399999818e-01 2.459855168800000058e+01 2.056409741055000140e+01 6.889941633940000365e+00
6.767843635240000211e+00 2.945055576180000134e+00 1.175198855754000071e+01 1.271752002895000011e+01 1.929388982239999883e+00
4.880781024800000090e+00 2.971173000719999902e+00 -1.339178556600000014e-01 8.844294785400000691e+00 -3.860350893000000227e-02
1.082768208230000084e+01 4.859089953799999861e+00 6.844984696420000070e+00 1.926585976429999958e+00 -4.789493630999999696e-02
9.254318019430000675e+01 7.380945151535999571e+01 7.266431663228000559e+01 3.336135121024000227e+01 1.758958377704999876e+01
2.455266946965999963e+01 1.365102004711999939e+01 1.560505413147999931e+01 7.812257655679999857e+00 4.882746449299999902e+00
8.792853566219999806e+00 5.830835151479999645e+00 6.820382487039999830e+00 1.914104107280000022e+00 9.445052759500000006e-01
2.916520858110000169e+00 -6.871015998000000458e-02 9.271416469600000099e-01 1.964106287749999957e+00 -2.318059295999999950e-02
-5.906991419999999687e-02 -5.086291319999999838e-02 -8.726298479999999858e-02 9.744495778899999738e-01 -2.415270312000000058e-02
9.257169726003999699e+01 9.062489595079999560e+01 1.486816379762200029e+02 2.930771014121999940e+01 3.834943107608999924e+01
7.792493746399999921e+00 5.830903172040000193e+00 6.657734534020000261e+00 8.910149665600000102e-01 3.903008680300000144e+00
1.927968797899999975e+00 2.929644614999999952e+00 1.887257865800000101e+00 -3.577500917999999752e-02 9.682496515899999823e-01
5.861932948499999796e+00 -1.116525254399999972e-01 4.810324709749999705e+00 8.939883743999999410e+00 2.945549908649999882e+00
3.914417290539999872e+00 1.910463357350000058e+00 2.555172179639000163e+01 1.078028693785999970e+01 8.894706727859999162e+00
4.873944864560000312e+00 1.386619508182999994e+01 3.535236724752000015e+01 6.679064187069999825e+00 1.384494096290000087e+01
9.535615206399999932e-01 -5.021241434999999809e-02 4.752195351350000152e+00 5.877312866429999616e+00 -5.929132607999999804e-02
3.943594726600000211e+00 1.939059517160000023e+00 9.708684779800000442e+00 4.854214782499999714e+00 6.930546282699999949e+00
2.894736611999999987e+00 4.879075219879999814e+00 3.043685097975999909e+01 1.272943851231999979e+01 3.865652920480000088e+00
9.166238423200000485e-01 -3.506420988000000238e-02 9.246767311000000378e-01 2.921087627579999957e+00 1.972989765109999905e+00
1.172992719413000060e+02 3.933652914094000153e+01 8.041168772893000494e+01 1.283491235614000061e+02 2.343366122487000069e+01
1.967117265919999980e+01 1.286462825751999972e+01 2.166893088538000001e+01 1.367463742610000033e+01 3.883025657920000207e+00
8.823607809029999416e+00 2.928024407640000160e+00 8.835269595299999779e+00 7.829795424950000360e+00 2.938167522480000127e+00
-7.153044065999999979e-02 9.702682566400000486e-01 9.339121647999999443e-01 -7.072094366999999437e-02 -2.512342008000000015e-02
9.278200721799999551e-01 9.891861245650000356e+00 6.853803262809999630e+00 9.828850308039999817e+00 5.941866860520000237e+00
1.082456608925000019e+01 1.274362779748000030e+01 5.656857198720000035e+00 2.856773471150000177e+01 2.861188884120000164e+00
3.858316837959999912e+00 1.678887725354000082e+01 1.172279182323000057e+01 1.064407821266000020e+01 5.889400461600000192e+00
5.797362093450000309e+00 2.269923974239999964e+01 2.361235964460000147e+01 3.148587931586000010e+01 4.846155966139999549e+00
8.893208593169999787e+00 4.846031668400000214e+00 9.794596781799999263e+00 9.730091696320000594e+00 2.917341197759999893e+00
7.859768228360000109e+00 9.630351380799999639e-01 4.908482004199999693e+00 1.568517948699999920e+01 9.832641282999999843e-01
1.770551209727999975e+01 5.934397489260000214e+00 3.843174317259999917e+00 2.045751334833000001e+01 -2.959128612000000089e-02
1.573547192206000034e+01 3.932914039869999989e+00 5.833558365000000023e+00 3.543378682590000039e+01 1.969346222300000004e+00
1.772214095016000002e+01 1.931976336890000034e+00 5.830006830900000381e+00 4.241318515468000072e+01 -3.307596201000000125e-02
1.076485030453999947e+01 9.461499291099999542e-01 1.186918718052000088e+01 4.455193866012000115e+01 -2.514582954000000106e-02
7.796706402499999911e+00 4.903492618039999584e+00 1.185038164380000048e+01 2.777110181849999915e+00 9.744349217500000160e-01
8.282199633204000122e+01 2.745919967356000058e+01 4.019512279154000112e+01 1.017264634918600024e+02 5.852885271989999971e+00
3.658930698790000235e+01 1.279904175076000072e+01 1.770725789999999833e+01 3.054685713159999949e+01 9.499486460499999563e-01
1.864162289611000034e+01 3.831572794990000030e+00 6.750017757880000246e+00 2.861309955368000146e+01 9.562963957300000262e-01
-7.317882468000000418e-02 9.655342302699999602e-01 -5.545247849999999923e-02 -7.659266850000000237e-02 9.914703111999999541e-01
3.938686378509999919e+00 1.667165259229999918e+01 3.364269468567999866e+01 2.927906840999999982e+00 2.904390274619999879e+00
1.074151356139999969e+01 9.654809991154999693e+01 8.247969222419999369e+01 1.070041442221999972e+01 2.958167157312000128e+01
1.980692770339999909e+00 8.938108905399999582e-01 -1.146533275799999918e-01 9.776487838599999813e-01 -3.150539712000000048e-02
-1.938428657999999999e-02 9.062138478700000332e-01 1.892466740900000000e+00 -1.985456852999999827e-02 -3.041952732000000048e-02
9.417485535399999774e-01 2.368777331840999878e+01 1.465849803192000067e+01 3.939334956040000169e+00 5.906647546170000318e+00
9.790548126400000495e-01 7.796151110240000293e+00 1.862928859599999853e+01 5.896429347569999813e+00 3.910832000500000127e+00
1.959604517540000090e+00 1.360368513266000079e+01 4.034747427647000251e+01 1.180819577946000010e+01 1.081942410313999936e+01
-1.323436968000000005e-02 4.874512266320000009e+00 1.276936465648000052e+01 1.930550812219999912e+00 3.941648973760000008e+00
1.989180818659999961e+00 1.904146665499999891e+00 2.809014149999999876e+00 2.951313895380000218e+00 1.950524997500000079e+00
-2.768886828000000078e-02 1.173746017560000077e+01 1.853762953545999892e+01 5.865663359760000084e+00 8.880945061140000263e+00
1.884372944689999940e+00 -2.819009789999999890e-02 3.946501866819999815e+00 1.178599986300000069e+01 -1.366086707999999983e-02
1.169997081600000044e+01 2.928852499800000064e+00 1.855959782510000045e+00 3.543859016721000188e+01 -3.694348358999999943e-02
1.173106044336000053e+01 1.936989656930000026e+00 3.875469352600000139e+00 2.549628974203999832e+01 1.968621687019999955e+00
1.270970990284000024e+01 9.382944389499999760e-01 2.872024931279999915e+00 3.049269468988000042e+01 9.687519787599999654e-01
1.178240270160000058e+01 -5.121370799999999668e-02 5.901071654399999922e+00 3.059713586145999997e+01 9.733904915500000143e-01
2.866290133710000188e+00 3.905433018400000122e+00 1.078278847706000043e+01 3.890625595780000001e+00 1.965355940360000053e+00
6.996318525152000234e+01 5.414860582480000062e+01 1.022625000294799946e+02 8.503053108800000359e+01 6.712966480300000427e+00
4.839434345569999962e+00 8.642423791900000207e-01 1.876388731983999847e+01 4.848808662679999770e+00 2.953785668700000144e+00
3.868471150239999989e+00 3.869582288800000214e+00 8.781838005239999134e+00 2.870888416230000129e+00 -3.496090571999999758e-02
-6.720858845999999609e-02 1.943772116599999933e+00 2.887811628780000195e+00 9.357400642600000040e-01 9.820060249600000013e-01
-2.335436063999999853e-02 1.472634985596000057e+01 1.570630241427999962e+01 2.852016812670000068e+00 1.907103627199999929e+00
2.968222666439999990e+00 2.062283841209999835e+01 3.955240893477999720e+01 2.378842105020000020e+01 6.859829925249999683e+00
1.984689502309999964e+00 8.823410220059999531e+00 9.794630336049999997e+00 8.899362140490000073e+00 2.931196445399999906e+00
9.873111037599999751e-01 3.845709717700000141e+00 5.822763515250000133e+00 4.918009844660000240e+00 1.948492446679999990e+00
-2.853288504000000073e-02 2.166715075243000044e+01 2.260998593960000136e+01 8.816276870819999445e+00 7.872580743560000371e+00
1.951076267299999945e+00 7.862709665599999731e+00 1.888623302240000079e+00 -2.998832220000000048e-02 -4.329244664999999659e-02
3.558467328407999730e+01 1.166747381344000019e+02 7.087016052612000294e+01 2.069402547270000170e+01 2.755533289707999955e+01
6.885360671649999986e+00 9.677442344319999279e+00 1.075078801279999929e+01 5.934356555909999997e+00 4.903297051640000070e+00
5.931946312620000050e+00 7.813458522800000416e+00 5.853736516379999699e+00 3.959097073600000183e+00 1.940675214439999907e+00
2.949428309339999998e+00 4.855509490550000251e+00 6.889609600360000030e+00 9.705541947400000424e-01 -4.473486144000000247e-02
-1.448202239999999905e-02 3.794352416949999807e+00 1.577788198144000020e+01 1.983986368849999904e+00 2.918320123260000010e+00
1.905495416750000004e+00 1.006374957543300042e+02 6.963359135912000397e+01 2.896175370449999953e+00 3.548494721160000154e+01
9.800122861000000185e-01 2.070960006359999994e+01 9.706686901839999493e+00 -2.122868735999999812e-02 3.891923755780000160e+00
9.824287914999999538e-01 1.873706292406000173e+01 9.738340102900000517e+00 9.796691862999999945e-01 8.993882800000000399e-01
1.979964261199999909e+00 1.169620352381999950e+01 2.169607468765000036e+01 -2.234386295999999869e-02 6.886103773750000379e+00
1.916377479199999900e+00 -2.592254826000000081e-02 7.941661337600000259e+00 7.850027349800000387e+00 4.980052494499999760e+00
2.655827083349999995e+01 9.891550266399999458e+00 7.170185871099999941e-01 2.632111959563999903e+01 2.907487406820000064e+00
1.571274510972999927e+01 2.923373420039999893e+00 5.825726779560000068e+00 3.255128749706999969e+01 1.940641508719999964e+00
5.065633978367999646e+01 4.904994918559999917e+00 7.776135306349999610e+00 2.738148404049999840e+01 -7.900864335000000460e-02
4.876025348749999822e+00 -3.480823368000000168e-02 1.092624819589999952e+01 1.380136653661999979e+01 -2.496707712000000023e-02
9.588213925299999829e-01 1.775097800801999881e+01 1.167990346128000034e+01 3.901717710399999817e+00 4.936850528089999912e+00
1.588138245628000078e+01 4.828151523774999987e+01 5.413391920936000190e+01 1.472634681683999958e+01 5.808688748699999849e+00
-1.812704669999999976e-02 1.884346089949999969e+00 8.628089683599999837e-01 1.957297921039999888e+00 -2.842051211999999799e-02
-1.903594445999999898e-02 8.892099042400000153e-01 -1.348658375400000053e-01 -4.395339773999999700e-02 -2.951702775000000084e-02
1.953196249519999927e+00 1.071821050291999988e+01 1.766083296060000052e+01 8.888920978050000699e+00 3.929676504700000184e+00
5.931431513879999784e+00 -5.688567387000000031e-02 2.827124053049999919e+00 1.080465678010999930e+01 9.826816864599999812e-01
6.810027809920000230e+00 1.483880815644000073e+01 2.454330478102000157e+01 3.347432083374999934e+01 3.952897596850000195e+00
5.864821444949999574e+00 9.880912270719999668e+00 2.170070860935999946e+01 1.963655533604000070e+01 -3.465781262999999973e-02
1.936251306289999974e+00 1.944147689300000037e+00 4.837771168519999776e+00 8.811450873000000072e+00 -1.663090136999999941e-02
6.899518272039999900e+00 4.914788309420000445e+00 1.677382604900000018e+01 1.271882452260999941e+01 -2.476288583999999848e-02
2.909557939349999955e+00 5.902534499819999780e+00 1.371648258823999988e+01 4.862673422150000313e+00 -3.887451224999999982e-02
8.838737195580000261e+00 1.682193823784000131e+01 4.349042467945999846e+01 1.377481934336000080e+01 4.927415348390000283e+00
1.942977116990000086e+00 4.940669936479999969e+00 7.822715344549999728e+00 3.912661196769999794e+00 9.739070609500000142e-01
2.936780208750000121e+00 1.930993066549999915e+00 4.801604324270000390e+00 7.906029839360000366e+00 9.706154436999999691e-01
3.928145564199999829e+00 9.213795523900000228e-01 9.774584898309999659e+00 1.088813457820999986e+01 9.681091805799999506e-01
2.962853895719999908e+00 6.872929318149999744e+00 5.868875790599999753e+00 1.920235364210000073e+00 -7.001783774999999210e-02
5.827766148150000269e+00 5.644194412368000258e+01 3.942498663111999946e+01 1.560842528020000053e+01 1.968053905856000085e+01
9.118831456000000557e-01 1.671796655926999975e+01 2.771122322260000104e+01 9.802802817279999914e+00 2.283265259707999917e+01
9.472431739600000178e-01 6.847125498879999661e+00 1.282388395989999985e+01 3.882277642360000058e+00 3.898895475999999860e+00
6.910137404440000353e+00 1.171987738247999999e+01 1.570109963362000016e+01 1.180278771725999931e+01 3.837752075200000057e+00
1.934703287750000111e+00 1.087345299691999934e+01 1.582804752891999911e+01 2.264592496973000024e+01 5.942376823560000076e+00
5.918623593000000405e+00 1.846683430039999907e+00 4.778135431249999954e+00 2.756224789299999856e+01 1.930237486400000035e+00
4.923333067459999768e+00 1.885285793367999929e+01 1.282204885684000040e+01 1.359651257131999991e+01 4.931825095309999796e+00
1.952359825700000107e+00 2.902979479799999929e+00 8.873564134589999597e+00 6.732931613019999872e+00 -4.128796475999999688e-02
4.896383067410000400e+00 1.679708877919999921e+01 2.070507045773999977e+01 3.744183065645000141e+01 3.910511143299999937e+00
1.085285741851999930e+01 -3.287076471000000000e-02 6.827125315840000042e+00 2.455880560359999976e+01 1.964722154239999963e+00
9.328200255999999913e-01 9.852648201999999467e-01 -7.504236980999999529e-02 1.807307687360000026e+00 -1.710074267999999939e-02
1.467834522863999958e+01 5.930080957949999565e+00 2.459423147767000017e+01 5.904028440410999679e+01 2.922641570460000171e+00
3.936128018619999835e+00 -1.413124217999999974e-02 2.924629801320000055e+00 9.814671578800000518e+00 9.844684136200000379e-01
1.385634921187999957e+01 -3.383228412000000018e-02 5.819813831400000304e+00 2.754937499068000051e+01 1.961728410439999903e+00
1.185219631758000070e+01 9.546329125000000415e-01 2.836533200159999879e+00 3.150243192829999828e+01 -3.931232130000000130e-02
9.929340272890000207e+00 2.978085304199999950e+00 1.925819884100000046e+00 1.777664097920000019e+00 -1.771343316000000001e-02
1.471763651262000039e+01 9.139037635000000215e-01 1.467289409874000050e+01 5.106801527332000035e+01 9.302435111800000378e-01
1.954799297839999950e+00 -1.369223351999999949e-02 1.952265054079999951e+00 8.604539597800000550e-01 -1.056260736000000020e-02
1.085596453640000014e+01 9.560876360500000226e-01 1.084220435359999968e+01 3.153600853429999873e+01 -3.629521547999999681e-02
2.369175103725000042e+01 9.085620743200000238e-01 7.854062427169999694e+00 5.889843512159999683e+00 2.930374748190000211e+00
6.692092511827999601e+01 2.267168871424999921e+01 3.853381082880000008e+01 2.563574861816000094e+01 1.975825106606000148e+01
6.990184258909999926e+01 1.965344633731999835e+01 2.948324108186999837e+01 2.161670951632000026e+01 1.875185055054999950e+01
1.914969974599999958e+00 9.725138812000000410e-01 1.958763183499999894e+00 -3.159311849999999616e-02 -2.071140029999999840e-02
3.893669916519999941e+00 -3.288359429999999917e-02 9.458807912200000168e-01 3.961890314050000139e+00 -2.642176259999999902e-02
2.916888182580000155e+00 9.617042643400000035e-01 4.860736424599999772e+00 2.352945740495999871e+01 2.946686085120000076e+00
9.606322374400000363e-01 9.807921889299999751e-01 9.358080313600000144e-01 7.826664027699999915e-01 1.973019192410000011e+00
3.825392638359999875e+00 1.914433722200000076e+00 1.170021890685000088e+01 5.402497552479999854e+01 3.883236116169999974e+00
1.963625566519999976e+00 9.827167513600000293e-01 9.397913124700000287e-01 8.802310278960000289e+00 1.976498984000000014e+00
9.180703143999999760e-01 1.959811391539999947e+00 1.285766455791999974e+01 2.453527511169999897e+01 1.944613478179999966e+00
1.981320748759999972e+00 -4.670349434999999938e-02 -1.126448175599999990e-01 1.939628762479999935e+00 9.699053345200000509e-01
6.791830622079999991e+00 3.247642329890999946e+01 8.167564138807999541e+01 3.837398183183999834e+01 1.867540234555000112e+01
5.952404387039999634e+00 4.874079528680000273e+00 4.708745293279999800e+00 2.857005392880000105e+00 3.924929322310000135e+00
1.953151616089999987e+00 7.876078974800000410e+00 8.717391369359999587e+00 9.860692703230000689e+00 -7.173857016000000086e-02
9.254025202600000277e-01 3.817834965759999921e+00 2.054729111988000056e+01 1.178904738674999919e+01 2.888680650239999981e+00
5.899477086780000157e+00 9.530714520099999865e-01 1.481907398549999932e+01 1.355412717968000003e+01 1.968475987459999965e+00
8.870977666079999935e+00 9.400376796399999568e-01 1.176782546531999962e+01 1.544462704780000095e+01 2.956529717040000005e+00
3.861722670069999808e+00 2.935681434030000148e+00 1.674579995260999965e+01 2.739067801030000027e+01 -4.499428500000000192e-02
6.873577024120000267e+00 5.939128467599999794e+00 7.780601721680000082e+00 2.447831456061999944e+01 1.958436930079999971e+00
7.906618207160000189e+00 -4.248602846999999932e-02 5.838050871240000106e+00 2.159536998856000167e+01 9.695728392400000395e-01
1.577850609939999948e+01 5.908460386109999796e+00 1.070948754407000081e+01 1.569872881384000074e+01 5.929869924600000175e+00
2.159156217856000026e+01 6.819924088599999656e+00 3.344405941275999794e+01 4.042122189853999714e+01 7.868589745579999573e+00
3.249766786794000240e+01 1.278219585351999932e+01 3.531187353392999739e+01 2.830007369935999861e+01 1.284567553083999947e+01
2.167342860720999909e+01 6.858647682460000006e+00 3.356380970341000136e+01 3.055543288671999846e+01 7.897298359309999682e+00
9.342109948600000324e-01 -2.823267797999999898e-02 2.915021513280000143e+00 2.910643495680000026e+00 -2.033278200000000063e-02
1.467760918649999979e+01 3.950420151099999888e+00 1.081564890049999939e+01 1.268142196504000019e+01 7.899542140310000349e+00
9.772155919719999417e+00 9.666838503100000368e-01 5.868752030699999622e+00 1.776704676696000007e+01 1.928324175680000030e+00
5.510617825645999801e+01 8.720771803300000347e-01 1.851707017216000040e+01 4.913826486664999749e+01 4.730181134900000472e+00
3.812510274430000123e+00 -2.736652229999999783e-02 8.903155056400000600e-01 6.821520696610000378e+00 1.941976897400000013e+00
1.910679339799999932e+00 1.987778729720000026e+00 3.951163862320000053e+00 9.193454204500000060e-01 9.724299490000000157e-01
8.837387769599999388e+00 -1.876737276000000135e-02 9.223557587199999741e-01 2.565486203264000054e+01 2.893069018829999894e+00
1.919492965999999967e+00 -1.054353186000000012e-02 3.959767144479999779e+00 8.820367119720000204e+00 1.943430034969999998e+00
3.144441069679999856e+01 1.931062633400000061e+00 1.373111045761999982e+01 8.176686115808000466e+01 2.161942135581999835e+01
3.921000099790000082e+00 -1.023298433999999917e-02 1.960150060639999969e+00 5.822530630530000195e+00 -5.586420879000000145e-02
3.921323080000000072e+00 -9.024276419999999535e-03 -3.511567079999999841e-02 2.831791876500000082e+00 -5.043638420999999733e-02
6.838910465919999737e+00 4.884684259280000163e+00 1.671112871908999864e+01 -1.379828131199999919e-01 2.892192724380000080e+00
2.958372609194999825e+01 1.174304134938000033e+01 3.837427595741999653e+01 1.971784875124999914e+01 1.275629955249999981e+01
2.149328396812000008e+01 2.370212206421999923e+01 4.525302524058999865e+01 1.670381514620000019e+01 1.071557964560000009e+01
1.269310745109999949e+01 6.822499435000000112e+00 1.854858698704000020e+01 8.780881845599999735e+00 1.282398720411999982e+01
9.313232792500000246e-01 -3.966939522000000051e-02 3.918143369920000119e+00 2.950285128149999991e+00 -4.078082699999999866e-02
1.941091778000000101e+00 9.766265832999999619e-01 3.864645099850000154e+00 7.771317696079999671e+00 1.955217536479999962e+00
1.379621949368000067e+01 3.922726080999999976e+00 2.257277875645999998e+01 4.034442073280000329e+01 6.846776298159999996e+00
-7.050781080000000089e-02 -2.516367060000000017e-02 4.843741527049999718e+00 6.744021566829999870e+00 -5.510848607999999788e-02
7.874994728239999908e+00 3.953659554940000209e+00 1.075305547820000029e+01 2.253069223051999970e+01 6.902821908880000024e+00
2.910755073989999886e+00 -3.564459026999999836e-02 5.806835452499999661e+00 1.467309706206000008e+01 1.930869233749999969e+00
-3.635354924999999876e-02 7.885453396399999981e+00 4.929150584660000334e+00 1.561336881549999944e+01 9.722879252199999600e-01
1.947791956249999901e+00 4.830331519399999607e+00 5.895389550570000026e+00 3.043780670766999918e+01 1.960808347640000004e+00
9.447702877000000443e-01 1.482665056511999957e+01 6.889054939900000285e+00 2.340767171390999835e+01 9.596457643600000420e-01
-1.009189934999999913e-02 9.665776260999999758e-01 -2.132468612999999930e-02 1.890317127259999896e+00 -7.602828479999999660e-03
-4.115426616000000121e-02 3.864738555220000205e+00 1.919506460600000075e+00 2.854723652668999989e+01 -3.203506988999999666e-02
2.896266653400000113e+00 6.808044296500000314e+00 4.871839297100000188e+00 8.828041173120000806e+00 9.559443721600000554e-01
1.275610021149999973e+01 3.156089378360000097e+01 1.868905197064000134e+01 2.158661537005000142e+01 6.892025683750000020e+00
7.751465211680000245e+00 2.860202373247999930e+01 2.368246039638000155e+01 2.957126623211999927e+01 4.891905269149999569e+00
-4.316780790000000062e-02 3.924086592640000148e+00 2.945250525360000093e+00 9.228064548700000147e-01 -1.821730338000000088e-02
2.904687019739999876e+00 8.831055092399999751e+00 1.879143357080000021e+00 8.836715156940000426e+00 9.603434586700000386e-01
1.374452486600000078e+01 -4.075317036000000032e-02 1.281678362545000027e+01 1.661563922119999859e+01 6.886516910200000119e+00
1.479365006433000040e+01 3.969001847559999963e+00 2.855296020719999994e+00 6.686566842040000402e+00 1.907502978259999926e+00
2.751113531512000066e+01 1.920495656089999947e+00 1.558670698915000052e+01 4.024136702479999883e+01 1.477362700607999990e+01
1.766862731033999978e+01 2.949426183899999998e+00 7.775768955500000246e+00 2.249892267377000010e+01 6.849588136210000400e+00
1.921487793500000096e+00 -1.217050433999999903e-02 1.943897355560000095e+00 8.966118721600000452e-01 -3.448501776000000019e-02
2.259909182354000023e+01 6.889436401300000234e+00 2.878185509400000175e+00 1.460629176207000057e+01 6.882594788139999586e+00
1.912458687049999995e+00 -2.510883765000000017e-02 1.970805202400000011e+00 9.045970749099999653e-01 -2.871473975999999997e-02
4.713756084948000336e+01 1.175954442383999954e+01 1.672830533690000010e+01 4.013669337350000177e+01 1.574053616680000012e+01
1.476623911515000032e+01 1.932530233520000085e+00 3.923422950730000025e+00 6.759027713500000090e+00 2.927394297300000225e+00
2.885992321799999871e+00 -3.217132403999999751e-02 9.655993939600000520e-01 5.884347331679999904e+00 -3.338022959999999845e-02
-5.502460166999999930e-02 -2.326637033999999840e-02 6.911114925399999720e+00 1.880106221899999985e+00 1.950432957200000095e+00
1.669129344475999943e+01 6.873531697329999801e+00 1.850371397281000085e+01 3.235168357592999655e+01 1.173728607824999948e+01
4.796011187599999559e+00 2.913117777570000122e+00 1.866014020000000073e+01 1.555011383865999974e+01 6.815643778060000102e+00
3.858316211019999997e+00 2.940283964999999888e+00 1.476675381345000027e+01 1.269322565034999961e+01 3.872155768149999844e+00
9.245180634399999819e-01 2.971286165820000047e+00 3.880727509719999802e+00 3.840677698809999985e+00 9.350150624199999871e-01
2.370417095840999977e+01 3.944874259300000130e+00 8.844835719600000701e+00 2.262129055718000004e+01 6.876654315369999715e+00
2.858568828960000197e+00 -2.782716929999999936e-02 1.924062020480000079e+00 8.072906190399999904e-01 -6.154975349999999845e-02
3.936483344074000001e+01 4.881255648349999809e+00 2.066937070484999950e+01 3.617051021011000245e+01 1.573448257753000057e+01
1.664484000874999836e+01 9.335940940000000410e-01 6.819164298879999642e+00 3.358417478524000188e+01 5.851534332119999959e+00
2.913849396299999839e+00 -1.529027198999999976e-02 -4.341684887999999742e-02 4.897010282000000103e+00 1.965784815919999984e+00
5.795641847039999739e+00 1.963875880010000019e+00 3.877046527900000150e+00 2.569907766140000049e+01 5.880498789209999799e+00
1.181898119352000087e+01 1.969266022580000053e+00 9.893082044439999834e+00 1.074243834650000018e+01 6.898930513359999850e+00
2.933602517675999977e+01 3.885587046399999966e+00 2.360853295836000143e+01 5.603611097064000290e+01 1.965053496403999844e+01
7.855453531700000269e+00 9.748363415499999851e-01 2.913038983199999876e+00 6.782612098749999596e+00 5.916670164600000170e+00
1.923799552940000046e+00 -1.296644031000000058e-02 9.559615117599999934e-01 5.882487110789999640e+00 -4.370998545000000235e-02
9.619361317000000300e-01 5.880601055759999696e+00 9.833177152270000221e+00 1.683251749150999999e+01 4.964591575760000097e+00
5.884718465579999780e+00 1.564774571527000013e+01 2.853071840000000137e+01 2.953976917800000024e+01 2.891588679839999898e+00
9.515039724099999541e-01 3.849077702559999814e+00 1.481014073040000056e+01 1.579905633399999942e+01 2.953537065929999983e+00
1.968489529039999963e+00 4.901313702650000437e+00 3.879995924200000168e+00 2.875838589479999818e+00 1.969001554339999904e+00
-4.230422153999999907e-02 1.859715014599999883e+00 7.829728118000000237e+00 8.820303482879999990e+00 -3.969247293000000010e-02
-1.586247299999999846e-02 2.914798189799999939e+00 2.897490288000000191e+00 1.375274696540000008e+01 -1.933101611999999900e-02
-5.986383489000000196e-02 1.867992495625000160e+01 2.161434096210999911e+01 5.511346804261999921e+01 3.928899871840000113e+00
2.972085263219999884e+00 3.855915661000000050e+00 9.826272124209999959e+00 1.159865625738000006e+01 -3.093635429999999978e-02
-1.322319978000000007e-02 1.925593131080000076e+00 5.917157421719999810e+00 9.797828498739999503e+00 2.984612146499999952e+00
-2.764094867999999927e-02 7.855075117520000205e+00 5.824010204070000363e+00 2.159163161581000168e+01 -3.121695530999999899e-02
8.862771314699999792e+00 9.818555413780000407e+00 8.764318017900000868e+00 1.927985199589999921e+00 9.389543078800000053e-01
2.866528441360999935e+01 2.360951447424000094e+01 3.551164288703999716e+01 7.833074981300000239e+00 5.867144515229999691e+00
1.763589546062999958e+01 2.553198563284999878e+01 2.542090078781000173e+01 1.680123201182000159e+01 2.836767422999999955e+00
3.898007372559999961e+00 2.872840012410000199e+00 4.842414169519999589e+00 4.949282193440000199e+00 2.954549775719999882e+00
4.916607746809999568e+00 7.891179492950000096e+00 5.864419880159999821e+00 -4.609016072999999603e-02 5.962654933799999668e+00
2.158658763321999885e+01 8.912383256800000542e-01 8.548974845200000283e-01 1.776167793305999965e+01 4.902172003759999619e+00
4.866540859489999704e+00 9.652842010900000158e-01 8.952862250069999916e+00 4.921020489920000074e+00 -3.403349136000000108e-02
5.500322007500000154e+01 1.274404571050000001e+01 1.065199400570000066e+01 3.448660109552000108e+01 1.275974625315999944e+01
1.075081659283999969e+01 9.362456208999999641e-01 3.917973648999999892e+00 2.856533720969999912e+00 4.944718792759999815e+00
8.967452710600000154e-01 9.716968981900000468e-01 -3.780827441999999594e-02 6.934599986020000273e+00 1.973147503699999916e+00
3.953985974410000104e+00 1.916708085560000052e+00 6.901355364999999686e+00 4.831073254219999669e+00 1.968974168239999933e+00
4.824009153499999591e+00 1.266961015785999933e+01 1.660222719664999858e+01 4.040373719642000339e+01 6.877419283420000085e+00
5.948600357310000142e+00 1.908276124879999980e+00 1.087905399139999929e+01 3.810904174840000103e+00 9.655324134399999592e-01
2.940142604610000099e+00 3.890694294040000223e+00 6.867871444869999564e+00 8.792687893680000144e+00 2.958434688000000090e+00
9.467283735999999505e-01 2.901483886079999852e+00 1.877302804609999987e+00 1.179511704479999956e+01 9.644865219999999573e-01
5.930949243119999714e+00 2.874680569740000191e+00 -1.187874242099999922e-01 3.832326168699999869e+00 9.681969594699999515e-01
8.747921024280000069e+00 1.457635111971000086e+01 1.554715604347000024e+01 2.642532972524999835e+01 6.883359342280000348e+00
6.871199105499999682e+00 1.077408172792999963e+01 3.784394732980000065e+00 9.705152311479999128e+00 9.370100381499999465e-01
2.925613669440000120e+00 5.865404746200000297e+00 1.868189036149999982e+00 1.182733832235000015e+01 1.963406741780000075e+00
2.929448053919999850e+00 3.875824370740000191e+00 3.876323657980000004e+00 4.840275346700000370e+00 1.964402750989999946e+00
8.734460921369999298e+00 -6.551435519999999901e-02 7.880578763749999993e+00 1.567583435743000031e+01 8.866030487399999771e+00
2.858577354209999921e+00 3.967363209460000206e+00 5.939799447300000423e+00 3.834059489319999958e+00 9.370569476800000297e-01
4.424309461386000208e+01 9.819853719039999262e+00 1.666696080823999893e+01 6.305570965935999794e+01 2.061666191100000134e+01
4.833290709409999941e+00 2.961615078479999941e+00 2.928567009630000051e+00 9.804809537200000591e+00 1.918547294239999923e+00
9.117562817800000108e-01 -1.938253373999999918e-02 -3.439977254999999901e-02 5.906958802440000156e+00 9.622270464400000112e-01
1.466487549240000021e+01 9.849575138949999698e+00 5.933850126900000355e+00 1.077490198495999962e+01 1.939671080120000113e+00
2.912659710419999826e+00 9.545321687500000207e-01 -1.950020729999999911e-02 2.930625003359999869e+00 9.813332689299999467e-01
2.923949884079999961e+01 1.766270215548000166e+01 2.848292957550000004e+00 2.846363471920999899e+01 8.864477429849999979e+00
7.852866391700000115e+00 -5.481839429999999652e-02 1.974906854479999918e+00 2.907924272219999828e+00 9.770908704399999811e-01
5.871426022139999645e+00 -5.924643749999999875e-02 -2.654907839999999866e-02 1.902250336430000077e+00 -2.381278499999999951e-02
4.866157495400000421e+00 7.895440897280000314e+00 1.382630813924000002e+01 1.905483779479999917e+00 1.914171057019999900e+00
2.276484081782000146e+01 6.810203560479999751e+00 2.366700159174000007e+01 1.282210911381999985e+01 7.842595650829999876e+00
1.165007792639999984e+01 1.071270102062000085e+01 2.951631644205000171e+01 1.073438341894999937e+01 1.075837669220000059e+01
6.807085440369999851e+00 5.847268478460000196e+00 1.875099990393999860e+01 4.863041796380000115e+00 7.877555601560000120e+00
-3.968370143999999655e-02 -2.950223714999999913e-02 1.949640813650000082e+00 -2.597829893999999834e-02 1.974498705200000037e+00
9.708599098000000316e-01 -2.578652819999999873e-02 1.919588675600000016e+00 -1.350329227200000037e-01 9.726543967599999840e-01
6.798473777949999963e+00 7.819722856250000298e+00 2.448466968291999990e+01 5.412290949172000154e+01 1.081944221150000018e+01
3.941718634569999935e+00 4.948167724160000169e+00 6.853139120319999833e+00 2.735817694050000082e+00 3.944729192350000080e+00
5.869359588210000034e+00 2.883012297780000122e+00 2.365881727802999990e+01 2.045758940652000035e+01 6.882449537320000310e+00
1.952749864999999918e+00 9.591873399999999439e-01 3.877727816470000199e+00 7.798133185100000198e+00 9.563048594199999863e-01
-3.419263448999999844e-02 3.934827367600000070e+00 1.945368032059999974e+00 1.063320018725000082e+01 4.920983195899999885e+00
9.683075414799999781e-01 1.938220982480000076e+00 9.460230741999999804e-01 2.066851049862000167e+01 5.927766066240000242e+00
9.508743229599999625e-01 2.904679459200000036e+00 6.920997363609999731e+00 1.548256655680000016e+01 4.890849817280000345e+00
-9.201163409999999279e-03 9.810068567499999892e-01 9.861818049999999669e-01 -9.854728919999999892e-02 -2.224387979999999793e-02
-2.679201360000000101e-02 3.950101979049999823e+00 1.959110950519999950e+00 1.173575924526000058e+01 9.403057540000000492e-01
9.812015127100000011e-01 9.804935006199999581e-01 -6.831746063999999397e-02 1.869291155360000012e+00 9.614778053500000476e-01
9.904792761999999584e+00 3.901047477520000140e+00 2.070412804056000056e+01 4.236321999039999753e+01 1.581009385812999923e+01
9.744839405199999804e-01 -2.682938375999999875e-02 1.913355987230000110e+00 8.300660175999999835e-01 -5.150571300000000158e-02
9.689680073799999960e-01 2.966765011500000160e+00 4.885291270039999745e+00 6.790891307199999893e+00 9.370849088799999560e-01
9.618383274399999738e-01 9.597680662599999968e-01 6.880858349020000375e+00 1.273474546059999923e+01 2.921831100659999958e+00
7.833190661449999759e+00 3.868921750000000159e+00 7.801212722479999861e+00 4.859309157620000263e+00 2.912833397099999999e+00
1.271964741376000063e+01 8.780677447769999588e+00 1.467243392640000010e+01 1.176837674078999996e+01 5.860825369079999625e+00
2.265087093097999826e+01 1.571295650515000020e+01 3.259008040991999877e+01 1.769554400399999849e+01 4.816944352940000229e+00
7.796518876160000389e+00 4.842659281999999621e+00 1.876137291702999832e+01 5.829675796860000148e+00 7.898034769999999760e+00
-4.688183448000000225e-02 9.652424804200000485e-01 9.421723382500000188e-01 -3.692563199999999990e-02 -2.369967174000000079e-02
9.727239809440000329e+00 -4.929918633000000133e-02 3.892936625139999940e+00 3.159377510666000077e+01 5.879703834149999864e+00
2.884847689739999943e+00 9.805323320200000081e-01 2.959394555009999817e+00 -1.592261193600000013e-01 4.955460773809999608e+00
2.938436115564000062e+01 8.865140428000000128e-01 2.274433573585999824e+01 6.307539023097999831e+01 1.372060141394000077e+01
9.812525892040000031e+00 1.959802570639999963e+00 5.916537616200000294e+00 1.069071403070000059e+01 9.908520477579999763e+00
3.909867278350000142e+00 1.983250146080000054e+00 -3.719129984999999805e-02 8.580217420000000317e-01 9.575520609700000074e-01
-2.199747860999999929e-02 8.906111422560000435e+00 1.279513824250000020e+01 4.889747984000000436e+00 9.531851743899999452e-01
1.935722543150000030e+00 1.471816290407999972e+01 4.335010989740000298e+01 1.763148399732000016e+01 7.855326956239999880e+00
1.956847582099999983e+00 3.813890761480000169e+00 2.260263741224000000e+01 3.768134786500000111e+00 5.910158973119999715e+00
9.787261883500000259e-01 6.899088008949999740e+00 2.788516883729999840e+00 2.880607077300000096e+00 9.503888697100000282e-01
1.974007379449999933e+00 5.890057534410000351e+00 1.275163771575999938e+01 1.086447788749999965e+01 1.945539591680000013e+00
5.841124837439999773e+00 1.949822533100000088e+00 1.927700007499999924e+00 2.813092069080000091e+00 5.891129298060000075e+00
4.902592652960000130e+00 9.661009589200000303e-01 -4.773186791999999706e-02 9.872511750999999336e+00 1.928183413069999963e+00
2.242475657167999969e+01 7.801589518280000135e+00 1.372777745504000002e+01 3.027162208324000048e+01 2.555808918533000096e+01
4.856124883999999753e+00 1.949123705599999923e+00 1.929211763150000092e+00 1.181920167470999949e+01 1.891394163199999978e+00
9.453309939999999800e-01 -1.858289768999999911e-02 2.975065868819999793e+00 9.226504002700000040e-01 -3.696767991000000225e-02
3.962540305840000165e+00 3.937636781320000168e+00 1.879822276400000103e+00 1.876629828260000021e+00 1.957795914709999918e+00
1.180740968741999986e+01 1.366474425944000082e+01 4.937262984544999966e+01 3.339947342608000014e+01 9.780048622900000765e+00
6.935572651840000269e+00 2.891854366320000036e+00 9.785650866399999259e+00 1.791596976769999960e+00 5.924119935480000265e+00
9.432432837999999986e-01 2.903193040350000143e+00 3.805480625439999987e+00 9.809550596799999411e+00 2.931951789030000199e+00
3.948635196220000143e+00 5.914901221800000108e+00 7.830993480560000108e+00 9.838687711060000396e+00 1.942104440000000043e+00
1.566270023901999942e+01 1.280311676032000001e+01 8.897943864699999761e-01 6.867364396210000166e+00 3.930745784890000039e+00
5.826015084479999828e+00 3.895278691540000171e+00 1.941444204139999963e+00 9.296359804000000615e-01 3.960852570400000161e+00
4.417780926348000037e+01 2.552776751977999936e+01 1.474405047573000083e+01 7.671196816640000193e+00 5.836373571030000207e+00
4.867504369069999726e+00 6.918999760240000185e+00 1.957318374350000001e+00 -5.622938999999999715e-02 -2.817979874999999856e-02
5.860398273899999566e+00 1.925871705470000084e+00 9.605636531200000272e-01 1.952411695669999947e+00 -2.564405892000000062e-02
3.835447903840000006e+00 4.943639590070000089e+00 2.917111307609999926e+00 9.821244291399999327e+00 3.891734752000000075e+00
4.872085792250000047e+00 -4.218968430000000214e-02 9.362863525600000347e-01 1.188991645103999950e+01 3.918639656919999936e+00
4.337841299354000313e+01 1.676862323755999995e+01 1.867712043087999874e+01 3.532691181167999872e+01 1.764347550947999821e+01
1.082856561248000027e+01 -5.906161169999999544e-02 2.913268002600000184e+00 1.082157154435999935e+01 4.887661942400000292e+00
-5.247075833999999966e-02 -1.776636179999999815e-02 -2.699324189999999929e-02 -5.882757839999999683e-02 -3.422859768000000025e-02
1.379525101231999962e+01 9.580753047700000247e-01 4.897913373679999793e+00 9.754968121479999255e+00 6.884320669720000119e+00
5.898581549160000215e+00 1.978484577499999952e+00 1.953098270299999939e+00 1.876500301160000106e+00 1.943196718520000088e+00
2.736769124223999938e+01 4.869999940999999666e+00 1.769813848017000169e+01 4.421349800280000153e+01 1.765823816366999921e+01
1.875905574049999913e+00 2.975712943800000065e+00 4.940204552600000021e+00 5.846973628739999818e+00 9.355171312000000183e-01
2.923130313120000157e+00 -1.541157515999999963e-02 9.640926676000000084e-01 4.907784979759999722e+00 -4.017546863999999635e-02
3.948837645999999868e+00 1.868276296639999945e+00 8.893859313960000179e+00 4.813706601499999849e+00 -2.694904991999999902e-02
3.854942283999999830e+00 2.561675951599999834e+01 1.168063035203999966e+01 2.845341019774999936e+01 2.923713231239999821e+00
1.934933357720000080e+00 7.826945239069999616e+00 9.856672766380000894e+00 6.749855116360000018e+00 9.650722216599999514e-01
-3.586388399999999865e-02 4.907663852359999801e+00 2.924988043259999948e+00 5.865232605000000099e+00 -1.862409509999999810e-02
1.946154297439999903e+00 6.863719456960000187e+00 9.889922892159999535e+00 6.801933547149999981e+00 9.726778503099999806e-01
4.861929557839999916e+00 -3.055364954999999910e-02 5.917623858599999842e+00 8.761715925300000762e+00 -1.009825817399999937e-01
1.898146270550000070e+00 9.818757445600000411e-01 1.951906288069999995e+00 5.854571349360000454e+00 2.938915539659999965e+00
2.639192237685000109e+01 1.885892857039999981e+00 1.570659599472999979e+01 5.510730957698000054e+01 2.063704431360000058e+01
7.863195493070000097e+00 9.753348390399999568e-01 1.934804368460000035e+00 8.822409286319999211e+00 5.920607773859999590e+00
-6.961670550000000068e-02 -1.317814758000000058e-02 9.664268818600000310e-01 2.899828676999999910e+00 9.572814318700000324e-01
-2.498089086000000042e-02 2.896000354559999934e+00 2.913987340919999891e+00 1.169636548979999979e+01 -2.674625669999999844e-02
9.562094397999999495e-01 6.822576490300000351e+00 6.846876747879999670e+00 2.545358900929999990e+01 2.952603361109999991e+00
9.650482084000000516e-01 4.855310688200000335e+00 2.872643550149999836e+00 2.556609091613000118e+01 -3.966707052000000011e-02
9.914266295200000467e-01 9.664994724400000070e-01 9.698811122799999573e-01 1.892601231680000051e+00 -9.519891929999999697e-03
9.704069326900000014e-01 1.884196519400000103e+00 1.897190912000000118e+00 1.063420066603999992e+01 9.687798767799999933e-01
9.555245264799999694e-01 -1.821127050000000136e-02 2.927018177039999891e+00 1.897582090160000012e+00 -4.108001669999999939e-02
7.739591202979999807e+00 3.894450519999999916e+00 2.555861253686000012e+01 3.340761736695999673e+01 1.475132200934999993e+01
6.823027809340000083e+00 4.927171709299999591e+00 1.968557077775000153e+01 2.562704637127999874e+01 6.827233089579999969e+00
7.872850776499999981e+00 6.946414672749999575e+00 7.774059409999999559e+00 1.269809604750999910e+01 4.875246392810000273e+00
3.925261956099999949e+00 -3.053522204999999795e-02 1.868282384600000068e+00 5.826177667679999672e+00 2.928408520980000151e+00
-3.813156000000000184e-02 -9.358215930000000210e-03 -6.988846292999999210e-02 4.854648327709999656e+00 9.546332024799999427e-01
9.866975534650000768e+00 -3.286795643999999850e-02 9.760998296080000358e+00 2.350591214594999911e+01 5.847040850640000009e+00
2.875619089200000200e+00 1.968321074959999972e+00 9.783994332160000695e+00 1.954326196279999905e+01 6.861113024379999814e+00
3.940351093749999922e+00 9.856006559200000128e-01 8.898104734560000395e+00 9.789065261019999298e+00 2.933176031939999984e+00
2.923933049039999954e+00 9.815360103100000400e-01 1.875300412519999904e+00 1.672287725960000060e+01 2.913989595959999956e+00
4.882049408660000367e+00 7.896686269039999928e+00 7.786209100579999820e+00 3.905935229739999848e+00 3.913480880319999855e+00
4.727887781089999741e+00 7.751074372909999788e+00 2.447771920899999998e+01 1.277090089438000042e+01 1.280013648519999947e+01
1.169651944812000011e+01 1.472965059705000002e+01 2.945472063437999921e+01 1.275555601381000059e+01 9.781815439449999872e+00
8.842834666439999936e+00 9.851334539139999791e+00 1.369317059059999941e+01 3.872600368240000090e+00 5.884310312250000230e+00
9.560102607999999558e-01 -3.873847761000000223e-02 1.921459267729999976e+00 9.652057866100000050e-01 -3.086974799999999894e-02
8.777584202759999954e+00 5.824214358899999944e+00 3.941318709219999938e+00 6.767495259909999561e+00 9.505034725600000067e-01
3.888652750599999930e+00 1.912382364800000012e+00 9.693019776700000367e-01 4.874078282090000158e+00 9.760752333100000122e-01
3.254826024194999690e+01 2.065307181600000064e+01 2.883851700780000193e+00 1.856624028471999921e+01 4.898106367519999615e+00
-3.992380569000000129e-02 9.706081941999999962e-01 -9.952281270000000110e-03 -4.450673303999999608e-02 -8.752718249999999478e-03
2.916456169890000005e+00 2.937585411120000156e+00 -2.155395419999999937e-02 9.154348530400000516e-01 -1.844178515999999809e-02
1.570847775108999933e+01 9.487485565300000090e-01 1.089239183533999977e+01 2.159245704063999938e+01 5.894288597760000137e+00
2.906069181059999895e+00 -1.676543831999999928e-02 9.650404518399999798e-01 3.865941053679999850e+00 9.657158946399999611e-01
2.932946244984000117e+01 5.879342169960000142e+00 1.875271507651000036e+01 5.106568532856999809e+01 1.475678705099999988e+01
1.771740733608000085e+01 1.952671436749999989e+00 5.900070954480000296e+00 2.662061224536000026e+01 6.901402623640000122e+00
6.892619777440000206e+00 -1.881693989999999941e-02 2.961221011050000129e+00 7.852569445700000372e+00 9.604550256399999597e-01
3.960111783279999909e+00 1.906583528629999913e+00 1.181818851779999946e+01 8.670310115499999526e-01 -4.646832623999999634e-02
6.845672539509999766e+00 1.562362791424000008e+01 6.035595717561999862e+01 3.447200091679999900e+01 8.819779404780000220e+00
4.914283033040000248e+00 5.804772451349999862e+00 7.616705184439999776e+00 1.270454075904999947e+01 4.898420297600000417e+00
4.926262136000000069e+00 8.826839718749999619e+00 2.170112505411999848e+01 1.473826467732000012e+01 2.913799832400000067e+00
9.568902755799999493e-01 1.905998495600000009e+00 7.813573682120000363e+00 8.853021960299999549e+00 9.537638262400000011e-01
1.374167392520000064e+01 7.788701745980000091e+00 1.188186700556999931e+01 9.907283614060000687e+00 9.490815993700000286e-01
1.469115571074000037e+01 1.577355338355999947e+01 4.867140780319999749e+00 2.897911270919999893e+00 1.939760538140000046e+00
1.859377268395000016e+01 1.868370682600000166e+01 1.808729665850000057e+00 7.849416255020000399e+00 2.916572814749999853e+00
9.011760723099999648e-01 3.922883402440000111e+00 -4.473107064000000216e-02 3.964674482499999986e+00 -1.960471188000000031e-02
2.884694312999999788e+00 2.910910257839999904e+00 1.950423391910000026e+00 9.603336301299999489e-01 -2.197447542000000031e-02
1.474054048896000069e+01 1.962891755120000026e+00 1.483019266920000057e+01 1.361234915672000056e+01 3.895530906909999924e+00
7.821923962399999652e+00 -2.443273307999999783e-02 2.885751076260000048e+00 1.373175945392000052e+01 3.930043860760000118e+00
2.944204573169999861e+01 3.921816085690000175e+00 2.163857400831999911e+01 4.618843816447999728e+01 1.177037662350000069e+01
1.170200877599999956e+01 1.958434825699999937e+00 1.281642635064999958e+01 1.955406311111000051e+01 9.879893021799999175e+00
1.919097321500000008e+00 -1.165497254999999996e-02 2.947557492840000126e+00 3.879657299649999835e+00 9.659034792999999786e-01
1.887470320700000093e+00 -1.621616760000000115e-02 3.893352218320000002e+00 1.463052704873999943e+01 1.957400884999999979e+00
4.887009864859999553e+00 -1.617343199999999800e-02 3.894070030600000010e+00 1.662590545280000143e+01 2.959121240760000049e+00
9.790213110399999863e+00 9.712535276799999506e-01 5.806338852839999731e+00 4.729414032623999731e+01 2.921645476200000147e+00
4.872475689799999898e+00 9.826739380000000246e-01 1.887145703480000103e+00 2.259637068605000110e+01 3.954265711960000207e+00
5.903801062800000388e+00 -1.307384793000000017e-02 2.911126013490000108e+00 1.671050964607999845e+01 2.965100450160000012e+00
-3.473978543999999696e-02 3.883094237379999925e+00 6.791815845250000372e+00 1.891117911080000047e+00 -3.969536057999999840e-02
6.895842135639999704e+00 1.465935203355000027e+01 3.739907025344000147e+01 1.569587743239999966e+01 8.882267534369999495e+00
9.521821716399999636e-01 2.839660300739999865e+00 1.171093379825999925e+01 9.853170768640000077e+00 3.943441657660000210e+00
9.763215211000000338e-01 2.920504635749999967e+00 4.856023447700000162e+00 4.922950719110000151e+00 9.727230507399999837e-01
9.697992796000000082e-01 2.898930047609999949e+00 7.818849602540000276e+00 3.910577040849999797e+00 -3.471246170999999631e-02
-2.824970255999999930e-02 -5.849843004000000041e-02 -8.698468067999999553e-02 5.874473489999999742e+00 -2.760613649999999961e-02
9.840975778000000673e+00 1.065971631566000077e+01 2.945533068426000156e+01 3.430856544046999801e+01 5.848539844740000326e+00
2.971449706440000060e+00 2.939980701000000085e+00 1.913524244480000025e+00 2.878400338410000092e+00 -2.811107834999999888e-02
1.947786146929999962e+00 5.886393782099999861e+00 9.818280408250000590e+00 1.477840966079999951e+01 1.950669452899999934e+00
-5.891895530999999991e-02 5.877572550000000007e+00 1.081070440399999910e+01 1.373151027199999952e+01 9.431563797099999924e-01
9.765690392800000508e-01 -8.173109141999999883e-02 8.877051073620000565e+00 1.761067639331999857e+01 4.947593528929999707e+00
9.698439770200000254e-01 5.895397186440000326e+00 5.846610248160000189e+00 3.051487597368999971e+01 4.930245302090000337e+00
9.811611982000000287e-01 2.935717959359999796e+00 6.906899552559999655e+00 8.708710239720000246e+00 -4.241170772999999783e-02
-9.010307159999999746e-03 -3.022578341999999918e-02 -4.500205856999999615e-02 1.858668821840000041e+00 -2.075190839999999787e-02
-1.922642567999999913e-02 1.929046470499999888e+00 4.896565349000000289e+00 1.368051177289999920e+01 3.953445891519999922e+00
2.915839010640000062e+00 9.837299228499999160e+00 1.280232559120000069e+01 2.915629379399999888e+00 9.601523739999999751e-01
1.078331068001000048e+01 1.955384886043999870e+01 2.151569979957999834e+01 8.792503855199999663e+00 4.900282058300000188e+00
9.798354245440000554e+00 2.157059583399999880e+01 1.555148875857999968e+01 1.280052761800000027e+01 5.900147287260000262e+00
9.624064484800000097e-01 9.193977100000000346e-01 3.903898210149999937e+00 1.961081709679999951e+00 -1.951891991999999895e-02
3.925608779470000087e+00 9.840021663610000857e+00 1.805669293880000081e+00 2.926014794399999897e+00 9.639227393200000549e-01
1.062829830133999920e+01 3.790604114409999781e+00 6.822463477480000371e+00 7.832978537839999866e+00 2.907495825959999891e+00
1.276254727042000070e+01 7.862042078990000071e+00 8.879472833490000383e+00 4.887182399720000348e+00 4.940778319339999669e+00
4.205820508710999661e+01 1.948058725699999982e+01 2.359073840126999855e+01 2.562829963784000142e+01 9.770866377040000827e+00
5.845132061340000185e+00 -8.454797495999999413e-02 1.929483943399999957e+00 3.933675392080000055e+00 -3.783876200999999884e-02
2.888230886400000141e+00 1.940582906029999943e+00 3.948604932189999861e+00 4.951641465859999869e+00 9.747895154500000325e-01
2.664011413260000083e+01 4.898537723299999591e+00 4.851573879560000080e+00 1.681425415501999865e+01 6.903274109199999842e+00
2.074287853451999908e+01 1.917444265399999903e+00 1.088112124909999956e+01 4.853972739919999668e+00 2.923272022619999966e+00
5.294670523127999928e+01 1.269076969632999941e+01 1.955228287447999946e+01 1.946645399791999864e+01 8.729351336880000645e+00
5.855526630960000034e+00 9.576387236800000258e-01 4.934545364479999918e+00 1.919471678390000102e+00 1.958137085900000018e+00
9.197544404799999906e-01 -2.400055514999999834e-02 -3.377477654999999634e-02 2.953987609799999969e+00 -2.248679069999999849e-02
-1.777135139999999960e-02 2.946460529279999907e+00 6.804017924200000067e+00 7.886317286509999747e+00 9.537268707999999595e-01
9.343206640000000229e-01 6.804197962900000007e+00 3.530504549070000309e+01 3.358630235607999737e+01 1.782682156178999833e+01
9.832866300999999476e-01 -4.530501719999999871e-02 8.278489795600000312e-01 7.899650643050000198e+00 9.559027640799999670e-01
-1.281478643999999986e-02 9.665070183999999731e-01 4.873622389790000398e+00 9.228905790400000475e-01 4.970154213499999862e+00
-3.325218480000000087e-02 4.902585758239999869e+00 1.665943039700000128e+01 9.794637447850000456e+00 1.919039429989999990e+00
-3.596999399999999819e-02 2.948946234600000160e+00 3.834311350720000178e+00 -2.738796623999999874e-02 9.620628829299999740e-01
1.265949548536000080e+01 3.453736930352000201e+01 9.843125567005000676e+01 7.747046172440000156e+00 2.061285555818999882e+01
3.884721913749999977e+00 5.829390833999999799e+00 2.446223626149999930e+01 9.081292848399999951e-01 2.869102601939999886e+00
9.647967876399999865e-01 1.949820412520000046e+00 8.402396905000000249e-01 9.734487767199999642e-01 3.958670394759999933e+00
4.942701610880000374e+00 1.922224143440000033e+00 9.738176371119999786e+00 2.956821248999999874e+00 1.936924096340000068e+00
6.789693906880000185e+00 3.863015459230000115e+00 9.421224543999999756e-01 1.571848467819999939e+01 9.741060382599999734e-01
2.859548838787999969e+01 1.672476712973000090e+01 4.872905935070000361e+00 2.646492573284999850e+01 -5.301038924999999791e-02
2.849895355664000007e+01 1.463211359087999952e+01 5.837026814159999688e+00 4.330236213404000267e+01 1.933127376859999913e+00
6.738754864209999695e+00 1.184602612800000010e+01 9.277680434499999684e-01 1.670167100600000154e+01 9.681951442599999735e-01
4.898173547299999875e+00 2.925831302669999801e+00 -2.980624877999999908e-02 5.861637768299999607e+00 9.864870567400000345e-01
9.594037752399999786e-01 9.476801851599999660e-01 8.752789110699999986e-01 -2.610753443999999993e-02 -3.586926239999999738e-02
3.430046890970000106e+01 4.216631035120000348e+01 1.219286488102899995e+02 1.262003308887999964e+01 2.944288111871999902e+01
7.854421680799999805e+00 1.280816584671999969e+01 2.157017576395000091e+01 -7.969279283999999852e-02 3.888238686699999835e+00
-3.383769249000000146e-02 9.572334094000000126e-01 -1.010495250000000012e-01 -2.077390475999999972e-02 -2.861580149999999947e-02
5.912273510520000386e+00 3.887139925750000113e+00 1.175034971774999981e+01 3.948726039339999883e+00 3.927937361800000193e+00
6.867750793749999971e+00 -3.843231300000000267e-02 1.176980716919999992e+01 8.430047194599999960e-01 4.918900416979999690e+00
1.456484864909999999e+01 1.186126012685999953e+01 7.226772666147999757e+01 1.745062396217999989e+01 2.270399029601000152e+01
2.870842882079999825e+00 4.960720678100000391e+00 1.675801772450000016e+01 7.839793299500000145e+00 5.912430339480000185e+00
5.887881413519999718e+00 -3.378501656999999964e-02 1.078978638863000050e+01 8.634764180799999744e-01 6.924072939280000227e+00
4.876576296979999725e+00 1.963707512600000094e+00 4.770665412799999672e+00 7.846593268940000421e+00 7.921458343520000334e+00
9.831299607100000282e-01 9.373621208500000357e-01 1.184608179119999960e+01 9.707923071999999820e-01 2.958672168660000157e+00
2.904641324400000002e+00 2.565551314304000030e+01 4.904817215900000349e+01 7.843484408750000192e+00 1.574933568928000049e+01
-2.971936979999999923e-02 4.892205038000000172e+00 1.869865838272000147e+01 -5.063146703999999582e-02 3.923368467700000028e+00
1.965691492579999977e+00 4.873817662160000452e+00 2.563785134819000078e+01 -5.906729303999999625e-02 4.911123619939999685e+00
9.650933367399999740e-01 4.871913395900000054e+00 1.663355939066000033e+01 1.939319860879999968e+00 4.910195146100000407e+00
-2.082090824999999895e-02 4.855092589219999866e+00 8.794920213179999280e+00 2.929096792560000218e+00 9.530498152899999909e-01
3.945378242109999878e+00 1.963833021127999956e+01 2.146379038986999888e+01 1.083559686283999923e+01 5.875169655839999727e+00
9.738777267999999543e-01 7.808316257239999558e+00 9.741243899440000575e+00 3.917377338340000126e+00 7.936996226839999835e+00
-1.866675618000000064e-02 9.861902857000000466e+00 1.281404458047999917e+01 2.938796400809999820e+00 3.956270990080000161e+00
-2.905238178000000074e-02 5.832579889859999867e+00 1.271556206049999993e+01 9.128229205600000284e-01 4.935182918719999812e+00
9.683342649999999718e-01 4.857372061250000428e+00 3.847836145900000115e+00 3.947411231949999877e+00 9.609474732399999608e-01
6.827234353179999715e+00 4.824389545599999707e+01 5.317134330887999738e+01 1.471129071828000079e+01 1.279069444966000013e+01
1.967292362000000017e+00 3.856482343480000186e+00 7.839698797609999659e+00 1.947966730759999932e+00 2.959969994400000193e+00
-2.409394247999999822e-02 4.893260727200000382e+00 4.879972489280000048e+00 9.573129999999999695e-01 9.699784645600000310e-01
2.962035664500000109e+00 1.083557891971999965e+01 5.825800999860000218e+00 8.939419322399999146e+00 1.953761861180000059e+00
-8.531157491999999398e-02 5.961835345829999966e+00 9.077606505999999964e-01 1.895288967199999952e+00 -1.117294073999999977e-02
4.406536900412999813e+01 2.756834531460999926e+01 7.498605730008999615e+01 9.995745492109999475e+01 4.860845544560000064e+00
1.181115082956000073e+01 2.911532458529999978e+00 3.795678987970000140e+00 1.178150216142000062e+01 -2.650846499999999842e-02
5.844048959310000235e+00 2.927620214400000087e+00 3.825164143839999920e+00 1.382375219180000059e+01 -2.311643447999999976e-02
-8.270425296000000204e-02 3.960934283199999850e+00 3.903892435659999993e+00 1.900299305629999935e+00 9.879532976799999533e-01
9.610878462399999878e-01 8.859014643240000098e+00 2.877578602319999845e+00 9.338841355600000504e-01 3.957053173869999885e+00
1.081024481134999959e+01 5.133875676568000301e+01 3.746251696699999911e+01 2.468620758112000146e+01 1.480593416225999981e+01
9.547526499399999755e-01 5.814095787870000365e+00 3.876564473410000211e+00 1.927631606240000073e+00 9.549648415900000575e-01
9.771266530000000117e-01 1.916704571779999977e+00 -6.461430749999999557e-02 3.961523671600000185e+00 1.975750625000000094e+00
1.937459098099999943e+00 1.077221419273999992e+01 1.181661465620999962e+01 1.189942481099999938e+01 2.940314801700000036e+00
9.441264875499999487e-01 -2.051265546000000106e-02 9.072363902500000243e-01 -8.564941538999999715e-02 -1.566508571999999933e-02
4.132659894108000032e+01 1.176363817032000014e+01 6.697789079503999687e+01 5.908317456263999645e+01 1.181861121306000051e+01
5.822548589850000234e+00 3.939183758199999996e+00 9.728111343520000176e+00 1.775391619959000167e+01 9.526245061600000508e-01
3.878709124179999801e+00 9.565195239999999544e-01 9.816104880279999279e+00 6.830438102439999604e+00 9.674568891999999476e-01
5.876348413199999676e+00 9.585265517200000085e-01 4.813688933779999957e+00 1.184577410135999997e+01 1.968247024759999908e+00
1.937210882510000065e+00 1.973142604820000034e+00 -7.726848227999999486e-02 9.291502104400000128e-01 -1.842837480000000111e-02
6.188135461515000202e+01 2.352868297367999872e+01 7.868991710590999844e+01 7.578219524540000407e+01 1.469096405988000065e+01
1.278899775400000038e+01 3.906396565240000118e+00 1.773823174920000056e+01 1.176473587745999971e+01 9.379892714499999951e-01
4.892764641890000377e+00 9.558813476799999931e-01 1.874542433960000087e+00 2.892870724619999834e+00 -3.049515377999999916e-02
9.316434066400000047e-01 9.692285017599999719e-01 2.918018124480000086e+00 -7.478756568000000104e-02 -2.031262271999999952e-02
9.300016500400000163e-01 9.623329199200000295e-01 5.826158491740000223e+00 2.937723818519999863e+00 2.966650215870000107e+00
2.662167972438000163e+01 1.874373699519999903e+01 8.882116800821999902e+01 1.753155169560000104e+01 1.678631167087999998e+01
1.900230738319999890e+00 2.947951983899999906e+00 9.760137382719999977e+00 9.895061567799999125e+00 1.954502615900000073e+00
3.927726777999999808e+00 9.558030951999999525e-01 9.798469088859999232e+00 9.066526191999999540e-01 -3.662766297000000226e-02
8.886153608189999886e+00 4.930140031249999666e+00 6.724934330199999977e+00 5.883335123280000190e+00 2.941561676820000137e+00
3.893981032660000174e+00 9.401634078399999650e-01 8.806402371420000819e+00 1.179000009822000017e+01 9.503432934400000143e-01
-5.611550399999999661e-02 9.692635698999999549e-01 -1.033060068000000026e-01 1.891336181780000070e+00 9.741084674500000151e-01
2.904919309919999915e+00 1.945005705290000053e+00 4.816489366219999901e+00 1.180062518897999979e+01 4.952209151119999930e+00
2.894478270600000069e+00 1.940872786399999939e+00 9.795755041299999633e+00 6.807198999399999728e+00 2.948628050399999978e+00
9.848542374370000019e+00 2.912757816000000055e+00 1.270206067432000019e+01 1.868836765024000002e+01 5.924691568680000131e+00
3.956773835649999960e+00 1.086198989959999928e+01 7.720505774000000265e+00 6.846761629060000409e+00 2.930005006680000079e+00
5.945688139199999611e+00 4.808373062540000298e+00 2.061814849103999947e+01 2.079778003967999922e+01 9.073868599000000090e-01
9.622127548000000141e-01 2.875959660990000000e+00 1.274812136643999949e+01 4.845753229279999630e+00 -6.402147335999999744e-02
-1.652805242999999882e-02 2.943739449300000199e+00 2.886646890899999818e+00 9.406983772000000465e-01 2.972568540000000148e+00
9.388965273399999534e-01 1.279782469336000084e+01 2.259214245769999962e+01 1.076724604640000038e+01 7.901377016299999667e+00
2.950307228999999865e+00 7.763330334680000000e+00 5.866687152779999970e+00 4.934706142999999656e+00 1.894758551660000068e+00
2.855837774639999882e+00 4.134530395193999652e+01 2.266903191668000161e+01 1.383270220796000061e+01 1.172259202376999987e+01
9.626464385199999807e-01 8.833630741200000358e+00 -1.039308245999999991e-01 2.948739344399999851e+00 3.917193376000000171e+00
-1.626808130999999810e-02 -7.802400086999999873e-02 9.542242626400000427e-01 1.979340212899999951e+00 1.962879656959999997e+00
3.930206341899999956e+00 2.968867228475999909e+01 1.081012398284000042e+01 1.912094649559999970e+00 1.085244145759999945e+01
2.917239588929999794e+00 -1.328659605000000014e-02 3.884304790479999880e+00 5.830354516919999952e+00 9.834527408500000067e-01
1.271799219765999922e+01 9.475845638500000057e-01 9.593167803760000112e+00 3.636740999727999935e+01 -6.610695525000000183e-02
2.076633846084000012e+01 9.663711060699999855e-01 2.068598028539999945e+01 2.555582700356000103e+01 -4.603241339999999959e-02
5.905631243220000215e+00 9.850430422000000519e-01 6.882682574320000413e+00 1.181458468848000010e+01 -1.876550004000000077e-02
1.382671561135999916e+01 9.728201389599999693e-01 1.176978559079999975e+01 1.868023954162000067e+01 -3.388717134000000103e-02
9.605489176000000517e-01 7.878760755200000077e+00 2.767285621666000139e+01 6.904596117489999685e+00 5.920686217500000126e+00
7.936578713150000297e+00 3.800749102780000221e+00 2.748989225836000116e+01 1.884787440624999988e+01 5.870715401040000003e+00
-3.104775522000000065e-02 9.059725302400000180e-01 6.747639931600000196e+00 3.924834960550000140e+00 3.937558651959999878e+00
-1.334709090000000056e-02 9.598586274999999501e-01 2.897308161119999781e+00 -3.042430307999999944e-02 9.745550982099999704e-01
1.944842818339999946e+00 3.829396247230000050e+00 1.955373933062000091e+01 3.867055538349999821e+00 6.889034019220000360e+00
-1.550893553999999931e-02 5.854628372549999682e+00 6.784774166950000129e+00 -1.566382859999999877e-02 9.340832959300000571e-01
1.877443902560000044e+00 9.677648701501999540e+01 1.361837825560199917e+02 3.873489323799999884e+00 2.745779551668999829e+01
-1.264501854000000050e-02 3.876569021559999939e+00 5.811498363300000136e+00 -1.316471210999999898e-02 1.947219024620000072e+00
-9.163814310000000657e-03 3.909486115840000053e+00 5.864488536569999688e+00 -9.713741130000000043e-03 9.620701802200000152e-01
-2.800195595999999815e-02 1.473476082954000077e+01 1.959860275607000091e+01 -2.759999021999999871e-02 8.884213027199999502e+00
9.623399960799999819e-01 9.306216078400000313e-01 1.943157573649999970e+00 1.960058009810000001e+00 -1.767877488000000122e-02
3.328728254304999723e+01 8.561905289268000274e+01 7.985585574306000467e+01 6.121015455445999720e+01 2.261283801440000119e+01
1.906432159880000032e+00 1.381723033964000003e+01 3.862146691299999990e+00 4.890685366219999608e+00 3.952721069499999906e+00
1.934507231300000019e+00 4.875048471739999556e+00 2.891508995280000160e+00 1.928943621559999988e+00 9.687568225599999527e-01
2.953859115449999795e+00 9.154892874700000238e-01 9.228605248000000261e-01 3.949511148040000030e+00 -2.070281267999999827e-02
1.950768063920000017e+00 4.877161717999999979e+00 1.073252237672000042e+01 1.912698011270000054e+00 1.950310217900000032e+00
8.601107190400000269e-01 1.963919236313000027e+01 3.925628848597000342e+01 9.759625501600000419e+00 1.385830047514999919e+01
-4.926761334000000214e-02 3.875323549360000008e+00 4.742871785600000223e+00 2.907471582659999942e+00 9.513565345900000247e-01
9.664131402100000212e-01 2.917498093139999860e+00 5.823832663410000166e+00 -5.610857687999999677e-02 -3.255957810000000008e-02
3.921954055420000085e+00 1.279913324754999948e+01 2.257816232264000078e+01 5.855045665919999642e+00 2.923316662529999999e+00
9.793574804800000422e-01 2.881993578599999939e+00 1.184856306096000012e+01 1.957732840010000031e+00 9.295841647000000485e-01
2.892484110539999875e+00 3.835301366315999871e+01 4.525895866797999645e+01 1.776291092640000002e+01 2.261410029005000055e+01
-2.995886735999999870e-02 8.823093910200000778e+00 9.769820125960000823e+00 2.935496089829999988e+00 5.896421755439999579e+00
-2.598184511999999946e-02 8.853008100660000324e+00 1.078908790700000075e+01 -5.787968886000000035e-02 -9.412512740999999517e-02
9.557139384999999709e-01 1.472870720625000018e+01 1.667004813782000028e+01 1.901300375719999991e+00 1.084686305564000008e+01
-8.409699287999999884e-02 9.561034132300000321e-01 2.916632369999999863e+00 3.907313362930000089e+00 9.904196715399999906e-01
5.317996725900000143e+01 1.749734592209999917e+01 3.709454340188000288e+01 5.308573200480000054e+01 1.911572222240000007e+00
1.577127250456000063e+01 7.879638542480000396e+00 1.474754213057999941e+01 1.375326151304000000e+01 -2.501141490000000078e-02
8.851232411099999808e+00 1.924859029699999891e+00 9.833171295159999659e+00 8.836353168749999654e+00 -1.560956183999999934e-02
2.896965542459999821e+00 4.947666001250000001e+00 8.882699657219999878e+00 1.889663523679999901e+00 -1.098463518000000055e-02
1.385873839111999928e+01 -3.423748176000000060e-02 8.869458792959999727e+00 1.574078850771999960e+01 9.663072602500000219e-01
8.686285107839999853e+00 3.931107735819999949e+00 1.745703804799999981e+00 2.050064451101999907e+01 9.351944255799999883e-01
1.069464836675000008e+01 1.927578120319999977e+00 1.973328689359999899e+01 3.448348278182000115e+01 3.936261628120000022e+00
1.773420315426000116e+01 3.941865975999999883e+00 1.076473119323000027e+01 2.156470221729999892e+01 1.946404904960000071e+00
1.383746916650000003e+01 -3.488946209999999742e-02 6.862274377270000336e+00 1.874254572334000102e+01 -3.251513502000000222e-02
9.508970855799999677e-01 -5.988438053999999705e-02 -3.314537819999999885e-02 9.071228306799999919e-01 -2.624842259999999802e-02
2.163511980543999869e+01 3.862720460316000270e+01 6.753331684149999958e+00 4.734759081036000339e+01 9.805966404310000328e+00
9.843116756229999709e+00 7.800439724900000371e+00 6.894532775500000099e+00 8.708460638220000050e+00 3.915970600000000079e+00
8.881789525020000298e+00 8.846001308789999129e+00 2.919951512669999971e+00 6.779429812870000127e+00 4.935803916560000282e+00
8.895818337030000578e+00 8.870893174980000850e+00 1.926174899000000051e+00 8.813886461999999256e+00 2.942610131099999915e+00
1.090231788152000014e+01 2.879673855240000080e+00 9.657527755599999431e-01 1.089063478333999946e+01 1.935112944439999927e+00
2.960548165109999985e+01 3.348541512754000138e+01 6.859982167180000090e+00 2.251615249805000118e+01 1.373608414111999920e+01
4.884519702110000416e+00 1.285617373104999928e+01 3.961046487640000002e+00 4.870363572679999642e+00 3.923147307729999866e+00
9.420384347200000397e-01 2.929075619159999810e+00 -1.863116801999999822e-02 1.936685040229999988e+00 1.962955076060000081e+00
6.855680317120000034e+00 9.826195176640000639e+00 -4.885017984000000063e-02 1.484005705979999945e+01 5.907729595200000183e+00
-7.619723621999999197e-02 -3.904929000000000039e-02 8.960504514400000620e-01 1.923617661770000042e+00 -1.702958904000000107e-02
5.113817630124999880e+01 3.649971489994000251e+01 8.562771418379999488e+01 6.300425478844000082e+01 1.376426706079999995e+01
6.842900465169999613e+00 4.907158708819999937e+00 1.274522247039999989e+01 8.816496350039999541e+00 9.571140429400000205e-01
8.787942730000000147e-01 3.930297437740000177e+00 1.481262642681000052e+01 4.859004377299999788e+00 2.967388671000000144e+00
3.922232256400000061e+00 -4.827693797999999675e-02 3.869891744439999837e+00 -9.726679584000000323e-02 1.976890956769999930e+00
3.890630027019999826e+00 5.947658810880000146e+00 6.870081080320000311e+00 4.867212667009999549e+00 -1.687068242999999884e-02
5.812304251639999819e+01 1.866971218060000126e+01 6.201041048873999983e+01 7.591727990930000658e+01 3.866180009349999835e+00
1.775785816907999859e+01 3.891490736260000194e+00 1.271652295296999924e+01 2.369525215451999856e+01 2.962646516279999975e+00
7.832563707680000320e+00 3.921619195749999953e+00 5.808310733039999896e+00 1.180809053940000020e+01 -2.487436938000000056e-02
2.919737828999999785e+00 3.963895047039999842e+00 9.143959397499999975e-01 9.048197674000000301e-01 -1.185933636000000013e-02
9.209745207999999739e-01 1.951320081350000013e+00 4.761787644320000012e+00 5.904147434190000432e+00 3.942586358409999825e+00
7.924351542399999948e-01 1.288334753248000020e+01 4.529239279254999673e+01 1.719735128660000001e+00 4.851410019800000306e+00
1.905837227839999981e+00 -5.371632125999999813e-02 2.268922461728000073e+01 4.880018547499999748e+00 1.929009455120000105e+00
1.945133065640000103e+00 9.665404940799999789e-01 6.805870682560000162e+00 1.931248363969999993e+00 1.957374009200000042e+00
1.187837354198999940e+01 9.295514649999999657e-01 9.584172357399999953e+00 1.184688162732000016e+01 4.910365192639999599e+00
9.637568545600000425e-01 3.906536056150000213e+00 1.943306841260000084e+00 1.984413701360000060e+00 -3.598714979999999980e-02
3.443225767954999839e+01 1.405516758339400099e+02 5.304937074677999931e+01 7.742789773100000161e+00 4.039401284429000327e+01
3.934454863990000106e+00 7.810636256000000444e+00 8.873120223999999556e-01 1.970569978399999922e+00 3.934102764279999942e+00
9.643385973700000502e-01 1.897219526059999994e+00 9.423493240600000487e-01 9.851386060000000278e-01 -3.700962900000000222e-02
7.930403099000000289e+00 1.181055355904999971e+01 7.894342386619999985e+00 4.968456877130000393e+00 3.931336078869999806e+00
1.974423569600000095e+00 5.882573183009999873e+00 7.834862089159999599e+00 -1.198877922000000061e-02 3.948311202699999800e+00
2.272175142601999909e+01 8.980295040999999401e+01 1.201923967602200065e+02 -1.371865247999999871e-01 4.044209558720000075e+01
1.978012420400000027e+00 9.060079110400000024e-01 1.859422458800000122e+00 9.897263552799999697e-01 -3.892208760000000212e-02
-1.441577087999999958e-02 -6.396991523999999429e-02 -9.509900498999999952e-02 2.992957315680000008e+00 -2.756531249999999780e-02
2.955929390400000134e+00 7.805048106500000138e+00 2.270687143279999987e+01 -2.200385087999999836e-02 3.914480561259999991e+00
1.930503516319999946e+00 9.902619486640000801e+00 1.578849597520000003e+01 1.277496525892000001e+01 5.947938073769999612e+00
1.292724657111999953e+01 2.897650546499999979e+00 1.777168791872999876e+01 1.276545508941999962e+01 1.944558325280000055e+00
2.940099375720000019e+00 1.910592086599999906e+00 5.807653349189999759e+00 8.802837887040000808e+00 -4.660718373000000136e-02
1.946046141380000094e+00 1.926766373149999989e+00 1.184080614780000040e+01 6.828845161300000299e+00 1.959508877600000032e+00
7.891533608749999651e+00 5.845194121109999585e+00 1.666165620166999872e+01 1.465569477744000082e+01 7.913025237500000308e+00
5.887040847359999773e+00 -4.672373625000000169e-02 8.968053779200000353e-01 8.954702095600000078e-01 -2.509378703999999918e-02
6.993754487648000406e+01 3.156109693807999861e+01 6.702915155594000396e+01 7.598497935775999679e+01 1.874024067475000166e+01
3.550663373282999657e+01 8.792126131139999856e+00 1.657074237676999928e+01 4.054982826829999709e+01 1.883568949220000066e+00
5.889545266919999911e+00 -4.798548945000000177e-02 3.905166655569999978e+00 1.901697674240000024e+00 1.975131311960000025e+00
2.915030953020000037e+00 1.963364991950000027e+00 -7.562536271999999171e-02 1.916643885770000111e+00 -2.168420705999999851e-02
9.802770993999999627e-01 6.868528037349999948e+00 2.068921783029000139e+01 3.943494747489999952e+00 4.926643119499999557e+00
2.939018574089999891e+00 2.260206851116999971e+01 6.205224386700000139e+01 2.182975410036999975e+01 1.178721133950000066e+01
1.988919604999999979e+00 9.236657765800000419e-01 -1.749074342399999926e-01 9.672385067200000019e-01 9.596265268600000509e-01
-5.821281269999999987e-03 -4.378471038000000121e-02 8.987953243599999809e-01 -1.951060446000000073e-02 -2.337582239999999936e-02
-2.680996482000000056e-02 8.825546816999999322e+00 2.355825995681999885e+01 9.205913948499999666e-01 3.900262872639999934e+00
9.803043761499999897e-01 4.905778122140000086e+00 9.021517602399999891e-01 2.944963802370000217e+00 -4.041041723999999613e-02
4.857367475840000282e+00 4.338772277551999679e+01 5.929890647964000294e+01 2.655455917536000143e+01 1.272000832384000013e+01
-3.984888959999999952e-02 5.822352925439999716e+00 1.679479706564000097e+01 2.885696570549999951e+00 1.918928024209999972e+00
1.976150240119999957e+00 3.891703793800000089e+00 1.885618927999999972e+00 2.937498174119999916e+00 -4.468610916000000099e-02
2.945155871999999952e+00 1.375471879214000026e+01 1.672874147330000127e+01 9.845621286760000146e+00 1.886940070400000113e+00
8.786327451300000035e+00 1.921313776339999890e+00 1.865485289360000021e+00 1.076610388970000010e+01 -2.317867406999999866e-02
6.623979512907999379e+01 1.968302063288000170e+01 5.736405174699999776e+01 6.303853438048000157e+01 1.190139021120000073e+01
3.350338170189999687e+01 1.180821950436000023e+01 3.361332864759999950e+01 3.548390472540000218e+01 9.407622578500000055e-01
6.783616506039999550e+00 2.919391452750000227e+00 7.840536537680000251e+00 1.774765446785999856e+01 9.742886260299999934e-01
9.261516236500000332e-01 9.721050126400000435e-01 9.434207159199999859e-01 -7.655062463999999511e-02 -8.109630899999999490e-03
2.887901810939999869e+00 3.910770166719999885e+00 2.263556145227000016e+01 3.896004942399999837e+00 3.932277920140000216e+00
5.453152387048000094e+01 2.855242853840000095e+01 9.843897599874999571e+01 2.355049531302000076e+01 1.969318317152000120e+01
6.859160035000000377e+00 8.883621934560000710e+00 2.052614916407999957e+01 1.855625723119999959e+00 5.910348940799999617e+00
2.907044803379999820e+00 6.922904193519999971e+00 1.669332095737999921e+01 9.084521800000000535e-01 2.941903722809999788e+00
5.913329646840000287e+00 2.927798367419999881e+00 1.170804424800000021e+01 5.914840920539999658e+00 -5.789502540000000114e-02
4.887027360860000336e+00 3.916628368600000076e+00 5.872859378700000299e+00 2.923060776239999825e+00 9.701414843500000273e-01
5.599705900925999913e+01 4.419321219836999859e+01 9.194633519357999774e+01 4.336294920416000309e+01 9.739238024349999634e+00
2.960562643049999920e+01 1.768524663599999869e+01 2.555423977454000095e+01 1.172747850834000083e+01 6.897997827520000236e+00
8.871809201550000523e+00 2.899732037520000194e+00 -1.460688892199999978e-01 1.915394327930000085e+00 9.671109041800000083e-01
-6.461699264999999637e-02 -5.452610903999999953e-02 -7.499139165000000273e-02 -4.323974399999999663e-02 -1.659990023999999981e-02
-4.636991933999999593e-02 1.940025056599999909e+00 1.794737389700000074e+00 1.938640699370000053e+00 9.510002812000000194e-01
1.572643916818000065e+01 2.663859387600000161e+01 6.474959449176000703e+01 1.567153741839999981e+01 1.271147009116000071e+01
9.276912100899999958e-01 1.902221465600000050e+00 2.266520118529999905e+01 1.899348909950000053e+00 5.923142955600000370e+00
-4.487687063999999670e-02 9.418482531999999852e-01 3.796338436510000136e+00 -6.183790452000000049e-02 2.951999469660000042e+00
9.130951437400000037e-01 3.884051303410000155e+00 2.358608367795000049e+01 5.877869022959999690e+00 4.905546667880000378e+00
