1.678697414719999870e+01 9.673455530800000313e-01 7.843725080000000460e+00 2.448340143513999934e+01 9.722256054400000291e-01
4.779602538079999796e+00 2.971040196360000163e+00 1.854043022809999997e+00 1.454017323353999913e+01 9.756883360000000449e-01
2.556456187022000037e+01 -6.450047495999999825e-02 1.565452238019999953e+01 6.898063993665999760e+01 9.441099902799999777e-01
4.853379384950000208e+00 -2.132146799999999967e-02 5.886342411900000293e+00 2.261334016256000012e+01 -2.094385409999999920e-02
1.180591093307999984e+01 -2.714493465000000078e-02 9.871400900799999434e+00 2.057499028650000028e+01 9.779653820800000563e-01
-4.290086996999999819e-02 5.841891421439999732e+00 9.796999292020000638e+00 1.924805872639999915e+00 -5.805102086999999744e-02
3.455871675632000262e+01 9.159834674280000399e+01 9.715551287885999443e+01 2.237176918400000147e+01 5.254220251520000318e+01
1.959765906799999957e+00 8.680432564000000184e-01 -1.818655124399999878e-01 -6.380932463999999804e-02 -5.150143295999999593e-02
-3.372562250999999733e-02 8.839415921500000106e-01 8.528555328400000413e-01 4.945651020949999754e+00 -4.442062841999999678e-02
2.901400771980000126e+00 1.366973076686000077e+01 2.358676080230999972e+01 7.850860159399999816e+00 7.877805607250000008e+00
3.909483238720000031e+00 8.884441629450000377e+00 3.445575957925999688e+01 6.787975956010000367e+00 3.870333316750000030e+00
8.870075173800000101e+00 1.583914359525999949e+01 4.625684020775000249e+01 6.746862695289999934e+00 7.823351539609999961e+00
9.631615839399999546e-01 -4.617498474000000103e-02 2.786384104320000166e+00 3.922742779960000092e+00 1.950161797550000076e+00
4.895236232150000255e+00 2.870323787099999802e+00 2.439896780950000021e+01 9.820678060900000617e+00 8.863053228720000121e+00
7.890181398800000245e+00 7.861853282570000268e+00 2.936410923756000102e+01 1.477285570545000049e+01 7.853338995919999732e+00
3.823455209080000028e+00 -4.073494535999999666e-02 6.792559646379999982e+00 9.780597032590000239e+00 5.938778718510000054e+00
5.707851017440000163e+01 1.879490523790000012e+01 6.393490710175999681e+01 6.678984889004000536e+01 1.968627188701999842e+01
1.968926841560000085e+01 9.301294226799999842e-01 1.465836095400000083e+01 2.062409543571000015e+01 3.901419529150000010e+00
8.784813942810000498e+00 9.511575896799999708e-01 1.474369409031000089e+01 1.071835162598000046e+01 4.924864573339999829e+00
2.883493952939999883e+00 9.729265340799999606e-01 1.871897534479999958e+00 5.844465731039999667e+00 9.614310011200000172e-01
6.851405718699999703e+00 8.875442998440000508e+00 3.869537231739999861e+00 9.336863238399999432e-01 9.564522372999999522e-01
9.944589098900000579e+01 1.107507179504199968e+02 9.054180241426999487e+01 4.531615378776999847e+01 2.958077472087000004e+01
2.361847668278999990e+01 1.264635512751999968e+01 1.965076906699999881e+01 4.827751866229999855e+00 3.897306175000000206e+00
1.381024780267999930e+01 6.815798223999999905e+00 -1.977287597999999869e-01 1.904164427180000008e+00 5.943887865599999820e+00
9.225059392000000136e-01 9.266389536700000429e-01 3.928763231320000049e+00 2.964850273560000193e+00 -2.350791072000000051e-02
9.508834435599999857e-01 9.488586606400000178e-01 1.917818398729999929e+00 1.975330989920000002e+00 -2.421935964000000024e-02
9.457137833550000039e+01 1.055435382993500042e+02 1.406506335357499893e+02 3.538179348479999931e+01 2.535043861403000065e+01
2.827120536839999865e+00 9.802109087919999908e+00 1.370871385394000086e+01 1.920344282479999887e+00 4.916142573530000170e+00
9.352378675000000419e-01 1.934229430460000065e+00 8.810379567999999662e-01 -3.488703858000000158e-02 -3.390409548000000023e-02
4.920339156799999891e+00 2.888531803019999789e+00 6.820199854720000232e+00 3.949554713079999946e+00 2.949193896959999783e+00
4.919748984319999963e+00 8.987631479200000051e-01 2.357034438570000034e+01 1.079625521548999956e+01 2.898262963200000097e+00
5.889080232150000427e+00 6.860676312879999905e+00 3.839695186854000042e+01 5.715645898740000064e+00 1.085845115216000067e+01
1.954061370830000088e+00 -6.488920205999999802e-02 1.174145280978000017e+01 2.875904779439999892e+00 1.942160851639999963e+00
9.506508245200000484e-01 1.932129711199999988e+00 1.073038454047999934e+01 9.865148181129999472e+00 1.940129458309999944e+00
3.902853184600000080e+00 6.859576392010000134e+00 2.443114573989999982e+01 2.570539541678000006e+01 1.286638314114999915e+01
9.234389231199999770e-01 9.665603811999999850e-01 3.923574517120000049e+00 -7.616331260999999186e-02 1.972397270359999899e+00
9.640971297890000358e+01 4.742257578275999919e+01 6.748633389696000506e+01 1.014555284014000023e+02 1.746427803254999844e+01
1.068783131360000027e+01 6.870520753180000106e+00 1.869745247254000020e+01 7.682639576479999732e+00 5.887733727839999709e+00
9.849366538840000018e+00 1.930536938539999969e+00 9.837749117890000505e+00 7.836232759009999604e+00 2.943002501580000096e+00
-7.280958050999999931e-02 9.706268306799999968e-01 1.933386938930000021e+00 -6.966621269999999366e-02 -2.517983495999999780e-02
9.317565603999999890e-01 2.901464802480000049e+00 4.874012207959999898e+00 3.833192078949999804e+00 3.947509187680000142e+00
1.881811334656000056e+01 1.374078422524999965e+01 1.868598711099999932e+01 3.157479948290000138e+01 6.861767038630000037e+00
9.857981237140000630e+00 7.796481901279999960e+00 1.169596406676000022e+01 2.065911791519999952e+01 3.891323237980000016e+00
3.791294747139999810e+00 2.667782561687999987e+01 2.157312179307999855e+01 3.547468692297000104e+01 7.844137966969999987e+00
5.897744083680000138e+00 7.855920440000000227e+00 1.776406845689999869e+01 1.175692564847999932e+01 1.923689052739999905e+00
3.869265210250000031e+00 -3.385367135999999694e-02 2.915134121099999920e+00 1.370064555895999980e+01 9.834418876599999582e-01
1.873868949963999953e+01 4.941986860400000126e+00 8.422035533199999646e-01 2.346928974960000147e+01 1.967864818160000029e+00
1.772734249152000174e+01 1.939119715549999956e+00 4.837669930669999729e+00 3.345774623305000262e+01 -3.186392579999999808e-02
1.372551881539999918e+01 4.934485975280000325e+00 9.827685894969999225e+00 3.144466708447999892e+01 -3.125537442000000249e-02
1.575241759024000032e+01 2.949581586449999904e+00 1.385942160019999925e+01 2.754738197596000049e+01 -2.662582104000000074e-02
1.379413832746999979e+01 5.905899008159999575e+00 9.860517688959999916e+00 2.801794129140000145e+00 -2.307900275999999820e-02
9.491844230520000281e+01 2.945187407082000064e+01 6.015563092482999963e+01 8.774095518080000033e+01 8.682585041799999459e-01
2.458208227713999960e+01 1.280092751175999943e+01 9.703102320550000215e+00 4.156709894898000357e+01 9.550270738899999667e-01
2.565629777546000057e+01 5.835479000550000350e+00 7.751613686299999806e+00 2.263635518099000166e+01 9.578987312500000240e-01
9.216279591400000637e-01 -3.557995550999999701e-02 -5.633327088000000121e-02 -8.427790394999999657e-02 -8.854838999999999766e-03
-5.849117568000000017e-02 1.268990168332000046e+01 1.864990058176000076e+01 4.933539784309999732e+00 5.900716384349999899e+00
8.753828252219999939e+00 9.372280570520000254e+01 6.751835959433999790e+01 7.723326074120000051e+00 3.459079260080000040e+01
-1.890803169000000034e-02 -1.011885039899999977e-01 4.891221730399999856e+00 1.978066275680000041e+00 -3.065498946000000044e-02
-1.986251625000000007e-02 -8.946296748000000243e-02 -9.686440295999999839e-02 -2.099940389999999796e-02 9.696719637999999808e-01
1.942562736379999988e+00 1.670707840400000066e+01 1.967147974882999861e+01 9.340697357199999606e-01 4.904060437760000113e+00
-2.279845440000000112e-02 1.279455295756000055e+01 2.563971951679999961e+01 8.974738968400000072e-01 -9.222438060000000271e-02
4.959744798200000027e+00 1.864446809968000096e+01 5.434735108600000331e+01 2.282782970966000136e+01 7.838917360639999998e+00
9.846513164800000384e-01 7.865735854759999590e+00 3.759393141759999946e+00 3.932211579520000111e+00 9.345636089200000107e-01
-1.271901851999999999e-02 3.885164150260000060e+00 4.790220147680000373e+00 2.948272655609999848e+00 1.949453061320000069e+00
9.721101002499999977e-01 1.875248080749999957e+01 2.858052717920000063e+01 7.878277723040000069e+00 6.885030634719999654e+00
4.883932990759999981e+00 1.973415777320000064e+00 9.431321031999999605e-01 1.678576789519999934e+01 -1.490633279999999984e-02
1.769392952172000122e+01 1.092593672497999968e+01 7.855761372199999926e+00 2.441135404599999958e+01 1.963384591520000111e+00
1.873860293007999900e+01 3.941772165849999787e+00 3.877806218799999982e+00 3.748526154182000170e+01 9.652343383000000498e-01
1.776281644799999881e+01 1.944333722000000098e+00 1.879543161740000023e+00 1.953802045280000144e+01 9.682267042900000176e-01
1.376404061719999916e+01 9.492781077999999928e-01 5.901724899959999604e+00 2.159832503947000149e+01 9.718052445999999511e-01
1.870474093939999971e+00 6.889935701499999787e+00 1.178102064720000008e+01 1.086927586256000033e+01 1.963334604799999994e+00
5.998596533836000333e+01 5.924804216190000261e+01 1.162952699313700009e+02 7.498821595251999383e+01 1.772095163039999832e+01
6.846350883730000447e+00 7.853251349869999842e+00 6.741958479010000005e+00 7.852632810380000272e+00 -4.302421919999999816e-02
4.873625781260000345e+00 6.890446620339999662e+00 1.277970638737000009e+01 3.871632923680000005e+00 -3.682823760000000085e-02
-6.746638391999999762e-02 -5.634474695999999727e-02 5.888762798820000199e+00 9.367599376899999886e-01 1.981966124359999970e+00
-1.754441127000000086e-02 1.574990178208000025e+01 1.869286694590000053e+01 5.867623928309999570e+00 5.904388882230000135e+00
-2.176111655999999825e-02 1.568682014686000059e+01 2.562794574155000049e+01 7.835731076600000122e+00 8.887472136099999753e-01
-1.255590719999999903e-02 6.825342298479999847e+00 9.785617060239999887e+00 3.904339127980000157e+00 4.936825243130000374e+00
-1.030271399999999928e-02 8.867606541660000730e+00 6.822704173840000053e+00 4.921580964560000382e+00 9.448706021499999608e-01
-2.170520955000000002e-02 2.768237227971999914e+01 1.960980551533999972e+01 9.839900875599999708e+00 5.880240046860000014e+00
2.940366502379999858e+00 1.083520598195000062e+01 1.289595959859999930e+01 -3.517796628000000037e-02 3.947254460499999951e+00
2.356101758886000042e+01 8.854025077907999730e+01 5.499437463200000309e+01 2.068609738548000010e+01 2.065603724705999866e+01
5.886356870400000219e+00 1.867014280900000145e+01 6.796006667800000400e+00 3.931528966600000174e+00 7.898960693150000267e+00
6.933211970020000336e+00 7.812444568850000159e+00 3.854978077899999800e+00 3.956875943440000043e+00 9.414813102400000355e-01
2.949075253020000176e+00 1.085906184679999953e+01 4.905637000699999639e+00 -3.063815279999999863e-02 9.588946870000000233e-01
-1.314383354999999927e-02 8.792552139299999681e+00 1.580807893048000068e+01 -1.483342145999999931e-02 6.920980662219999857e+00
9.121409200000000217e-01 8.463401862764000327e+01 7.763397905265999555e+01 -9.653137739999999301e-02 3.747878086789999941e+01
-1.735578414000000028e-02 1.574773232829999969e+01 1.271451318016000087e+01 9.800256065500000391e-01 2.889110942489999889e+00
9.846808247799999636e-01 5.743259477519999656e+00 9.762575926600000287e+00 1.982287515349999918e+00 5.902604913120000241e+00
9.795870749799999722e-01 1.367846170015999974e+01 1.468131053982000012e+01 -2.226595391999999785e-02 1.187733305405999928e+01
4.899365755519999865e+00 -1.995232499999999992e-02 2.945168106240000139e+00 8.831466394199999570e+00 -1.850053608000000113e-02
2.361720168960000166e+01 5.914174803269999892e+00 8.790952929570000407e+00 4.331705507558000079e+01 2.922620914649999957e+00
1.069674731407999957e+01 1.942148056880000029e+00 1.184877713100000030e+01 3.253518396239999788e+01 3.943803431200000098e+00
2.764013926123000076e+01 2.929030015349999960e+00 7.815333834799999657e+00 3.343200949149999701e+01 6.934489408060000137e+00
6.869431124980000192e+00 9.748809855100000199e-01 2.933995834560000127e+00 9.799134897520000109e+00 -2.232526374000000022e-02
4.963185281300000362e+00 6.797764189599999618e+00 1.876538145556000003e+01 7.903297979899999604e+00 3.951339847779999914e+00
8.863019505180000479e+00 5.726595240399999653e+01 5.514518473148000055e+01 7.728341551999999837e+00 1.583166089544999977e+01
-2.276725320000000038e-02 1.871494825160000097e+00 1.857535286780000128e+00 2.942341543199999965e+00 -2.980449350999999844e-02
-2.035650689999999804e-02 8.848868718700000358e-01 4.872117027469999861e+00 3.949686111280000134e+00 -2.532284370000000007e-02
9.525495520000000216e-01 9.734411524329999565e+00 2.069077752903000089e+01 8.875905440400000401e+00 3.937529772220000002e+00
3.937741967110000019e+00 1.944758778410000000e+00 4.848551197699999982e+00 4.815985878320000246e+00 -1.574336735999999973e-02
1.848374774839999901e+00 1.787480646803999917e+01 1.765454902919999824e+01 1.757295426888000023e+01 2.964942292799999990e+00
3.887373805959999817e+00 1.904742334640000090e+00 1.874059923988000165e+01 1.867478159395000148e+01 9.730322123500000364e-01
1.951595590699999994e+00 1.958315814020000101e+00 8.875700263349999730e+00 1.860555980900000073e+00 -1.295153873999999906e-02
6.928178443720000246e+00 2.938250345790000218e+00 5.827489828800000105e+00 9.786280134340000103e+00 -1.776828392999999992e-02
7.826999616800000226e+00 1.381765215281000003e+01 3.145939537037000022e+01 1.671579374803999940e+01 2.926051165830000134e+00
2.965858707765000091e+01 3.159715963009999840e+01 6.095475023390000047e+01 2.245800274304000155e+01 1.085756891716999917e+01
6.884672885259999653e+00 5.878962732749999809e+00 1.465635394491000021e+01 6.821154823659999700e+00 2.953726101300000018e+00
3.868518791200000084e+00 4.867188592999999841e+00 2.259619031120000088e+01 1.179427750814999953e+01 3.947128701520000060e+00
2.873146262880000190e+00 2.865241939440000163e+00 1.860560907625000127e+01 1.279286366124999930e+01 1.943747683760000067e+00
2.963350727039999910e+00 2.873721351539999969e+00 6.869164310979999577e+00 4.909498635200000294e+00 2.930769504120000146e+00
1.283412294795999919e+01 5.045064651095999864e+01 4.140966318720000316e+01 2.068032903285000046e+01 1.468634508104999981e+01
3.912322001170000174e+00 2.669885643419999965e+01 2.769558849567999914e+01 1.378070999276000030e+01 1.283706005574999942e+01
-4.068285102000000070e-02 5.863208832149999772e+00 7.825948143649999800e+00 6.894198443949999699e+00 -7.756878086999999256e-02
6.912197368900000249e+00 7.711219720159999902e+00 1.769436032670000003e+01 1.278224871007000019e+01 9.841305146679999893e+00
2.939066913270000025e+00 3.875923203700000208e+00 1.279765875999999913e+01 2.462170137460000063e+01 4.953793549190000256e+00
4.926536701699999909e+00 2.854085226240000051e+00 1.375874002579999988e+01 3.353377781860000084e+01 9.420116002299999680e-01
3.932442687100000001e+00 9.857967506019999604e+00 6.800351102799999659e+00 1.456570767840000080e+01 3.946730673999999883e+00
1.958342874499999997e+00 5.919884011319999750e+00 2.876819557800000204e+00 6.748327018150000356e+00 9.688482974800000092e-01
4.906239376640000316e+00 9.814627103319999435e+00 1.472545370111999929e+01 3.841574320920000218e+01 7.927640807839999582e+00
1.185216070511999931e+01 9.651742994799999975e-01 9.816663039130000712e+00 1.653033421700000005e+01 1.959244445810000013e+00
9.242154636399999568e-01 1.982728638920000064e+00 3.909966992589999801e+00 7.712475371200000485e-01 -1.964977298999999802e-02
1.572289160631999927e+01 2.927032008599999902e+00 2.564407975111999960e+01 5.500663393826000203e+01 1.908500970349999992e+00
1.940570298379999947e+00 -1.313582831999999916e-02 2.931942912239999810e+00 1.281756649125999914e+01 9.836711938000000099e-01
5.856745687440000125e+00 -3.312849375000000152e-02 7.834099039999999903e+00 2.155216835991999957e+01 3.957439317880000029e+00
6.859286806480000109e+00 1.951854145129999996e+00 6.850116929320000381e+00 2.356994666111999948e+01 -4.113887777999999940e-02
3.944462082699999872e+00 -1.890666036000000078e-02 9.420039400599999890e-01 4.801388090719999724e+00 9.831514443400000136e-01
7.742765635909999666e+00 6.915310050669999598e+00 9.729554147920000062e+00 5.520648547855999766e+01 9.233874103600000494e-01
1.963763315930000086e+00 -1.255697964000000028e-02 -3.981113549999999723e-02 5.866113957899999676e+00 -1.152376469999999951e-02
8.874566267400000541e+00 1.960243035680000023e+00 2.867651726700000125e+00 3.057066982426000123e+01 9.618089746600000378e-01
1.969272240949999997e+01 1.905709925000000027e+00 3.848793557800000098e+00 5.888432906880000317e+00 1.926042266360000088e+00
6.007417521640000047e+01 2.170564804929999880e+01 3.255405688950000354e+01 1.666120308929000160e+01 4.779739206950000430e+00
6.390071611156999865e+01 1.566681247780000064e+01 2.447269058319999857e+01 1.760687345303999862e+01 1.673744216444000088e+01
9.078215731300000035e-01 -2.654058311999999906e-02 -4.301869824000000009e-02 9.690013939599999571e-01 9.790399499499999880e-01
1.895606218279999977e+00 9.693400849300000122e-01 9.484950321999999767e-01 9.629322599799999827e-01 1.974594228499999993e+00
2.919768544200000093e+00 1.961184509209999982e+00 4.869904311590000034e+00 3.554156383506000338e+01 1.944308698670000002e+00
1.957419849529999922e+00 -1.950335981999999982e-02 -6.863181435000000052e-02 4.757826293960000008e+00 9.679180999600000002e-01
3.828937234000000078e+00 5.919780122339999728e+00 9.724056943600000835e+00 7.808976152799999682e+01 6.871335424449999785e+00
9.638931597400000051e-01 -1.622236410000000087e-02 -5.351495444999999906e-02 4.803645818299999704e+00 1.974998252450000047e+00
4.918974824390000222e+00 -3.798412703999999585e-02 4.872366397310000430e+00 3.159018488047999895e+01 9.400350844000000539e-01
-2.111631039000000029e-02 -4.650068250000000125e-02 -1.151578701000000038e-01 1.936094240809999922e+00 -2.876011677000000002e-02
1.078153389965000031e+01 2.150215991572000007e+01 8.272322940648000156e+01 4.135641806561999800e+01 1.868683389822999885e+01
2.950529538360000092e+00 3.877150737640000067e+00 1.170235749395999925e+01 5.848017071550000168e+00 1.924777279640000005e+00
9.489193669000000053e-01 1.882692236000000019e+00 1.070869807432999998e+01 3.881066274400000182e+00 2.927509732019999866e+00
2.927377465500000220e+00 9.830397578950000437e+00 3.357770318224000050e+01 1.178060120976000036e+01 5.896685329440000345e+00
-9.611642898000000157e-02 4.957495970900000160e+00 6.837769378419999988e+00 9.596170185940000152e+00 -3.432464424000000042e-02
1.487262132617999910e+01 1.943897741120000022e+00 1.277116706442999927e+01 2.342448346560000161e+01 2.952768367020000007e+00
4.864434501469999894e+00 5.938303463159999573e+00 1.776908080575000071e+01 3.046708847740000081e+01 1.951800702139999899e+00
5.875518078959999890e+00 2.947218869909999928e+00 6.788362903540000381e+00 4.345832497237999803e+01 1.959052517119999948e+00
9.912307191940000095e+00 9.596112599799999643e-01 2.843184202499999813e+00 1.458131262809999917e+01 -3.255012701999999980e-02
2.786933601839999941e+00 6.908610818499999695e+00 1.772675563680000010e+01 1.670211839330000103e+01 2.929238497200000069e+00
1.660630027922000096e+01 4.845429180680000059e+00 2.349147097832999975e+01 3.145428301405999960e+01 2.874027916290000206e+00
3.750659781824000305e+01 8.797313191320000669e+00 2.636002469916000024e+01 3.930086646417999674e+01 4.832909397859999956e+00
1.766800960839000112e+01 1.086953302054999959e+01 2.257501008290000044e+01 2.851996669976000121e+01 5.890628897880000103e+00
9.371080424800000142e-01 -2.417719751999999889e-02 -8.153227205999999394e-02 -9.099345194999999831e-02 -2.086727345999999858e-02
1.667659118335999935e+01 5.953916802840000244e+00 1.081972482535999980e+01 1.768480015184999843e+01 8.898903083520000479e+00
8.794368053999999546e+00 -3.092637347999999814e-02 6.883617669100000391e+00 1.679177900239999843e+01 -6.976387439999999496e-02
5.911182674204999898e+01 5.873779543560000427e+00 1.947725107922000021e+01 4.012259043515000201e+01 1.171417015649999982e+01
9.810680563000000021e+00 1.972028454679999987e+00 2.891754580799999808e+00 1.382566321184000024e+01 6.938673037000000043e+00
2.911972030139999834e+00 -1.209970061999999895e-02 2.954106320160000188e+00 9.158222161000000305e-01 9.732820787200000545e-01
4.843867095680000290e+00 -1.969383779999999903e-02 -7.558049330999999649e-02 2.365395418788000015e+01 6.885720352959999957e+00
1.922689287559999904e+00 1.990019082799999950e+00 1.964369123840000064e+00 4.853090693120000410e+00 9.484963338699999857e-01
2.346337359059999983e+01 1.925011086140000049e+00 1.074023814188000081e+01 6.179106014541000036e+01 2.261294960161999867e+01
4.918188183979999906e+00 -1.110863160000000009e-02 9.604186987599999670e-01 1.180049269889999941e+01 2.941666265639999889e+00
2.923223615399999975e+00 -9.869273280000000204e-03 9.625651955199999721e-01 4.831879526599999863e+00 1.947344841919999903e+00
6.825732082360000064e+00 2.883444137940000207e+00 1.570806044799999945e+01 3.859432120480000172e+00 4.887706636579999930e+00
1.960276514114000079e+01 9.761735622879999852e+00 2.840364195337999931e+01 1.273712284057000055e+01 5.773226568000000114e+00
3.042852607029999845e+01 1.970002849204999862e+01 5.026331418377999682e+01 1.460245451585999987e+01 1.372078076252000045e+01
2.068692881160000141e+01 1.081587696895999962e+01 2.555335126610000174e+01 1.376932979408000080e+01 5.820509935679999636e+00
2.936430872759999922e+00 1.958702529079999977e+00 9.008517474999999664e-01 1.950656324419999921e+00 -3.742557938999999806e-02
1.944571340360000011e+00 -2.148328818000000071e-02 1.881343274150000022e+00 9.784361895580000024e+00 9.537073530399999832e-01
1.080661194514999934e+01 2.923228248600000079e+00 2.059713279074999903e+01 4.124866872039000043e+01 1.684378752775999999e+01
9.356462905600000379e-01 9.728438217399999477e-01 8.627267606499999797e-01 5.741871249299999924e+00 9.475259700700000565e-01
8.868826244519999236e+00 3.947691024580000096e+00 1.775683978848000066e+01 2.449408777000000015e+01 7.896271727240000260e+00
4.912259471599999650e+00 2.965397383200000014e+00 2.817691038480000021e+00 9.669997137790000252e+00 1.930323493820000014e+00
2.962657140240000153e+00 4.889278666760000114e+00 -7.400398301999999706e-02 1.762570647629999954e+01 -2.606503374000000012e-02
9.481684888000000422e-01 5.842115469060000343e+00 6.893465491149999735e+00 2.246502058628000142e+01 1.961790026330000103e+00
4.944109587709999865e+00 1.382357113303999974e+01 2.884937342160000195e+00 2.241423714056000094e+01 -4.151399363999999648e-02
-9.755866800000000463e-03 -3.034617615000000101e-02 -1.894151951999999833e-02 9.015358087000000520e-01 -7.149108599999999709e-03
2.958391576559999958e+00 6.875808471250000053e+00 3.918853176159999840e+00 2.856701634518000077e+01 -2.941847423999999905e-02
4.892700058159999976e+00 3.829959453999999930e+00 3.863644857580000203e+00 1.381905859711999973e+01 2.956736247599999867e+00
1.274997927801999964e+01 2.662267501079999832e+01 1.071075562094000055e+01 1.561331847643000081e+01 2.899872643800000205e+00
4.748499113990000353e+00 2.257778809535000164e+01 1.767288002175000017e+01 1.858231367875000117e+01 6.893086750540000196e+00
9.526208166099999763e-01 1.919389149919999982e+00 1.941889951999999919e+00 1.922330226709999978e+00 9.815541324400000045e-01
7.904816085950000293e+00 1.283981732896000061e+01 3.878076669699999979e+00 5.835603874200000263e+00 2.960664603420000152e+00
1.175375144316000053e+01 2.960290772220000033e+00 4.825168070720000202e+00 2.062613981819999864e+01 2.881272537660000133e+00
1.180039198511999921e+01 2.967676509359999937e+00 1.852977497779999982e+00 6.682236297730000274e+00 1.909991981899999969e+00
2.350376375864999901e+01 6.919724852799999937e+00 2.260416097526000101e+01 4.723856624406000293e+01 1.276906029655000019e+01
1.467746420459999968e+01 2.947253674799999779e+00 1.676822222599999890e+01 2.450013646929999922e+01 1.184812811039999936e+01
-7.677507240000000510e-02 -1.194475895999999940e-02 -5.232120479999999990e-02 4.884132295309999705e+00 9.653715879399999977e-01
3.361498359261999980e+01 2.889399283860000001e+00 8.881721390250000070e+00 2.461169538547000002e+01 4.882429900490000030e+00
1.934778812150000027e+00 9.753440503600000477e-01 5.974487378160000084e+00 -8.879086593000000416e-02 -2.544888780000000017e-02
4.616893186192999821e+01 6.764178174639999597e+00 1.374299282714000014e+01 6.112087195130000339e+01 1.373313981056000088e+01
1.477451195699999964e+01 1.932823221860000107e+00 2.926425636119999840e+00 8.752389132510000280e+00 5.925741602459999591e+00
1.885657893050000089e+00 -3.147218873999999694e-02 -3.231479124000000147e-02 4.883274568490000078e+00 -3.231093888000000081e-02
1.943652759049999901e+00 9.790862584599999696e-01 1.909439114780000057e+00 -1.183434899400000045e-01 9.503653788999999463e-01
1.769577682554000120e+01 7.876334714480000443e+00 2.851881079249999829e+01 3.236183620908000336e+01 1.173616384592999928e+01
7.793745131599999709e+00 7.915716100430000068e+00 1.567636424079999991e+01 1.355936934416000028e+01 7.814194061120000256e+00
1.185579262199999917e+01 1.940091262759999990e+00 8.767076873040000606e+00 1.968470190694999999e+01 1.877319706880000050e+00
3.925696245700000198e+00 -3.098524104000000001e-02 1.881710115049999965e+00 4.840635441919999948e+00 9.368010686800000153e-01
1.570910070508000089e+01 1.946059020379999893e+00 7.852315996699999801e+00 2.562825868262000029e+01 4.874286120799999900e+00
2.857409808059999889e+00 9.736860322000000512e-01 9.239133174400000481e-01 1.380914293999999920e+01 9.396573894999999954e-01
3.737234699102000235e+01 5.878236157079999913e+00 1.368170025511999910e+01 5.926249494329999834e+01 1.473294894378000031e+01
2.065727947521000019e+01 2.936323437600000030e+00 4.820553945410000374e+00 1.955509705424000089e+01 7.851373242560000243e+00
1.936568077040000002e+00 -1.568468286000000017e-02 1.955512161019999917e+00 4.891642059649999652e+00 -3.560655915000000143e-02
7.795367896940000207e+00 -3.601261619999999997e-02 4.879830730370000147e+00 1.769994630216000076e+01 1.188147954935999984e+01
3.846436810150000163e+00 1.966270471669999909e+00 1.189656602940000063e+01 4.739047665440000223e+00 3.900867527920000022e+00
3.334705529344000041e+01 2.881240764600000226e+00 1.257834605008000040e+01 5.202298742191999992e+01 1.569000998841999994e+01
3.857954593000000099e+00 -2.589675299999999805e-02 3.911658927880000025e+00 1.278647125950999985e+01 3.915361868799999812e+00
1.918603247420000102e+00 -1.456068959999999926e-02 -4.748645087999999598e-02 3.884057949459999826e+00 -4.607798643000000222e-02
1.959002813899999973e+00 3.875248204780000094e+00 7.853690484080000367e+00 9.841846417030000183e+00 2.962843531769999927e+00
6.885515303080000038e+00 1.561763791807000068e+01 2.853386739974000008e+01 1.853258068719999940e+01 5.890740269640000193e+00
1.949546375750000005e+00 6.849633036130000185e+00 1.182821864249999955e+01 1.081372026620000071e+01 4.953973625149999727e+00
-3.328121033999999895e-02 3.900780953499999981e+00 5.881478207999999874e+00 2.875680551999999945e+00 9.703021324599999664e-01
1.958019813289999966e+00 4.873264642759999710e+00 5.824961554739999769e+00 1.081598680819999991e+01 1.958992812019999974e+00
-1.731611925000000121e-02 9.098892010000000363e-01 1.896269423599999948e+00 1.275221567020000002e+01 -1.844711333999999800e-02
-6.025187753999999840e-02 1.868930969643999873e+01 2.168195743579000023e+01 5.012917620414000197e+01 3.931381903810000189e+00
1.972834398200000061e+00 3.855962347779999799e+00 1.833877795790000098e+00 1.759221782091000108e+01 -3.107473632000000083e-02
-1.393306029000000029e-02 2.927189526059999825e+00 2.914872987629999912e+00 6.816400337500000184e+00 -1.644151121999999979e-02
-2.699989037999999883e-02 5.855662740119999654e+00 3.840733952499999937e+00 1.959782926196000119e+01 -2.999870639999999838e-02
2.860394489579999977e+00 9.825149234170000412e+00 6.780104824750000425e+00 2.923588319519999867e+00 2.938586069729999917e+00
1.468873052700000059e+01 1.955455975694000159e+01 3.153293934710000102e+01 6.827318714679999623e+00 5.864253389519999971e+00
1.163169444909000028e+01 2.953635807926999846e+01 3.743167296565999891e+01 1.179827133869999933e+01 5.836614986669999894e+00
1.897159897100000103e+00 5.869977847440000396e+00 7.863860412350000217e+00 1.947167542639999915e+00 3.957991954959999781e+00
4.914333379400000368e+00 4.895418996500000119e+00 5.871494796000000349e+00 9.548349524200000493e-01 -3.519832400999999694e-02
2.558649067054999904e+01 3.891072195490000052e+00 5.859515790239999689e+00 1.576786256980000012e+01 8.988783688000000494e-01
3.868113271179999924e+00 4.965115580960000052e+00 -4.481535680999999827e-02 5.929739174399999868e+00 2.969056708860000171e+00
5.497578525026000307e+01 9.744425731719999817e+00 1.564785489760000026e+01 2.742475351635999914e+01 1.475271732344999975e+01
1.576273551927999961e+01 4.933792772420000361e+00 3.920087644510000136e+00 8.670350008000000663e-01 1.942743229490000001e+00
6.895962026170000314e+00 9.704526223599999613e-01 -3.810042926999999968e-02 -6.345225720000000069e-02 -2.549467304999999961e-02
5.952046798769999647e+00 4.911882886399999926e+00 5.897732439930000403e+00 9.828922679919999794e+00 9.667933695999999522e-01
6.819414081819999751e+00 1.367576094065000092e+01 2.161580197612000021e+01 3.533333183604000283e+01 6.873425511189999781e+00
3.945059942889999949e+00 2.903236517099999858e+00 7.885591673120000422e+00 3.820134561160000164e+00 3.963118018899999928e+00
1.937511147079999940e+00 4.887741202519999995e+00 7.864873809019999662e+00 9.775985379399999786e+00 9.574821482499999981e-01
9.468874065700000342e-01 1.899588981800000020e+00 9.881615661759999725e+00 9.818106201279999112e+00 9.622725490000000326e-01
2.932605587819999915e+00 5.877303902160000426e+00 2.877786334110000066e+00 2.855765360639999972e+00 -3.539337120000000253e-02
1.374803114702000073e+01 2.153626025395000099e+01 1.858230504819999851e+01 3.444925107049999724e+01 4.882644165740000375e+00
5.875571567309999743e+00 1.278703812018999919e+01 5.785803207959999916e+00 9.735014266120000315e+00 1.939064775679999908e+00
3.924215834620000010e+00 8.862472756800000795e+00 4.870716118699999875e+00 7.828170428059999963e+00 1.962447309739999923e+00
3.933828095710000028e+00 6.879224711049999996e+00 3.877641050079999818e+00 6.835660703800000348e+00 4.966720535210000342e+00
1.773504877482000097e+01 9.392977616500000071e-01 4.889546365280000195e+00 1.368277369385000064e+01 9.869886032320000169e+00
4.880297245010000395e+00 3.970841499310000078e+00 9.433620289899999900e-01 7.835758119260000321e+00 -6.145773912000000033e-02
4.726489466873999845e+01 3.823938749919999935e+00 1.166869615386000092e+01 5.609825271911999778e+01 2.364216436895999962e+01
1.081690554098000057e+01 1.964108810900000002e+00 9.349501069000000220e-01 3.816409437039999908e+00 5.923433766659999655e+00
1.928801228420000013e+00 -1.782018872999999864e-02 -2.964537143999999846e-02 4.916506429580000059e+00 -3.540286439999999757e-02
1.367413804975999980e+01 8.506307552499999813e-01 9.310630060000000263e-01 1.175872308141000033e+01 1.938146293189999980e+00
3.900764482960000112e+00 9.530570494000000226e-01 -2.010241800000000037e-02 1.928902918249999932e+00 3.982620883000000056e+00
5.122107354399999934e+01 1.565335484296000068e+01 1.847424540350000033e+00 2.051651301689999940e+01 5.858175008579999954e+00
5.860908083039999994e+00 2.942054892299999835e+00 1.973334615319999985e+00 1.906070731400000051e+00 2.976154429440000193e+00
3.877928789619999872e+00 2.939631110670000158e+00 9.733315032999999561e-01 1.902394389259999929e+00 -2.441033415000000081e-02
1.864185113000000005e+00 3.892531103500000089e+00 5.855219112840000406e+00 2.902555509599999972e+00 9.132867703000000503e-01
1.375309871438000009e+01 6.797147721279999999e+00 1.467541445586000037e+01 5.832820859999999996e+00 1.283995922151999913e+01
2.161366100193999884e+01 2.370423567093000017e+01 2.650226553729000045e+01 7.736243425999999701e+00 2.752473396000000072e+00
1.081538408071999946e+01 1.084816676035999983e+01 1.474713885425999926e+01 5.868131769959999744e+00 6.875558003860000156e+00
-4.067245871999999873e-02 -2.870223821999999883e-02 -5.065099775999999665e-02 -2.675725731000000093e-02 -2.520252629999999994e-02
1.969699661749999997e+00 -2.732357934000000099e-02 1.922016590659999968e+00 -1.199575531799999956e-01 9.724257564399999554e-01
8.797723777079999863e+00 9.821689090750000517e+00 2.748648731806000001e+01 4.512177997426000076e+01 6.818298957249999681e+00
2.940290517090000222e+00 1.946743512500000106e+00 4.863265305619999701e+00 7.481665612000000243e-01 1.943665006250000049e+00
6.869397237010000268e+00 5.884402111170000005e+00 1.966667460608000084e+01 2.644147526489999933e+01 9.882140003920000026e+00
1.952505568999999941e+00 9.572120764300000584e-01 4.878580919000000016e+00 8.795836758149999213e+00 -4.479484275000000099e-02
1.966364819660000096e+00 1.933082686729999944e+00 3.944745963399999944e+00 1.464165871836000044e+01 1.923605152129999940e+00
3.969354732159999788e+00 2.938934566559999961e+00 2.948022737400000093e+00 1.567404050712999997e+01 3.927931805200000070e+00
-4.918207004999999854e-02 3.904235935600000040e+00 1.922105839699999930e+00 2.149922641404999979e+01 2.892762324480000036e+00
-1.023647219999999913e-02 -1.948282875000000025e-02 -1.518343946999999895e-02 -9.977346719999999336e-02 -2.304694296000000045e-02
-2.538821880000000086e-02 9.496760664700000243e-01 1.958041554500000059e+00 1.072537272379999962e+01 4.943484441859999912e+00
-2.050759296000000120e-02 -2.059280658000000111e-02 -7.120781928000000094e-02 2.865832131359999924e+00 -3.894699672000000168e-02
1.907078962699999991e+00 4.901947198790000293e+00 1.866776873463999920e+01 3.937261179136000067e+01 8.807812912710000219e+00
1.973803012399999890e+00 1.972718217469999979e+00 2.906763086999999857e+00 8.258075746299999853e-01 9.485461950400000397e-01
1.969885370449999895e+00 -3.136154112000000271e-02 -1.101934918799999941e-01 6.790770799449999728e+00 4.935963679340000354e+00
9.615511160199999852e-01 9.606465023500000422e-01 5.847765557639999834e+00 1.773689553431999855e+01 1.923124541059999970e+00
7.834372395559999980e+00 8.662106556999999984e-01 7.799904562760000104e+00 1.854981630559999983e+00 2.913620454660000192e+00
1.071341523163999909e+01 1.278257599704999947e+01 2.167353483871000108e+01 1.077022043444000055e+01 6.865190732860000367e+00
1.162997219712000074e+01 1.572391739194000060e+01 1.757866955355000016e+01 1.670184889981999987e+01 9.817481073519999768e+00
1.379468285887999990e+01 3.838864415799999819e+00 1.674728184194000136e+01 7.823665983229999732e+00 3.897557196430000204e+00
1.953336884959999908e+00 -3.717743831999999887e-02 9.432840664899999616e-01 1.962116217379999972e+00 9.767185142500000028e-01
1.774350683208000135e+01 9.517105459000000378e-01 3.890978487399999963e+00 2.460191017641999878e+01 5.880756005520000329e+00
2.897294186999999965e+00 1.980970352479999974e+00 1.958041114670000082e+00 1.850533087070000082e+00 2.954530362449999892e+00
2.839560517873999856e+01 2.884003502880000180e+00 8.742565953899999798e+00 6.906321610432000568e+01 8.721048167010000185e+00
5.786913149340000118e+00 9.616017620800000332e-01 3.916465736800000208e+00 1.569350034808000061e+01 2.907441236819999997e+00
3.910018268019999965e+00 -1.658014028999999986e-02 -3.597638327999999608e-02 6.857571219999999634e+00 -4.074940953000000254e-02
3.978518294560000168e+00 6.910264441599999863e+00 8.781967747799999557e+00 1.882676015749999987e+00 -4.628921093999999875e-02
-6.522158879999999381e-02 1.771743746159999944e+01 3.437167625432000051e+01 1.763372054745000028e+01 5.858305671300000128e+00
3.957360081250000050e+00 1.081266799357999986e+01 2.259219799615999946e+01 1.777716527599999985e+00 5.908350168600000174e+00
-2.208190085999999983e-02 -9.634774148999999954e-02 4.789213149200000075e+00 3.883880887510000157e+00 9.521958476799999849e-01
-2.465303849999999838e-02 8.890076202479999523e+00 1.077780446444000084e+01 5.862544091880000252e+00 1.943565236119999984e+00
9.847927713160000707e+00 2.948259132660000059e+00 2.929397058750000227e+00 9.830901111399999337e+00 1.892157047119999991e+00
3.902787282999999885e+00 -3.219785883000000209e-02 9.550823110299999641e-01 6.867122224840000122e+00 1.927077619699999911e+00
3.141085284959000035e+01 1.579944762394000080e+01 7.735280938639999881e+00 3.428021401568000215e+01 1.853971849306000053e+01
8.471399735800000386e-01 1.948090349719999947e+00 1.931933393930000076e+00 1.181163852893999966e+01 4.892918008099999660e+00
-5.232397904999999683e-02 9.815515825599999689e-01 -2.613902400000000029e-02 1.930944081800000101e+00 9.620083496800000411e-01
2.964150920369999831e+00 1.935092848340000060e+00 5.877466338749999686e+00 -1.145801424599999924e-01 1.957299007250000056e+00
9.812997719469999325e+00 1.567865517675999953e+01 3.237069257736000338e+01 2.840551300234999843e+01 1.678196835934999953e+01
2.938243056600000180e+00 5.896252744079999886e+00 8.797110933509999953e+00 4.803914741539999866e+00 9.252923837500000026e-01
1.939212959510000056e+00 4.902212149790000417e+00 5.812364079960000041e+00 1.181758554407999995e+01 3.932197311369999948e+00
5.948660158800000097e+00 5.912837183039999722e+00 9.831322794160000100e+00 6.834191503119999567e+00 2.942370798779999852e+00
1.168640225328000071e+01 9.798746646699999729e+00 2.890508787839999982e+00 3.862584653439999904e+00 1.926136907570000112e+00
7.821451570399999831e+00 3.885237393700000208e+00 1.940638900519999988e+00 4.924042701170000313e+00 2.962042768199999898e+00
3.319922780673999796e+01 1.953434594288000170e+01 8.744789648519999403e+00 1.266825535995999985e+01 7.831603619540000061e+00
1.084549781846000016e+01 2.920880638559999909e+00 9.564264971200000520e-01 9.451834525000000209e-01 -2.861951291999999952e-02
3.875918819979999874e+00 1.925474925350000088e+00 -3.946392900000000176e-02 4.951022407159999972e+00 -2.584161386999999852e-02
1.083874678111999934e+01 3.941049925300000201e+00 2.917476471000000071e+00 9.854655738399999976e+00 4.888544836730000398e+00
9.877392020440000309e+00 1.954994638250000083e+00 -6.986797964999999500e-02 1.185434808906000015e+01 4.913076904160000424e+00
4.637663845363999826e+01 1.077691105387999926e+01 1.368267759221000013e+01 3.929873419749999641e+01 1.950685738111999967e+01
7.830621683270000410e+00 1.941175603280000050e+00 5.909175380399999788e+00 7.843794851780000243e+00 2.886010062420000022e+00
1.949999090419999970e+00 -1.758762720000000071e-02 -2.590326864000000104e-02 1.943882028740000045e+00 9.646762175199999900e-01
1.683291919723999897e+01 2.959234538700000083e+00 7.900355164849999667e+00 8.747180838989999430e+00 2.893292665500000194e+00
8.908844836600000594e-01 1.979767868599999980e+00 9.505382466699999755e-01 2.872056038519999799e+00 9.409720000600000356e-01
3.136839168811999912e+01 3.872375155839999916e+00 1.567961963161000050e+01 4.021998510245000347e+01 1.565008615600000041e+01
4.879203689119999687e+00 -2.435300153999999870e-02 1.940371445000000028e+00 8.850631385430000719e+00 3.934247096560000045e+00
9.207655108300000224e-01 -1.443715649999999934e-02 -3.637548647999999663e-02 3.907451311600000032e+00 -3.980088899999999902e-02
1.948208342420000072e+00 8.867064219119999535e+00 3.891362179540000188e+00 5.812643520239999972e+00 -2.555668908000000017e-02
8.846705368080000298e+00 2.462106766623999832e+01 1.167855888881999959e+01 3.044765784910000050e+01 2.923007646719999908e+00
7.933566900679999812e+00 8.824238804700000216e+00 9.849912546880000619e+00 4.736848929349999793e+00 -3.505450284000000138e-02
-3.515312844000000048e-02 3.907562938509999917e+00 1.924701306500000042e+00 4.869359370319999769e+00 -1.836881631000000098e-02
-5.190054912000000020e-02 2.862581886480000115e+00 4.886083197319999627e+00 7.798841573839999874e+00 1.973832152960000030e+00
6.830938437820000431e+00 -3.094676604000000039e-02 8.916171249150000477e+00 1.475568015360000018e+01 6.897471208449999835e+00
4.901139658760000017e+00 -1.897056773999999946e-02 9.522920457100000347e-01 3.854887689999999978e+00 -6.406952174999999694e-02
3.339017263833999749e+01 3.883545224320000155e+00 1.869250283064999962e+01 6.517117640351999341e+01 2.664490344389999876e+01
5.874654194519999706e+00 -2.449994039999999970e-02 1.936705926079999918e+00 1.180837378830000084e+01 1.919460316519999932e+00
2.932681559340000188e+00 -1.325718090000000023e-02 9.646810232500000470e-01 4.899226546490000445e+00 1.957124219780000063e+00
9.744663538000000180e-01 6.897988394260000433e+00 5.909476369110000071e+00 2.068555808181000089e+01 9.728469515800000078e-01
-4.542513696000000101e-02 1.781784928332000106e+01 3.836318449719999801e+00 4.246220918643999909e+01 2.951638810680000002e+00
2.964133020179999800e+00 8.853056276760000287e+00 1.871925814009999911e+00 1.256355660514000050e+01 1.960487237719999998e+00
-8.664043499999999481e-03 -3.480484706999999872e-02 2.969326377299999820e+00 8.909222863600000375e-01 -9.345714389999999067e-03
1.969169177359999967e+00 2.879164362000000033e+00 3.892007031879999968e+00 1.263081568333000071e+01 -3.284370746999999702e-02
9.577417362400000300e-01 -1.733268455999999874e-02 9.218671602400000387e-01 -1.048429623599999999e-01 -4.179082409999999859e-02
1.473882230399999926e+01 3.893118481480000170e+00 2.854176506984000028e+01 2.541371338727000051e+01 1.475690257643999992e+01
6.821138481910000273e+00 3.928825918839999876e+00 1.468292775827999996e+01 1.158375792008999916e+01 6.826723443249999690e+00
5.871575789519999589e+00 9.441450284500000345e-01 1.476927511583999930e+01 1.669894505710999866e+01 4.878695598800000255e+00
1.921376687420000007e+00 -3.115121975999999779e-02 1.865767217149999935e+00 2.823851496720000132e+00 2.929540126620000073e+00
9.601380734500000180e-01 -9.634455899999999975e-03 -5.992023843000000155e-02 3.855200345950000163e+00 1.957613858300000009e+00
8.863514649269999879e+00 -3.223800404999999786e-02 1.579781238460000026e+01 2.851320710234000089e+01 5.851319591400000242e+00
1.878115449260000069e+00 9.713649966399999780e-01 1.675748828096000054e+01 1.555711052308000042e+01 2.862901680959999862e+00
-5.841917234999999958e-02 -1.417808205000000051e-02 4.895876538769999620e+00 5.777406366450000164e+00 9.334731164499999734e-01
3.926070068800000090e+00 -1.800123749999999953e-02 3.865507632399999949e+00 1.573101474639999964e+01 3.917275902850000158e+00
2.889855974820000117e+00 2.894634888960000207e+00 9.791845463710000530e+00 4.910001993499999884e+00 9.166972680099999549e-01
1.373308549519999922e+01 1.276072271139999970e+01 2.848481125390999935e+01 1.077393272275999969e+01 6.800541556479999805e+00
1.671445758986000030e+01 1.473844494767999969e+01 2.344179095835000126e+01 8.758115418599999202e+00 6.783636683950000190e+00
4.846860194719999626e+00 5.863161677189999921e+00 9.710066109250000466e+00 7.875477197450000411e+00 2.884062136349999861e+00
1.958406773779999943e+00 9.614127631600000168e-01 -7.805826549000000059e-02 9.664114627000000013e-01 1.969957239319999998e+00
1.377246947719999959e+01 6.817300271799999756e+00 9.412035255999999794e-01 1.275235557016000065e+01 9.507266056900000040e-01
1.885220160949999890e+00 2.905944614400000070e+00 1.969632562970000000e+00 8.871507557550000200e+00 -2.583207611999999848e-02
2.055051857460000164e+01 2.766378014236000027e+01 4.883469524959999752e+00 2.355703419840000024e+01 6.900359411680000221e+00
2.958795739020000148e+00 -3.029834807999999893e-02 -1.041564581999999961e-02 -4.324176899999999935e-02 -8.694656639999999437e-03
1.918258651549999971e+00 2.935920158850000128e+00 -1.996658180999999824e-02 4.916773982299999624e+00 9.823901058999999769e-01
1.669135052060000035e+01 1.945959513500000071e+00 7.889883934400000243e+00 2.356324532700000063e+01 5.887421417759999720e+00
2.898844225679999997e+00 -1.670049737999999839e-02 -3.562534305000000096e-02 5.863059454380000091e+00 -3.450822102000000030e-02
4.831132570095999768e+01 3.885363758560000047e+00 5.746598030220000375e+00 6.006379487200000256e+01 1.575759000400000076e+01
9.725414033799999913e+00 3.952414646499999851e+00 3.899198638750000168e+00 2.761665716926000158e+01 4.898637135409999566e+00
2.881846267949999874e+00 9.809818479999999896e-01 2.960356291500000125e+00 4.854920286019999587e+00 9.625174500700000024e-01
9.613067568399999985e-01 4.904439706489999828e+00 9.821136841659999561e+00 3.859265480799999981e+00 1.952978967830000023e+00
1.084471044824000074e+01 1.860260105457999913e+01 3.229868702310000117e+01 2.846927058176000003e+01 1.181780356368000007e+01
4.913668345099999613e+00 8.807094352800000081e+00 2.060380326467999978e+01 6.705803766129999843e+00 3.901431232030000196e+00
3.923354685550000109e+00 1.183902608856000072e+01 1.566735963766000062e+01 1.375413176164999918e+01 1.916249024539999901e+00
2.957965880250000179e+00 7.899132708799999847e+00 1.380071945839999970e+01 6.852923384920000416e+00 4.949365111519999694e+00
1.470714866582999925e+01 1.179055134695999918e+01 6.880672381120000125e+00 4.903833430399999749e+00 -5.719748255999999864e-02
1.177054878899999935e+01 1.276063647313000082e+01 6.863430219729999671e+00 1.893440101699999989e+00 7.940579523470000289e+00
1.858593358899999970e+01 2.566117406780000110e+01 1.080927713756000053e+01 5.850977586720000012e+00 7.915655085560000082e+00
1.902854380159999970e+00 9.231754892500000365e-01 4.954697623400000417e+00 1.962525929959999971e+00 -2.033088417000000064e-02
8.881403065299999788e-01 3.910654974999999922e+00 1.949021212249999913e+00 9.585733583800000179e-01 -2.338053822000000018e-02
1.073830096370000042e+01 -3.876943176000000046e-02 4.825705309700000001e+00 2.460012647055999935e+01 7.896604962859999688e+00
7.826027013350000061e+00 9.753301531900000487e-01 3.880289157970000069e+00 1.273629251200000034e+01 1.928043413479999968e+00
3.345102952431999910e+01 1.921080054079999933e+00 2.568576593186000068e+01 4.817264557989999929e+01 8.770149349649999593e+00
2.370428537739000063e+01 -4.269722138999999805e-02 8.813904045479999283e+00 2.856130410692000154e+01 6.881152004799999666e+00
2.918285961510000082e+00 -1.166837723999999965e-02 2.947463966189999951e+00 3.881614491310000137e+00 -3.382318943999999827e-02
2.885156576760000036e+00 -1.640893950000000059e-02 1.889805271249999974e+00 1.563506394054999937e+01 9.588046765600000132e-01
5.888956704719999991e+00 -1.558976462999999910e-02 9.898584829660000750e+00 8.635782268799999883e+00 2.961205817879999813e+00
1.279046174800000024e+01 1.969901806159999991e+00 1.180226852508000057e+01 3.830123828333999825e+01 2.919535976999999782e+00
8.880049304819999989e+00 9.825745283200000291e-01 1.088590873465999920e+01 2.058985869509999844e+01 2.955943614000000164e+00
5.899600780260000121e+00 -1.268176337999999889e-02 3.911723198139999802e+00 1.569017259267999975e+01 -3.659688863999999847e-02
-3.637281348000000192e-02 8.873844328980000640e+00 1.179184200743999966e+01 8.888155647119999614e+00 -4.016860469999999905e-02
8.940396296799999476e-01 1.765527887160000020e+01 3.036871748308000107e+01 1.968617337806000123e+01 3.881805601900000013e+00
-5.014303623000000015e-02 2.834149722509999858e+00 1.071467216047999926e+01 2.851461365700000083e+00 1.942849819819999935e+00
-2.519114579999999839e-02 3.917977107700000072e+00 3.857732255290000190e+00 5.925214815720000416e+00 1.973108793800000038e+00
9.696314799999999900e-01 3.895906554939999822e+00 6.815268377079999773e+00 4.904831006150000228e+00 1.965010179709999916e+00
-2.761091549999999950e-02 9.418288666599999859e-01 6.904116684159999906e+00 8.880672119490000682e+00 9.723145887999999903e-01
5.849502375030000145e+00 1.768262360976000025e+01 2.845873770788000101e+01 4.331711568139999713e+01 7.846457286139999709e+00
9.710333980299999945e-01 9.417405491200000478e-01 2.904311817209999980e+00 8.753996440000000323e-01 -2.711903327999999960e-02
9.482152816900000225e-01 4.890674381000000182e+00 8.818340549940000272e+00 1.476398568866999916e+01 9.495934991200000175e-01
9.403993292500000267e-01 6.878836039840000360e+00 9.798995755720000034e+00 1.673728110080000064e+01 -5.614764641999999556e-02
9.773350254999999542e-01 4.923753767690000060e+00 3.884288422000000018e+00 1.362068761423999952e+01 1.946332939699999987e+00
9.704907798399999841e-01 6.897033080259999949e+00 9.850060809280000385e+00 2.951880385080000124e+01 9.315299385999999959e-01
-1.834098389999999981e-02 2.936499529979999856e+00 9.907470981639999508e+00 1.570341335650000048e+01 9.592756704999999551e-01
-9.021387960000000136e-03 -3.150266579999999594e-02 9.533751210099999929e-01 3.858753777070000002e+00 -2.026343304000000067e-02
1.980611478739999987e+00 2.929505641680000050e+00 9.009298962999999771e-01 1.668328221751999862e+01 1.953898039999999892e+00
2.914715485559999930e+00 1.381963344763999935e+01 5.828990283329999578e+00 2.918929363140000177e+00 -4.082330339999999669e-02
1.078655796353000085e+01 3.060613970481999857e+01 2.651537829032999838e+01 8.795910572640000424e+00 4.899916743440000388e+00
5.796365264520000338e+00 1.756915952255999969e+01 2.152715574297999979e+01 7.795011917330000095e+00 4.902655172000000228e+00
-3.760693920000000162e-02 3.919366727499999925e+00 3.910814540950000140e+00 -3.689203643999999782e-02 -1.871377991999999962e-02
9.300085617700000196e-01 6.844896890800000300e+00 7.817868418759999827e+00 1.929753843499999899e+00 1.963978773500000052e+00
2.966386063907999926e+01 1.178635759788000037e+01 5.814023862300000012e+00 8.829602256959999451e+00 3.907656094990000106e+00
1.176145953600000027e+01 2.861669107200000006e+00 6.880906023999999732e+00 1.894257663859999941e+00 2.941034384639999999e+00
5.804565761848999728e+01 2.247818760607999877e+01 2.454951797349999865e+01 2.655442280700000168e+01 1.477753697490000029e+01
1.285041991629999991e+01 1.914478458500000091e+00 3.926797824639999934e+00 -6.546014676000000421e-02 9.641211083199999754e-01
2.888400245250000165e+00 9.381042477100000054e-01 5.948887885439999579e+00 2.952760002959999852e+00 1.973105193349999897e+00
1.366192023007999978e+01 5.883590039999999632e+00 3.850448716659999882e+00 6.797730240879999997e+00 4.904205090799999667e+00
2.959002835203000004e+01 6.859067365329999610e+00 5.820643328100000069e+00 1.076364684704000041e+01 5.889827845950000196e+00
5.901144621062999818e+01 1.766350992959999999e+01 2.453158655152000023e+01 3.442566721579999722e+01 1.773137964734999983e+01
9.856010568700000363e+00 1.953980902999999936e+00 2.938065229199999795e+00 9.169463389599999958e-01 9.599953263399999548e-01
1.901252477179999900e+00 -3.303230463000000200e-02 9.570026719899999978e-01 1.943848082449999959e+00 9.727569881199999990e-01
-1.927437120000000115e-02 9.530142003999999556e-01 7.781423921090000029e+00 2.901222929999999867e+00 9.523387899999999906e-01
3.933215901760000133e+00 2.832862050120000141e+00 5.618261147970000025e+01 3.067876210000000015e+01 1.482745242624000070e+01
-1.808257121999999953e-02 -4.163994782999999589e-02 4.801213848379999760e+00 4.906112089999999704e+00 9.595488227499999745e-01
-1.220560488000000006e-02 1.969800423319999938e+00 4.851346736120000003e+00 2.938459966499999965e+00 -2.931070535999999796e-02
-3.590418555000000206e-02 7.915346573569999933e+00 2.757418270029999974e+01 9.813708035199999458e+00 9.139101616900000558e-01
-3.077566407000000004e-02 1.957007276029999909e+00 8.706918073599999586e-01 -1.903053203999999915e-02 -3.423269303999999791e-02
1.563391429216000006e+01 2.848339554481999869e+01 1.052178891952400051e+02 3.743000157640000047e+00 1.554826413237999994e+01
3.907435296280000081e+00 1.386062134304000004e+01 2.553227552942000145e+01 -6.372917999999999639e-02 8.901132737500000447e-01
9.749969896600000352e-01 -3.876184610999999780e-02 -1.339109965799999968e-01 9.824751267400000376e-01 9.701921166400000462e-01
2.941470631200000074e+00 7.910788718960000132e+00 9.680143473999999415e+00 9.577539834399999563e-01 3.923339325520000198e+00
8.846448086160000557e+00 4.880493273109999919e+00 9.548264295999999707e-01 1.375756676672000012e+01 -2.167301447999999894e-02
2.554701981199999850e+01 2.064073740330000106e+01 9.868306448080000237e+00 3.738622923110000329e+01 3.941271635260000128e+00
2.755657770183999844e+01 1.368438161107999917e+01 1.875138500000000041e+00 3.033793979644000061e+01 9.411281405200000449e-01
8.769052848599999450e+00 8.827347300390000484e+00 -6.841611621000000254e-02 2.667653762615999824e+01 -3.212275319999999962e-02
1.914196488590000023e+00 -6.540477354000000243e-02 -2.414571687000000022e-02 5.873512214399999820e+00 9.889077717099999942e-01
9.640833801399999459e-01 9.440928952299999510e-01 8.729298487000000106e-01 9.802371647800000032e-01 -3.343782060000000111e-02
3.035980191999999889e+01 6.601523558908000666e+01 1.306434362451099958e+02 7.680055184809999602e+00 3.338963406447999915e+01
9.187350895000000461e-01 3.872907075550000133e+00 6.720535241800000392e+00 -4.744712699999999866e-02 9.238026649599999640e-01
-3.232667880000000132e-02 -4.969531115999999832e-02 8.953648852600000208e-01 -1.719349415999999950e-02 -2.821633137000000013e-02
2.929878097500000056e+00 2.890177841279999882e+00 1.074750040424000019e+01 3.957530306799999842e+00 3.931181991759999939e+00
3.889778889550000063e+00 9.629834050000000145e-01 1.175423309508000003e+01 4.862752239199999771e+00 2.936698869359999797e+00
1.954251723746000025e+01 8.827569844650000164e+00 7.698575653007999620e+01 1.547050782760000054e+01 1.172752022819999951e+01
6.899930948409999765e+00 -3.521442276000000260e-02 6.792068085730000426e+00 2.874806717519999832e+00 9.411195990699999792e-01
7.892888370199999670e+00 -3.753798551999999733e-02 3.796365368200000034e+00 9.885484816299999977e+00 9.433220522499999872e-01
7.881021922849999584e+00 -3.986985887999999756e-02 8.745041970000000831e+00 6.860836909959999730e+00 1.926678220039999889e+00
-2.296905012000000079e-02 1.918679499200000027e+00 7.821707096239999935e+00 9.642346808499999700e-01 2.944255411199999894e+00
1.897348512079999994e+00 2.658432270068999870e+01 4.114497691382999989e+01 5.827698786930000097e+00 1.574192020003000003e+01
-3.221803835999999949e-02 2.871907098959999960e+00 1.474633091003999930e+01 9.466992978399999537e-01 5.919535636800000056e+00
9.636692319999999867e-01 6.850437934750000402e+00 1.367490710102000051e+01 1.935945835040000063e+00 1.904425767200000008e+00
1.961132201030000077e+00 5.851654798560000259e+00 1.068322354760000081e+01 1.931987216000000007e+00 9.899036999199999798e+00
1.976097511549999908e+00 3.858761048439999897e+00 4.802894023280000368e+00 2.929331008110000134e+00 -5.478186168000000189e-02
1.944763366249999903e+00 1.964125124299999925e+01 1.752644178549000031e+01 5.826506618399999837e+00 6.868056657040000346e+00
-2.832450767999999952e-02 8.813427669090000194e+00 1.876024911088000025e+01 4.914043733119999757e+00 5.933580322380000105e+00
-1.817822250000000056e-02 8.887576711770000415e+00 1.485026896631999982e+01 -5.178877235999999884e-02 2.958318329879999986e+00
1.967343565339999989e+00 2.810546525009999907e+00 9.735812723080000453e+00 1.905356928620000057e+00 5.927240352750000163e+00
1.951513642999999965e+00 1.083825668981000057e+01 2.846643565079999938e+00 3.944675513650000021e+00 2.950755991679999912e+00
7.738955597600000402e+00 6.423157391851999876e+01 7.116583626791999961e+01 2.690375064329999955e+00 1.974458553499999880e+01
9.618625934200000227e-01 4.879202611820000257e+00 6.877773352240000193e+00 1.956609624349999965e+00 9.630515535400000493e-01
-2.958064271999999786e-02 2.911281429000000198e+00 4.906977242900000036e+00 3.967422856239999795e+00 -2.850816869999999933e-02
3.947151290799999934e+00 4.823920657760000452e+00 3.821562786639999931e+00 3.936808501239999813e+00 4.947052885519999776e+00
-8.324994348000000488e-02 1.959375620449999911e+00 5.902182998699999850e+00 3.889620085809999850e+00 9.868196313999999525e-01
5.809061382944000229e+01 9.517406996080000070e+00 5.599760758176000053e+01 1.038331360109399952e+02 1.856461126339999934e+00
1.282931275810000038e+01 8.916548975639999597e+00 1.079918391062000005e+01 1.376765343103999939e+01 -2.417693993999999943e-02
8.843174929619999958e+00 6.927058451049999732e+00 6.839577283839999744e+00 1.380588695546000011e+01 1.976729974940000023e+00
1.918576023319999990e+00 3.960980014180000008e+00 3.912596065479999830e+00 2.895078432000000035e+00 1.988032966040000016e+00
1.964656954100000075e+00 9.880044745599999345e+00 8.850886930900000449e-01 1.934785361000000092e+00 9.637104407500000081e-01
4.830554496199999548e+00 2.636134228079999886e+01 2.346603401696999924e+01 1.569365184399999968e+01 5.827955826660000227e+00
9.558688226499999496e-01 7.837658630359999989e+00 4.855798891400000095e+00 2.918573708339999850e+00 2.955873134279999981e+00
9.776698616800000297e-01 3.917040789820000146e+00 1.932160409390000000e+00 9.608031911800000158e-01 9.788263116400000019e-01
4.942279051699999926e+00 1.078755339439999972e+01 8.818249198949999368e+00 8.893345524480000819e+00 -5.816911967999999905e-02
-6.052359446999999726e-02 -2.197205999999999812e-02 -8.877881798999999463e-02 9.165610511199999699e-01 -1.444638239999999907e-02
3.234422606468999817e+01 1.474600906140000056e+01 7.200430999965999490e+01 4.707252575913000214e+01 8.839763452619999740e+00
2.077426986338999981e+01 3.914335270750000095e+00 1.767158521488000034e+01 2.771632452321999907e+01 1.948788877519999962e+00
4.891193425760000046e+00 9.574701983200000210e-01 1.083613507787000074e+01 9.850108826890000557e+00 1.974576484640000018e+00
1.088110134739999957e+01 -4.552240500000000190e-02 5.822121101819999645e+00 6.840640923999999679e+00 -2.824118135999999918e-02
1.940926352510000008e+00 -2.750305914000000101e-02 -7.242124140000000265e-02 -7.192265966999999982e-02 -1.829951838000000094e-02
8.185676931857000227e+01 2.551106445956000002e+01 7.663216796394000596e+01 1.158110318836800019e+02 1.765340272367999930e+01
8.810537727599999869e+00 1.917361736119999938e+00 1.477207110300000004e+01 1.776649482810000080e+01 2.938684313820000060e+00
3.885806255079999882e+00 3.948117848409999908e+00 4.856810455039999752e+00 3.864759479950000021e+00 9.619189839999999769e-01
-7.146957401999999571e-02 9.689894618500000112e-01 -8.020735991999999870e-02 9.208696744000000045e-01 2.976872778749999782e+00
4.933003500319999901e+00 -4.049392094999999803e-02 6.800093059479999980e+00 5.924860637550000142e+00 9.575850733299999806e-01
2.063863083144000043e+01 1.180253402039999955e+01 7.891590994009999349e+01 2.061688633526999936e+01 9.789578698959999770e+00
2.939926978559999959e+00 -3.125316554999999635e-02 5.826946011000000425e+00 9.380878646500000473e-01 9.658543398400000202e-01
9.259762853799999860e-01 1.961960475439999962e+00 1.178262050250000037e+01 3.923795015320000079e+00 9.612028597599999724e-01
7.892586916549999998e+00 1.943758406539999983e+00 2.170360724944000097e+01 2.884198090800000003e+00 2.939010990059999884e+00
6.897649721919999699e+00 1.941165277400000111e+00 3.800792669439999827e+00 9.792360613990000573e+00 9.469010979999999966e-01
-4.514942186999999774e-02 -2.771290665000000070e-02 1.905426300260000039e+00 1.901649131749999944e+00 -2.390571791999999973e-02
3.897779986120000206e+00 3.942127622200000125e+00 7.807107773690000307e+00 1.182047090124000022e+01 9.509892352300000073e-01
3.905169930400000045e+00 2.944116037740000191e+00 1.181315302319999994e+01 7.806417283520000083e+00 3.948694175560000019e+00
1.284841042779999931e+01 4.910909259920000380e+00 2.070614083062000077e+01 1.969193603720000141e+01 4.924212635119999959e+00
9.586363067199999977e-01 6.830332394200000046e+00 1.072532525131999925e+01 9.821173186359999363e+00 1.931422262869999962e+00
1.194141159840000022e+01 4.813710955520000390e+00 5.606905052760000174e+00 1.773723694365000014e+01 1.899503468480000068e+00
-3.299235300000000204e-02 9.871494357790000507e+00 8.779257113579999938e+00 5.851873835520000178e+00 1.944299904500000009e+00
-1.309627439999999990e-02 -4.984323660000000017e-02 -8.288749655999999577e-02 1.938372776480000059e+00 -2.241801765000000016e-02
1.943588283860000043e+00 1.577649631849000045e+01 2.461787922678999863e+01 1.375254418189999939e+01 2.902625512230000204e+00
-4.085756072999999905e-02 6.785191214890000211e+00 8.872745971409999655e+00 5.942700548160000373e+00 4.908812779849999863e+00
3.887876676639999918e+00 3.937485543871000004e+01 1.962965285138000127e+01 4.836570693439999680e+00 1.473170676666000034e+01
-3.395631779999999655e-02 7.811494669700000060e+00 7.879944949280000444e+00 1.951051955959999917e+00 9.224737692400000189e-01
-1.483684775999999893e-02 1.915605225199999984e+00 1.947377442799999914e+00 -2.085624288000000048e-02 -3.522253410000000112e-02
2.939532954060000147e+00 2.466727043155000132e+01 1.080344217620000080e+01 4.913122469900000233e+00 5.860276155870000281e+00
3.905278250079999847e+00 9.885749499999999523e-01 6.883873818639999698e+00 4.832523071599999831e+00 -1.828014642000000065e-02
1.965935627228000016e+01 -4.313455010999999589e-02 1.056706530724999915e+01 3.537847288412999802e+01 -6.671963357999999289e-02
1.573773633294999996e+01 9.687909559599999776e-01 1.968997784195000023e+01 2.856249853615999967e+01 9.538324785999999778e-01
3.894261315340000085e+00 9.869549824000000138e-01 7.868008129939999762e+00 1.280593753105000054e+01 -2.076295032000000096e-02
8.846204814000000027e+00 -2.228820867000000025e-02 1.779724042739999845e+01 1.767958101972000051e+01 -3.573767951999999581e-02
-3.762097164000000049e-02 4.860066400700000067e+00 2.567305631744000038e+01 3.896630412249999953e+00 5.912377491840000054e+00
5.948704152330000383e+00 9.815926693239999778e+00 2.354708420700000104e+01 1.084484250739999922e+01 8.879124195719999335e+00
9.715688056000000294e-01 8.900899031250000704e+00 1.974371392640000167e+01 9.243537679000000118e-01 2.936134636319999824e+00
-1.075216679999999904e-02 9.572352270399999696e-01 2.902006442189999813e+00 9.682842523600000417e-01 -2.475545084999999923e-02
2.949625866719999934e+00 1.081562524363999955e+01 1.856032199326000054e+01 1.085650256107999923e+01 7.882072087040000063e+00
9.854570623599999690e-01 7.859098794140000344e+00 8.796459853889999181e+00 1.985496130280000049e+00 1.937551731319999915e+00
2.877578542380000215e+00 8.780212144303999366e+01 1.352435919475699961e+02 2.880395216130000158e+00 3.448158099658999731e+01
-1.334536559999999900e-02 2.875248342479999941e+00 2.823686392800000000e+00 -1.237317119999999972e-02 9.440537625099999497e-01
-9.516592799999999339e-03 1.910862727850000109e+00 1.863816068900000067e+00 -9.488437199999999808e-03 -3.975773300999999732e-02
-2.667760677000000080e-02 1.573165708287999998e+01 1.760543744940000011e+01 9.726994927000000013e-01 6.882997576840000242e+00
-3.700223612999999773e-02 -7.073725841999999042e-02 9.399526555599999611e-01 -4.128460650000000121e-02 -1.990831607999999850e-02
4.523990801392000094e+01 9.754430805936000581e+01 7.582989038143999494e+01 5.418697578481000221e+01 2.669551359336000118e+01
5.901429079859999760e+00 1.282062986590000087e+01 3.843189832000000195e+00 1.089449246989999942e+01 1.950928367780000006e+00
-6.607399392000000427e-02 6.872304532750000305e+00 2.885932765739999795e+00 -7.344889649999999937e-02 -3.169022616000000125e-02
-4.302549657000000194e-02 9.219924802000000197e-01 9.408267832600000213e-01 1.954589666599999997e+00 -1.990290851999999833e-02
9.532037079999999829e-01 3.875684618200000209e+00 1.773826593444000110e+01 4.914084945920000003e+00 9.510370511500000346e-01
4.862792194069999852e+00 1.964545905125000047e+01 4.325150525858000350e+01 4.761128343200000224e+00 6.860683680640000226e+00
2.952242142419999826e+00 5.882400117599999589e+00 1.074302235326000066e+01 4.921966654160000232e+00 9.516080533599999836e-01
9.692541917200000468e-01 -8.273473487999999376e-02 3.827622501940000088e+00 1.944703279640000115e+00 1.967468853710000021e+00
1.927704179000000018e+00 7.799052514039999551e+00 1.958981757140000113e+01 5.866274384879999637e+00 2.919899606250000001e+00
-1.918294649999999907e-02 6.875015316819999889e+00 9.851281764399999474e+00 1.949999056400000041e+00 5.928631998360000210e+00
3.898852588120000018e+00 5.132323092544000076e+01 4.718516982824999673e+01 2.074071784979999933e+01 1.963654021657999849e+01
-2.628883350000000077e-02 5.819768127959999759e+00 1.078821789410000065e+01 9.348029574399999708e-01 3.906194590120000143e+00
-2.102380595999999921e-02 4.861226693299999901e+00 1.084813320367999978e+01 -5.421658698000000193e-02 4.921558683079999774e+00
-4.296159000000000089e-02 1.172069828589000018e+01 2.366001616875000124e+01 5.891866544670000039e+00 4.845548164010000214e+00
-8.483225175000000395e-02 1.953264079730000047e+00 1.911996978949999981e+00 -8.946664649999999663e-02 9.910286019999999807e-01
6.513344068485000093e+01 2.955093466350000142e+01 4.406157919313999827e+01 6.807662601881999365e+01 -8.914075757999999350e-02
8.777086836840000572e+00 1.088178947075000025e+01 7.762289462000000029e+00 9.753994213120000367e+00 1.977459648860000030e+00
1.185538903463999993e+01 3.921263182120000135e+00 8.832586141440000205e+00 7.832915152910000067e+00 -1.676120039999999881e-02
3.899308414000000056e+00 3.944432436700000100e+00 4.887900464720000393e+00 5.889759011339999795e+00 -1.023131249999999909e-02
8.861187821399999720e+00 2.966237294879999986e+00 5.875587825630000260e+00 8.769669858000000318e+00 3.968843881360000214e+00
1.977242633767999891e+01 1.931742317359999905e+00 3.748791589600000140e+00 2.153779040064999961e+01 2.935858679849999930e+00
1.372870065010999951e+01 1.935654501529999960e+00 1.273077062049999952e+01 2.953941460536000108e+01 1.937169545780000002e+00
1.477227615612000022e+01 1.937993813120000075e+00 9.772749631900000011e+00 2.057642498603999925e+01 9.412016617899999771e-01
6.848675805670000116e+00 -3.284082305999999618e-02 7.869939362720000275e+00 1.276529413675000058e+01 9.687666924100000188e-01
2.939155168440000132e+00 1.935258176630000104e+00 9.664805662300000044e-01 3.921754747900000115e+00 9.686307088000000176e-01
1.660700091869000161e+01 3.560330118779999964e+01 1.275947937435999968e+01 3.836301923757000054e+01 9.785722840569999192e+00
7.838658267559999615e+00 2.080643008962000096e+01 3.897157442800000204e+00 1.672295839243999893e+01 9.906221537200000427e+00
3.893300506300000130e+00 6.874885002400000111e+00 4.931298946040000075e+00 8.817963921000000482e+00 2.939425757039999976e+00
9.887759320600000734e+00 7.867912927399999923e+00 9.277717751199999752e-01 1.880524782819999885e+01 1.938201768469999919e+00
5.888985386819999945e+00 5.872614820259999924e+00 9.621789939999999541e-01 5.881198196669999767e+00 3.930620046970000114e+00
2.755946476864000161e+01 4.848642328108000044e+01 9.865214517700000130e+00 1.852922484424000160e+01 2.271860034295999853e+01
4.875648299419999887e+00 1.085226482576000073e+01 1.960960531250000027e+00 5.864026502039999755e+00 4.919713188800000303e+00
9.392545376199999962e-01 9.191233670499999731e-01 -2.060704799999999934e-02 -6.809591025000000242e-02 3.960577837839999837e+00
1.384829040199999994e+01 6.805492142020000301e+00 -5.061180834000000156e-02 1.483706487767999960e+01 3.903226716099999827e+00
1.929242411119999945e+00 9.564909034599999860e-01 1.893387103400000049e+00 2.916948577799999942e+00 1.980862243400000056e+00
5.414727074878000224e+01 3.152400520424000163e+01 8.066028352239999322e+01 8.204481731072000628e+01 1.176792365190000034e+01
1.083680110064000068e+01 5.895525645960000283e+00 1.371210766159999928e+01 5.797815750149999836e+00 2.954346643920000126e+00
5.874641339820000141e+00 2.928322472250000086e+00 8.809381849499999362e+00 5.860907814930000015e+00 9.650009440900000346e-01
9.148460526999999676e-01 2.952805403460000200e+00 3.872717693499999836e+00 9.100239299200000298e-01 9.775590868900000396e-01
1.910132480719999970e+00 3.948472810660000221e+00 4.873441337780000104e+00 5.853934528979999996e+00 1.981909524800000044e+00
5.814499665353000069e+01 1.257075951879999920e+01 4.797301974340000186e+01 8.691458359345000417e+01 5.865966529799999662e+00
1.378876011943999913e+01 8.900490528000000623e+00 1.174126647413999969e+01 1.471802077823999966e+01 -3.311450504999999961e-02
8.833388417280000127e+00 4.919125268930000239e+00 4.799803157240000395e+00 7.777934145439999725e+00 -2.720329109999999884e-02
2.929070543159999929e+00 9.618179931999999432e-01 9.077471997399999548e-01 1.900304492060000072e+00 1.987664999239999952e+00
2.929316276639999828e+00 -4.510576854000000052e-02 8.749076909670000290e+00 3.900141388839999834e+00 9.508251219400000176e-01
1.814920507999999932e+00 7.882420594400000091e+00 4.134152029370999770e+01 4.737656226380000390e+00 8.863903829159999859e+00
2.904119084189999977e+00 3.931166886070000199e+00 1.963418337902000133e+01 5.868942115020000294e+00 1.927187850169999939e+00
2.947873421999999799e+00 -3.367178099999999785e-02 7.838316328760000395e+00 1.928693746280000010e+00 -3.692937338999999902e-02
1.189037213760000000e+01 3.923069287720000187e+00 2.160158800864000028e+01 8.853556120469999513e+00 3.919162275400000173e+00
-3.365472644999999846e-02 2.904487066380000204e+00 9.449456081499999494e-01 -1.395314018999999940e-02 -3.383265671999999974e-02
3.436928989388000133e+01 1.142451992751200009e+02 5.601020519747999771e+01 1.374434281039999917e+01 3.638201413203999834e+01
5.926524507959999966e+00 4.799954366419999729e+00 8.865151095700000150e-01 2.970825795840000172e+00 1.927112594690000069e+00
2.964568403279999931e+00 9.014593179700000070e-01 9.405537533200000189e-01 9.857196999999999765e-01 9.638262375399999637e-01
2.927452758239999842e+00 1.980122336507000114e+01 5.881253693009999672e+00 9.710317545400000139e-01 9.259837551999999805e-01
-2.486998080000000014e-02 2.892202266179999981e+00 6.849960358749999756e+00 -1.051685855999999995e-02 2.955827033939999904e+00
2.371197168851999848e+01 8.078977353087999802e+01 1.151780786437499984e+02 8.785193387499999895e-01 3.549797789219999800e+01
1.977449288959999940e+00 9.077033479599999621e-01 8.570010286000000477e-01 9.905232057399999679e-01 -3.903387326999999823e-02
-1.410042815999999928e-02 -6.404612409000000339e-02 -8.675838477000000215e-02 -6.464917799999999985e-03 -2.559343068000000110e-02
-4.710722183999999785e-02 7.804214214739999989e+00 1.570511359672000040e+01 -2.064815711999999984e-02 2.917340992020000190e+00
3.930830422600000151e+00 1.902858870800000046e+00 1.278698398384000079e+01 1.276691080035999981e+01 1.951370042960000051e+00
1.192145523149999953e+01 2.888145121980000063e+00 1.674799228159999842e+01 1.773700273538999994e+01 1.942078722500000021e+00
1.937867415049999931e+00 5.912348714160000185e+00 4.807314374719999783e+00 7.799138085680000110e+00 1.955438647850000100e+00
9.492200299899999916e-01 2.926156236599999794e+00 5.843662586879999843e+00 3.829736208279999943e+00 9.627440734900000185e-01
4.892489861539999652e+00 9.847473405220000586e+00 1.166949215220000013e+01 2.564468089964000086e+01 1.919550291319999991e+00
3.901304827480000181e+00 9.599739115600000039e-01 9.178215107499999581e-01 3.906290208999999791e+00 -2.494683359999999919e-02
6.596982691293999324e+01 2.857176296624000145e+01 8.907889338539999358e+01 7.694069975924999483e+01 2.372950815612000142e+01
3.161557786478000054e+01 7.816952319290000339e+00 1.260896390427999947e+01 2.357552421015000021e+01 5.887197593699999842e+00
8.878463780849999765e+00 1.950467813119999949e+00 3.883801701099999892e+00 7.887339281600000085e+00 -3.077245080000000008e-02
1.913481356599999961e+00 -3.402598752000000198e-02 1.923046760000000077e+00 -8.543687544000000411e-02 -2.232901890000000070e-02
9.810687739600000290e-01 9.863281221039999380e+00 1.767297721446000125e+01 9.405389692000000190e-01 -7.051121280000000047e-02
3.944536077820000042e+00 2.357748596777999950e+01 4.203245997340000173e+01 1.481592540047999940e+01 1.178033818655999987e+01
9.903299494599999697e-01 3.926624662840000113e+00 8.449763712400000237e-01 9.700218141399999938e-01 9.636309975700000363e-01
9.944146936000000103e-01 -4.275641051999999609e-02 3.905848192000000108e+00 9.819252250300000151e-01 -2.213617248000000065e-02
9.750170695600000048e-01 1.381268619589999957e+01 2.556667754000000059e+01 2.916843896640000100e+00 4.901245388060000430e+00
-2.018345607000000125e-02 1.900616243240000003e+00 6.909716784939999634e+00 3.943863943869999833e+00 9.598608873999999735e-01
3.863049136599999933e+00 3.538435214924999883e+01 6.030019792014999780e+01 1.963306897940000084e+01 1.871205203727999944e+01
-4.083786881999999785e-02 7.842878584640000206e+00 1.581553781871999931e+01 8.886732460919999355e+00 2.918779518000000017e+00
1.978685891660000085e+00 -1.018244519999999959e-01 5.890656036120000216e+00 2.937340212780000126e+00 -4.394155067999999664e-02
1.943913472129999986e+00 1.775436619751999956e+01 1.072744837876999924e+01 1.183944830105999912e+01 9.886429388890000780e+00
1.077355296560000042e+01 3.913393434340000088e+00 6.847464214959999573e+00 7.754044935319999610e+00 9.743013235899999902e-01
5.517556365349999936e+01 2.969239439189999885e+01 5.338470704832000280e+01 7.407560434799999882e+01 7.902621405529999699e+00
3.546321874694999821e+01 1.280449155145000084e+01 3.558911330798999728e+01 3.540120989759999759e+01 -6.423270030000000075e-02
8.781470940780000234e+00 3.919364005899999892e+00 1.081836706448000029e+01 1.074952876735999929e+01 9.734624171200000342e-01
9.239336127999999704e-01 -2.822701365000000046e-02 3.942743142819999935e+00 2.914417554599999960e+00 -8.498188710000000035e-03
8.877576546540000280e+00 5.907693269940000214e+00 1.962914503969999913e+01 5.889021174239999823e+00 2.926156210679999869e+00
3.956327281299999754e+01 1.561201790640999931e+01 1.034332542923999938e+02 2.954350354367999998e+01 1.167803429069999943e+01
4.833399394399999771e+00 4.877058775100000076e+00 2.750239853037999893e+01 4.855094789179999815e+00 4.904815216010000256e+00
5.889924845070000359e+00 3.919952203599999851e+00 1.467456953351999971e+01 4.900423991360000286e+00 2.932621802399999922e+00
1.903742548399999901e+00 1.926402813559999982e+00 8.710282166220000732e+00 2.906837699340000025e+00 4.942116184999999717e+00
4.878101791039999746e+00 4.898859149929999823e+00 1.855756334000000063e+00 9.209365058799999781e-01 9.673299662500000062e-01
6.900110794329999919e+01 4.322516154920000275e+01 6.387046748614999814e+01 4.536545222566000035e+01 1.374805794991999974e+01
1.258235480811999984e+01 1.367234232835999919e+01 3.251879403926999856e+01 1.070969053411999994e+01 1.891634043080000049e+00
-1.273300924499999875e-01 3.898938710559999965e+00 3.854798190669999958e+00 -8.221402476000000403e-02 9.675359314300000513e-01
-6.428343384000000105e-02 -5.003777268000000195e-02 9.222595371999999792e-01 9.559954337499999566e-01 -1.764116496000000048e-02
9.584061371200000012e-01 9.417662326000000306e-01 2.806553259839999814e+00 3.944198309439999939e+00 -4.390499618999999659e-02
1.373048053519999989e+01 2.264469906875000049e+01 8.677027451589999885e+01 1.462136591958000054e+01 2.471446116519999947e+01
9.283618503999999660e-01 2.898171413760000092e+00 1.267634405235999928e+01 9.035963579800000423e-01 2.923773244139999949e+00
2.958188230110000205e+00 1.946172592099999932e+00 6.801087391990000341e+00 9.421779005199999446e-01 1.956023147900000092e+00
2.914515677999999888e+00 2.885933734500000014e+00 2.259626387539999826e+01 4.883060380999999950e+00 4.910180410579999766e+00
