1.579215259869999954e+01 -3.723466319999999691e-02 3.835534356760000207e+00 2.749826066805999858e+01 -2.737223280000000009e-02
1.277817013327000062e+01 4.963002569600000413e+00 2.834874517799999882e+00 7.521007789519999598e+00 9.719327912499999833e-01
2.451153011317000008e+01 1.918792480430000058e+00 1.266421802350000014e+01 6.993019656782000482e+01 -5.911578854999999938e-02
5.852118875100000395e+00 1.975937634559999934e+00 2.900537738040000146e+00 1.368182623765999928e+01 -1.791485262000000120e-02
1.379965355671999916e+01 -3.331209888000000174e-02 1.085901706675999989e+01 3.857638349135999789e+01 9.767316095200000436e-01
-4.109562054000000242e-02 2.861870513700000007e+00 5.800811539199999700e+00 5.930050904519999833e+00 1.946195349859999979e+00
2.961800865749999900e+01 8.466195514855999704e+01 1.091246542513499946e+02 2.237076727879999893e+01 3.251866762905000030e+01
4.961258542400000415e+00 2.864722683270000125e+00 1.800802191799999896e+00 1.932638285899999975e+00 1.950356097920000087e+00
-3.247177328999999862e-02 8.930206043199999666e-01 -1.475472348000000100e-01 9.466447329999999605e-01 -3.865422707999999902e-02
8.899074288359999585e+00 1.267721017240000059e+01 2.656440795239999986e+01 1.083791585476999941e+01 8.807985532000000006e-01
3.905496605829999801e+00 2.876996103779999814e+00 3.044464518694000077e+01 9.794604597490000231e+00 9.869122224999999915e+00
9.869725597240000425e+00 1.483243775591999913e+01 4.123862344545000269e+01 1.075135869020000001e+01 1.382495276623999914e+01
2.965224209250000076e+00 -4.381916939999999649e-02 7.946060725000000380e-01 9.189907141599999996e-01 -5.110241399999999878e-02
7.892312433469999888e+00 2.866535797800000118e+00 2.437100191797999926e+01 1.678308946171999949e+01 4.853119265600000176e+00
2.891639139600000075e+00 1.865698293439999933e+00 3.936449214075999947e+01 1.782426721679999915e+01 4.851482543150000382e+00
4.829208771920000309e+00 -3.942676053000000042e-02 6.780166997920000327e+00 6.763916364820000027e+00 9.480899892699999887e-01
5.201541867499999938e+01 1.976530458007999869e+01 8.685239500266999357e+01 8.474759436524000478e+01 1.871047344043000038e+01
1.968321324601999933e+01 9.218512145799999669e-01 1.763347375421999885e+01 2.863158758822000038e+01 4.899313445719999827e+00
1.077823624304000028e+01 9.453392082100000593e-01 1.272536880664000059e+01 1.771845921827999959e+01 4.933173726679999760e+00
4.882763794639999766e+00 1.971892870400000053e+00 1.859146143500000070e+00 7.853312298319999663e+00 1.965868090400000101e+00
5.847900336240000385e+00 2.867659002119999911e+00 3.838866026889999894e+00 9.324136647999999861e-01 -4.624055504999999983e-02
1.094975163681600066e+02 8.574300195521999512e+01 8.760963752719999320e+01 3.233520162141000043e+01 2.359420871424000055e+01
3.360560841232000229e+01 2.165442075760000051e+01 1.660614158321000033e+01 8.811278448299999511e+00 6.884647358109999615e+00
6.795733962669999961e+00 2.840371939200000195e+00 1.816092091999999880e+00 2.909356009590000181e+00 2.947666577970000201e+00
9.155708730999999601e-01 1.930623070700000055e+00 3.924479551180000136e+00 3.965013742900000082e+00 -2.108709936000000007e-02
-5.186075300999999638e-02 -5.015332404000000244e-02 9.151426479700000005e-01 9.739184778999999681e-01 9.743147137000000013e-01
9.065423734543999501e+01 8.866614898836000691e+01 1.327635035243999937e+02 4.132680313478999778e+01 3.137304557794999837e+01
1.283857818879999968e+01 1.480886008070999971e+01 6.670056602319999861e+00 2.902115167679999885e+00 3.907569085600000047e+00
1.936253885329999980e+00 3.934002237610000119e+00 1.887199742630000010e+00 -3.651622965000000248e-02 -3.250007388000000080e-02
3.890735770900000112e+00 1.891297821800000056e+00 7.839719653759999574e+00 8.942876395109999876e+00 9.495224037999999700e-01
2.912762454060000117e+00 2.906917649579999985e+00 3.253864642808999719e+01 7.784336168360000308e+00 5.890893267300000069e+00
2.878107866040000129e+00 1.087478039900000049e+01 4.136736827661000149e+01 2.732061687599999900e+00 1.084886582923999931e+01
2.953832023379999949e+00 9.450272035000000237e-01 4.749368560699999797e+00 5.880026163930000216e+00 -5.913517022999999900e-02
4.944330097249999945e+00 1.937222646139999949e+00 1.570178043213999963e+01 6.862553097460000195e+00 -6.760017324000000549e-02
6.893044939960000228e+00 2.883607757130000060e+00 2.343424947764999899e+01 1.573058903389000029e+01 9.866358232839999687e+00
9.222973115499999430e-01 -3.314037645000000171e-02 -7.275680172000000001e-02 2.924446206719999886e+00 1.975668215600000055e+00
1.043573128468899966e+02 3.534279547751999928e+01 9.036955464499999380e+01 1.023845436528799979e+02 3.545473240772999901e+01
1.570788838132000009e+01 3.875625374799999801e+00 2.372550368243999941e+01 1.570117852599999964e+01 9.893370773799999185e+00
6.828440257689999626e+00 3.927178840539999882e+00 1.283183862970000000e+01 4.827257948479999783e+00 2.942621754600000195e+00
-6.890719895999999900e-02 -2.698042607999999801e-02 -6.476863760999999886e-02 9.342274184200000109e-01 9.764475627699999993e-01
9.287939967399999608e-01 1.289671691296000056e+01 6.870771355839999650e+00 8.831579120280000694e+00 6.944959144060000256e+00
1.782067411619999930e+01 1.174460505599999927e+01 1.166946371633999924e+01 1.156334192517000048e+01 6.863001246159999624e+00
5.854383513600000200e+00 1.180445903642999994e+01 1.473878564015999970e+01 2.365628062128000053e+01 5.883601736400000171e+00
9.792166260160000135e+00 1.771458624863999987e+01 2.660378879969999844e+01 2.950001601419999986e+01 1.182197597655000010e+01
5.897393436299999792e+00 4.850492174780000276e+00 1.480048996514999970e+01 1.675588563439999845e+01 1.912840167079999931e+00
3.856696671099999918e+00 1.963997398640000114e+00 4.916429980160000213e+00 6.712170552429999937e+00 -1.616203368000000001e-02
1.575193295104000057e+01 2.936813519999999844e+00 5.843954692319999644e+00 2.047209357512999972e+01 9.697814612199999740e-01
1.474419563502000052e+01 2.933897630160000158e+00 2.837295615900000012e+00 3.345126617716000084e+01 -3.048977942999999899e-02
1.673328031235000068e+01 9.306177133599999873e-01 2.831927332799999864e+00 3.444027742069999931e+01 1.968247321220000012e+00
1.683189602575999899e+01 -5.411070540000000040e-02 1.386871403602999919e+01 3.356102932089999769e+01 -2.501962019999999856e-02
9.806346325899999883e+00 5.905906078650000168e+00 6.866285524000000251e+00 5.790616820880000404e+00 -2.227143437999999989e-02
9.085822281091999741e+01 4.346747206018999776e+01 6.416678995463000490e+01 7.870441585886000269e+01 4.863241082300000073e+00
2.359870265256000010e+01 6.814382501139999881e+00 1.571508084435999919e+01 2.655469312505999824e+01 9.519911234200000294e-01
2.065875999401999863e+01 1.183819681704000004e+01 7.758533184200000044e+00 1.862147324053000119e+01 -4.149899324999999778e-02
-7.188169392000000324e-02 9.665231050000000490e-01 9.474168865600000045e-01 9.217478342799999558e-01 -8.223858719999999414e-03
2.937497622510000017e+00 9.684029690379999167e+00 1.864392856030000090e+01 4.932645243799999690e+00 9.022012018299999658e-01
1.875800603620000118e+01 7.369207609529999559e+01 9.051389879231000180e+01 4.732388303899999649e+00 2.658925529856000125e+01
1.980876677599999969e+00 1.896056448680000006e+00 5.878717190969999784e+00 9.766674510399999676e-01 -3.425521589999999672e-02
-1.857049740000000018e-02 -9.427200551999999345e-02 -1.097512415999999935e-01 1.978657297040000040e+00 -3.118483881000000055e-02
9.443208737799999586e-01 2.470083056944000077e+01 1.565965728123999945e+01 2.934916892039999947e+00 3.906245915770000021e+00
-2.028934250999999897e-02 7.833466195099999752e+00 2.163669896848000107e+01 8.904892560480000441e+00 1.907700018859999957e+00
9.608103936999999872e-01 2.462517285963999925e+01 5.030569697127000239e+01 1.481333203644000029e+01 7.829408710700000107e+00
-1.290582719999999912e-02 3.876429147520000118e+00 7.766691202879999700e+00 -6.659045639999999766e-02 -5.450688935999999790e-02
9.883409086000000121e-01 1.899576753230000081e+00 8.826099116310000881e+00 2.946426852720000156e+00 3.953067892870000044e+00
-2.540098764000000078e-02 1.175438876249999964e+01 1.855480833136000030e+01 1.873729850059999924e+00 9.883505569149999559e+00
5.894433105000000062e+00 -2.566510353000000036e-02 1.948901771270000083e+00 1.279057371997000025e+01 9.871584544000000516e-01
1.771579993319999957e+01 4.931552489000000428e+00 1.860374335159999948e+00 3.342372509175999795e+01 9.640995785199999446e-01
1.474719726092999927e+01 2.939373627060000160e+00 3.881663811400000164e+00 2.253347024134999899e+01 -2.905226999999999810e-02
1.774581939180000134e+01 1.937778163579999990e+00 2.880589955520000078e+00 3.356324708631999698e+01 1.968424838390000042e+00
1.179343745795999965e+01 2.950616947889999953e+00 2.902722954420000168e+00 2.461396627554999839e+01 1.975732568480000007e+00
2.868021665040000112e+00 4.892729015659999625e+00 2.279827899320000029e+01 4.864364709440000212e+00 9.607730802399999659e-01
7.699500660696000409e+01 4.714661630604000209e+01 1.073107528569999971e+02 7.602892596364999633e+01 1.571520175548999987e+01
2.841368349360000156e+00 6.872059293100000410e+00 9.743139522999999969e+00 7.842721479469999757e+00 -4.370854769999999584e-02
6.871002072999999655e+00 6.886687760260000069e+00 4.781868686420000181e+00 8.878985769959999885e+00 3.964705844080000041e+00
9.411663789999999974e-01 -5.760307548000000166e-02 2.896312690559999847e+00 1.932276935179999988e+00 -1.866691494000000118e-02
-2.218012874999999995e-02 7.726063596290000390e+00 1.668305024000000003e+01 1.084352869792999918e+01 4.906938071299999926e+00
6.967807687239999659e+00 1.263442438965999948e+01 4.458233250396000358e+01 1.878974709471999915e+01 7.862960586589999856e+00
-1.575642617999999801e-02 1.279943091039999992e+01 6.783432208359999827e+00 2.898939689040000101e+00 1.933694956010000077e+00
-1.246788449999999999e-02 1.850409756469999945e+00 7.841796849079999632e+00 5.912571179040000402e+00 1.945543533950000015e+00
-2.830057541999999801e-02 2.268761629100000121e+01 1.161879912759000000e+01 1.481728692461999941e+01 6.877893450940000264e+00
9.452068290999999789e-01 7.844102990359999694e+00 4.880790057919999647e+00 -3.100301243999999817e-02 1.953866135720000008e+00
2.649581729658000029e+01 9.559841323975000194e+01 6.689099270389999674e+01 1.169192231579999941e+01 2.358331113543000157e+01
7.885400979679999978e+00 1.969103567359999829e+01 7.756474604030000108e+00 9.356630235399999718e-01 4.902444636800000310e+00
3.931211681499999777e+00 1.380495972415999972e+01 2.857628049600000164e+00 1.961589921499999889e+00 9.415744659100000469e-01
1.948552662079999998e+00 7.861606555759999893e+00 3.893203580079999782e+00 -2.951083044000000002e-02 2.953941342599999853e+00
-1.341033407999999913e-02 1.783074053090000000e+00 1.079380346455999984e+01 9.849589318000000482e-01 6.917330735800000241e+00
9.143537120200000423e-01 1.006404320148599965e+02 8.063302671783999642e+01 9.058053389500000385e-01 3.049336944822999840e+01
-1.668099257999999807e-02 9.721250751250000377e+00 1.371313977089000069e+01 -2.030897285999999982e-02 5.885553052319999701e+00
9.833805901000000071e-01 2.173692021825999987e+01 1.673549793601999980e+01 -1.772171621999999933e-02 5.899677129239999651e+00
9.828687430000000447e-01 1.270259086711000052e+01 2.770913228859999933e+01 -2.030696325000000066e-02 6.884815137460000400e+00
3.898358595849999997e+00 -2.375324351999999820e-02 3.946214889490000211e+00 1.584082108095999963e+01 -1.876495572000000042e-02
3.555206936820000152e+01 1.889744445495999869e+01 4.760102675839999797e+00 4.032096832975999945e+01 2.920071842220000047e+00
2.570160859954999921e+01 2.930369110590000048e+00 6.844651003960000146e+00 3.053107347159999918e+01 3.944575351480000158e+00
3.062368037631999940e+01 2.913201494309999973e+00 1.280157971080000046e+01 4.641789899503999806e+01 2.932392314009999890e+00
5.880385096800000433e+00 -2.748452472000000035e-02 9.312842267199999968e-01 1.479556408704000070e+01 9.766044459999999594e-01
1.963731310400000041e+00 1.877460456510999975e+01 1.275064343590000071e+01 3.907205526819999886e+00 2.950365823589999881e+00
6.871972910650000266e+00 6.033368721760000142e+01 6.916406377731999555e+01 1.769707428758999868e+01 1.282892172088000038e+01
-1.965877614000000051e-02 5.880523328159999785e+00 5.869164406560000380e+00 -5.246373887999999930e-02 -2.717624924999999941e-02
-1.858425119999999875e-02 3.893606576139999831e+00 5.874760240529999678e+00 2.951055989759999942e+00 -2.610359136000000094e-02
2.953433838720000093e+00 5.728259597010000093e+00 2.769040091709999984e+01 1.088087022929000014e+01 1.936082660240000086e+00
-6.569507916000000280e-02 9.452621925999999952e-01 6.850053600279999877e+00 8.815716809279999566e+00 9.848715927400000236e-01
2.855053164900000162e+00 9.872445190869999720e+00 1.665422533133000016e+01 3.458702303575999792e+01 9.641583035199999818e-01
4.880044742900000010e+00 5.892837147419999866e+00 1.571012461473999977e+01 2.365793152115999831e+01 -3.019841351999999826e-02
3.945903216070000052e+00 9.497511251200000393e-01 1.186097180492999925e+01 9.853044774760000735e+00 9.855496996300000534e-01
9.913229502489999234e+00 3.925130436399999923e+00 9.798740097039999597e+00 1.775377603395000037e+01 9.779579219799999779e-01
1.082178710884999973e+01 1.180897987728000054e+01 3.047844786555999974e+01 2.275144297394000148e+01 4.934653560230000124e+00
1.472951975450999917e+01 3.474725871319999726e+01 4.531352976280000178e+01 6.659054633140000234e+00 1.091789976727999978e+01
1.931584780459999928e+00 9.412627568500000486e-01 1.182460336787999999e+01 3.909937907109999777e+00 2.975032824059999914e+00
2.929014582419999790e+00 2.919419241419999977e+00 1.473392236695000079e+01 6.851365144179999866e+00 3.950309812900000050e+00
6.867839340519999780e+00 5.862593749740000248e+00 1.758319395839999899e+01 2.078234893056000132e+01 1.939463117479999887e+00
-3.515121360000000167e-02 5.872543583999999761e+00 9.869281075720000018e+00 3.909962777350000085e+00 2.929607698439999908e+00
1.083866573899999963e+01 3.144050946301999971e+01 3.641743740844000143e+01 2.662810463762999902e+01 1.870150336029999849e+01
9.124431925600000604e-01 1.470819559245000008e+01 1.667804123077999989e+01 1.679140681955000147e+01 8.836150533479999680e+00
1.956437489630000082e+00 1.086097139588000005e+01 7.836096378499999737e+00 4.889294060000000108e+00 1.918016148079999983e+00
8.914348859309999540e+00 1.770940204776000115e+01 1.069999997276000059e+01 7.794611750599999667e+00 9.836827305490000839e+00
-6.003453996000000098e-02 8.874618820200000258e+00 8.821739068559999453e+00 2.062545671279999837e+01 9.511718521599999976e-01
5.924821914689999858e+00 7.852281974270000298e+00 1.076585733785000087e+01 2.054796387915000011e+01 9.416814037299999773e-01
1.929508940000000061e+00 5.857984757399999687e+00 9.759300675400000458e+00 2.257488217255999885e+01 -5.480101493999999657e-02
-4.095214524000000134e-02 5.915730326460000299e+00 6.873988765750000063e+00 9.738566709309999680e+00 9.661282372899999693e-01
2.907546042719999946e+00 9.819343067500000188e+00 2.068568591277000124e+01 4.041790433050999809e+01 4.924698204200000262e+00
1.484879525961000013e+01 1.965414935090000093e+00 5.841739423860000002e+00 3.258376145574000304e+01 9.588449287000000432e-01
1.928643608900000084e+00 1.983807988219999929e+00 2.912682816479999826e+00 -2.117606327999999871e-01 9.817880507199999718e-01
2.069177396754000142e+01 3.928057334140000023e+00 6.605969906950000414e+00 6.001922351230000174e+01 1.916497871120000029e+00
-5.725672595999999753e-02 -1.381744979999999928e-02 1.931804052319999965e+00 3.815764615480000010e+00 -1.664871327000000054e-02
8.853659853119999923e+00 -3.486588300000000029e-02 9.850394425599999337e+00 2.855373306689000046e+01 1.959166744130000026e+00
1.186392994598999984e+01 9.530938428399999829e-01 1.850693775679999931e+00 2.751889548771999827e+01 -4.083242642999999894e-02
4.938357262550000293e+00 2.980878990959999975e+00 -6.380933354999999974e-02 4.793278004600000308e+00 9.821982152799999533e-01
1.574530906749999914e+01 6.915675602050000315e+00 7.726081133600000150e+00 5.509948771639999876e+01 1.925187638599999973e+00
-3.897802943999999908e-02 -1.336702499999999939e-02 4.957241963000000418e+00 1.861513779980000116e+00 -1.094852376000000037e-02
3.869224602520000111e+00 1.957310039450000039e+00 6.864707822199999754e+00 1.955275938289999971e+01 -3.647022245999999995e-02
2.267969406007999922e+01 1.902439460899999935e+00 6.853038771039999588e+00 6.891500657949999997e+00 1.924626745999999944e+00
6.002409257296000078e+01 1.370402636288000053e+01 3.454414952030000308e+01 1.366166076925999917e+01 9.780422290480000669e+00
6.790046349120000002e+01 1.866994435171000077e+01 2.547649604420000102e+01 1.861098744951999961e+01 1.673503385300000090e+01
2.914306946670000009e+00 9.736447448799999682e-01 9.584938601200000408e-01 1.967667962239999957e+00 -2.048226587999999945e-02
3.895105000000000040e+00 -3.161829330000000271e-02 1.949651452999999979e+00 1.963124579090000044e+00 9.747596758600000078e-01
1.917475683679999987e+00 1.962540730279999979e+00 5.867217388500000297e+00 3.154062100802000046e+01 1.939452482180000104e+00
1.956753659359999897e+00 9.808139965600000121e-01 1.931310648920000039e+00 3.756378640089999887e+00 1.970603407910000104e+00
8.825441973840000287e+00 6.917078692959999664e+00 1.369750322632999939e+01 4.301980279837999888e+01 3.874053373779999809e+00
-3.694894623000000156e-02 -1.637879373000000055e-02 1.942075902080000027e+00 8.803529507160000378e+00 9.743905807299999555e-01
1.919220530600000085e+00 -3.692570084999999974e-02 4.866902278250000435e+00 3.453502819049000294e+01 3.940041242019999945e+00
-2.035028771999999875e-02 -4.510369655999999644e-02 -1.138685080499999974e-01 1.936134229699999931e+00 -2.946950748000000050e-02
1.578764210802999912e+01 1.949243809969999930e+01 9.273024352695999539e+01 3.035765133354999890e+01 2.967153291155999995e+01
7.949035435039999875e+00 1.875189238399999958e+00 2.694970692480000096e+00 7.845033485960000164e+00 9.234218224000000363e-01
-5.012673336000000174e-02 3.880491822399999791e+00 1.970044028714000106e+01 3.841555089999999950e+00 5.925380337600000047e+00
3.926563806729999939e+00 7.822665595970000219e+00 2.056867021452000088e+01 1.574050511139999919e+01 5.893861407000000163e+00
9.046311670000000138e-01 5.957102255819999748e+00 3.832591667260000001e+00 2.462265054070000048e+01 1.965450867499999976e+00
8.871087877920000864e+00 9.438158079999999783e-01 8.772868499399999465e+00 3.044709069844000027e+01 2.953861518720000134e+00
8.632909475200000182e-01 3.941545915839999914e+00 1.579045449040000015e+01 3.639926659743999693e+01 -4.870369863000000021e-02
9.876783725019999238e+00 1.946253700640000028e+00 1.679073714800000161e+01 2.947002212892000017e+01 1.955703549439999911e+00
6.909281309769999879e+00 9.624419199999999508e-01 2.841245835240000073e+00 1.560891204564999946e+01 -3.386309004000000178e-02
6.788334791679999647e+00 4.910843877529999624e+00 1.272160965982000036e+01 1.972842557762000126e+01 2.928878546159999985e+00
1.860278275215999955e+01 8.839050759539999191e+00 2.447056698189999935e+01 3.943916382865000259e+01 5.869622715900000287e+00
2.449733776216000081e+01 7.806408409160000339e+00 3.839732969087999948e+01 3.630820742776000287e+01 6.831676244139999632e+00
2.166304419823000060e+01 8.675480920600000534e-01 3.156652619959999839e+01 2.153328164175999859e+01 1.889302480760000069e+00
-6.534327671999999587e-02 9.731841772599999496e-01 9.164480334400000316e-01 9.072535403799999454e-01 9.795595657600000283e-01
1.767012753239999867e+01 9.526468427199999978e-01 1.281603211312000035e+01 1.668201710282000150e+01 8.897359259159999922e+00
1.077840261541999922e+01 -3.160039391999999725e-02 4.882830935540000361e+00 1.279002508996000032e+01 2.931622866660000160e+00
4.712579931089999974e+01 6.873754161399999951e+00 1.853345316573999924e+01 4.113525336845999902e+01 1.171756665254999952e+01
2.814592182600000214e+00 -2.762560080000000043e-02 6.892602548740000223e+00 9.812791342000000583e+00 1.938526702399999913e+00
9.148107415599999737e-01 9.883545813999999874e-01 9.522128414799999607e-01 -8.359226001000000239e-02 -2.637124370999999884e-02
4.847063804420000288e+00 -1.994965037999999954e-02 9.253181053000000267e-01 2.466427967826999890e+01 8.910606845799999842e-01
-7.845590339999999885e-02 9.904725110800000065e-01 -3.412408176000000098e-02 1.283492768620000035e+01 1.947250826030000104e+00
2.545492770602000121e+01 -6.947600445000000347e-02 1.073766491768000009e+01 7.180592241664000142e+01 1.764807187230000096e+01
9.205281257499999814e-01 -1.032072273000000061e-02 -3.722629589999999766e-02 7.823667171500000350e+00 2.941595288579999856e+00
1.927330466059999914e+00 -9.209610899999999892e-03 9.640641637000000319e-01 5.834893244999999951e+00 9.497778048999999667e-01
8.802544620060000824e+00 1.881336276559999909e+00 1.770741414252000112e+01 1.858771235000000077e+00 4.890364961000000399e+00
1.759727015945999895e+01 4.756008569719999635e+00 3.239692897631999813e+01 1.869114965680000040e+01 1.076775293144000045e+01
3.549583920383999924e+01 2.070454646954999944e+01 3.025228561096000135e+01 1.662705341962999839e+01 1.071592676705000002e+01
1.268851758771999982e+01 9.820678141900000213e+00 2.354362200618000145e+01 1.276698109135000081e+01 3.821675990620000185e+00
1.923237527149999959e+00 -4.060686248999999942e-02 8.996312540799999979e-01 3.949475018799999848e+00 -4.248003042000000201e-02
-5.225737679999999802e-02 9.780364936000000009e-01 2.881754857829999850e+00 6.794023823439999887e+00 9.552211239700000300e-01
9.807986775159999837e+00 -7.567717247999999897e-02 1.960052177000000029e+01 3.923748160059999890e+01 4.842357798380000133e+00
9.363178259200000131e-01 9.752116671999999653e-01 4.863531642259999899e+00 5.744961968730000201e+00 -5.286596219999999818e-02
4.874636997409999672e+00 1.948582817569999959e+00 1.472757711288000060e+01 2.048986388406000003e+01 5.889681576960000164e+00
3.911828713599999841e+00 9.663507005500000524e-01 1.081503698518999990e+01 1.565988646345000035e+01 2.928943950419999886e+00
9.641804999499999917e-01 5.884685969999999600e+00 1.928415634400000078e+00 1.761124685040000060e+01 -2.756929769999999849e-02
-5.209772984999999634e-02 9.832546563219999314e+00 8.927482539700000164e-01 3.244921065150000317e+01 1.960891874839999938e+00
1.943765903899999925e+00 1.382897642180000020e+01 5.891208507960000063e+00 3.040845137535999854e+01 -3.988345877999999872e-02
9.899040474100000431e-01 9.691589567799999694e-01 1.979445115999999949e+00 2.894851032600000096e+00 9.925269011199999714e-01
9.588781378899999819e-01 8.865308495520000776e+00 3.914763196180000016e+00 3.456025580735000347e+01 -3.043053360000000027e-02
1.894525326739999960e+00 9.816941180980000681e+00 2.869266000000000094e+00 1.182634929129000056e+01 2.955078412499999807e+00
1.375099054196000026e+01 2.655737445024000110e+01 1.068591000169999994e+01 2.259047348024000001e+01 6.893918087560000352e+00
9.748180297179999343e+00 1.756591727400000025e+01 1.868416911567999961e+01 2.757990955825000157e+01 3.892282004200000145e+00
1.955827699759999927e+00 1.921395273679999960e+00 2.943727590900000024e+00 1.923371389369999962e+00 -1.949854842000000102e-02
2.906411827259999914e+00 5.831299554450000144e+00 2.882373517200000013e+00 6.834324842890000085e+00 9.600566854600000033e-01
1.075704489830000021e+01 1.962753793489999898e+00 8.828461522619999613e+00 1.661591309434999886e+01 6.884095514020000195e+00
4.800264927709999796e+00 1.967856698719999908e+00 4.852994214559999797e+00 7.692623926459999595e+00 1.905805893799999984e+00
4.154705116872000303e+01 3.920875001769999812e+00 1.766230961004000122e+01 4.823322901798000117e+01 1.376724366985999914e+01
1.767929697054000115e+01 1.948057032799999977e+00 1.276673276964999992e+01 2.750431915377999914e+01 8.850577001219999573e+00
3.932278305700000143e+00 9.889754601700000425e-01 -5.395448799000000101e-02 -1.140846921900000033e-01 -3.644662067999999977e-02
2.161621132096000153e+01 -1.054435708800000038e-01 7.882472742200000049e+00 2.560626815138000012e+01 5.882114427360000342e+00
9.139595700700000602e-01 2.975938535280000075e+00 9.710296566399999607e-01 9.098706034000000331e-01 9.736287165999999438e-01
5.514700992310999794e+01 7.755125024959999891e+00 1.373866611170000063e+01 5.712706276104999858e+01 1.374259331408000051e+01
1.475688267231000061e+01 2.931588127379999964e+00 7.926666334100000100e+00 1.275504190600000065e+01 3.925941965679999868e+00
4.890831669229999790e+00 9.686864829700000401e-01 -3.398966550000000197e-02 9.877823595729999795e+00 -3.294123875999999812e-02
-5.467833072000000127e-02 -2.223322181999999939e-02 5.909537111819999744e+00 2.878967580599999909e+00 9.526477377700000027e-01
1.173472377284999979e+01 5.879083248599999756e+00 2.752098756219999842e+01 2.434488901729000077e+01 1.673019592469000116e+01
6.798370698970000348e+00 5.915660191799999801e+00 1.667286722780000119e+01 1.954464333194000147e+01 8.817633782819999766e+00
3.858153358900000107e+00 1.941009177440000011e+00 6.765065789650000383e+00 1.268637957652000026e+01 3.870502870000000151e+00
6.927907523020000014e+00 9.696787596999999481e-01 5.883806439599999827e+00 3.839002483539999844e+00 1.937492395580000082e+00
1.671364733795000035e+01 9.453082816000000221e-01 7.852271554429999689e+00 1.862918970148000142e+01 8.880412623839999853e+00
4.857708755570000037e+00 -2.622880034999999777e-02 1.924700383100000023e+00 6.814957536339999677e+00 1.942511789000000100e+00
3.535700981192999848e+01 3.884032340500000124e+00 1.668749214958999971e+01 3.818090099783999847e+01 8.734668717150000816e+00
1.864885514230000041e+01 9.338996916099999712e-01 6.815617191430000332e+00 3.157864552435999883e+01 4.851663233090000027e+00
2.915711920830000192e+00 -1.549333250999999911e-02 1.959049239050000057e+00 3.890528545360000034e+00 1.965344644099999982e+00
1.280103712582000064e+01 -3.681255599999999628e-02 3.877986965439999878e+00 1.469854425533999986e+01 7.881785835469999668e+00
1.081682774533999947e+01 -3.190695300000000179e-02 6.887815058320000183e+00 5.737967122199999714e+00 2.899167696750000189e+00
2.434469027973999999e+01 2.880055521570000110e+00 1.859673489201999885e+01 6.701786997637999832e+01 1.663946339479999992e+01
8.857630673999999260e+00 9.744857881299999747e-01 4.913265594470000330e+00 9.786962113839999589e+00 7.916432542999999988e+00
9.226705093300000549e-01 -1.362132530999999973e-02 -4.729539374999999768e-02 2.884760360400000057e+00 -4.287197969999999997e-02
2.960058446400000154e+00 5.878317874740000448e+00 4.835162970949999917e+00 1.583490826240000082e+01 9.634014200799999594e-01
6.884135743479999903e+00 2.163654417100000060e+01 2.452417479637000142e+01 1.354042377626000082e+01 8.925173432199999812e-01
2.950821719129999909e+00 4.845023759480000081e+00 1.480345597049999995e+01 1.779197687567999964e+01 2.955108844200000195e+00
2.967188515140000149e+00 7.902822368959999899e+00 3.872937341200000105e+00 3.876293382610000116e+00 -2.966701949999999907e-02
1.956728562319999920e+00 1.868076309260000123e+00 1.183421239463999974e+01 7.840136131999999591e+00 9.591509483200000297e-01
9.829890814599999693e-01 3.910944382329999858e+00 3.902209862349999892e+00 8.751821247989999719e+00 -1.918949130000000003e-02
-6.028379963999999647e-02 1.670783906771000105e+01 2.957078470169999918e+01 5.511046761469999922e+01 3.933710338720000088e+00
1.973544853249999953e+00 8.615180008899999686e-01 5.835252084720000454e+00 1.660279815511999857e+01 -3.101243597999999921e-02
-1.344551723999999962e-02 3.926370737560000101e+00 4.913477601440000342e+00 8.790992142480000382e+00 -1.554390485999999905e-02
-2.812853790000000020e-02 8.857061568000000662e+00 7.830638143279999852e+00 2.159380643017000168e+01 9.689790039400000277e-01
5.858363343299999748e+00 1.081452014119999916e+01 4.765555446799999650e+00 -7.488326799000000200e-02 9.408311621199999530e-01
1.569623056000000005e+01 2.761851284200000123e+01 1.953349608278000105e+01 2.837889265709999886e+00 7.865705239999999598e+00
1.260965137558000038e+01 2.553699806836999997e+01 4.342411899961999922e+01 1.080124267465999921e+01 1.840206670039999937e+00
2.897330935079999836e+00 5.869401022949999991e+00 5.847668733479999936e+00 9.469179419500000083e-01 2.957053757879999800e+00
2.912358060749999922e+00 8.908050647799999888e-01 3.875369095659999985e+00 -4.644485405999999872e-02 9.636219944199999610e-01
2.158866095539000085e+01 6.893201354200000353e+00 2.860111425359999959e+00 1.276074414400000023e+01 2.901329843520000118e+00
5.868521010600000309e+00 -3.642579071999999668e-02 3.956893662999999783e+00 3.924849988480000107e+00 9.678289772799999469e-01
4.997968997190000096e+01 1.072802751823999934e+01 1.765948453740000090e+01 2.643018113033999938e+01 1.575544180300000008e+01
1.575418577245000051e+01 7.935993678500000037e+00 3.919085414500000031e+00 9.864783364419999145e+00 9.416893068999999672e-01
1.894131499880000069e+00 -2.740634999999999946e-02 -3.866639652000000010e-02 3.937836313480000072e+00 -2.524150349999999821e-02
1.954284542029999905e+00 8.916458689800000670e+00 3.893579814549999796e+00 6.826279980399999836e+00 2.969600235060000148e+00
9.820335762999999218e+00 1.967992654628000082e+01 1.368151488500000035e+01 3.832088060190000078e+01 4.877871595520000270e+00
3.950020051600000137e+00 6.902370424599999943e+00 4.883919709189999736e+00 1.802039201119999934e+00 2.966017292400000116e+00
4.943127630380000248e+00 2.888381721360000043e+00 8.682475821399999738e-01 9.775300572999999105e+00 -4.317314174999999782e-02
-5.078381183999999826e-02 4.899416642960000345e+00 5.880984261900000121e+00 9.797647755339999875e+00 2.963333669249999858e+00
1.930000898359999884e+00 4.880711601319999815e+00 3.883694022129999812e+00 2.825523962040000114e+00 -3.250699128000000132e-02
1.375646205632000019e+01 2.058771120689999989e+01 2.154596214234999962e+01 2.844293309237000145e+01 8.836945089400000120e-01
1.187220265500000060e+01 1.377818568770000063e+01 4.783552211479999983e+00 6.710227865440000272e+00 1.940528128970000044e+00
1.923298864399999974e+00 3.864352476820000160e+00 6.865208223999999859e+00 7.842661182259999642e+00 -3.542208570000000140e-02
1.930359743749999968e+00 5.877615091200000030e+00 5.877950512199999977e+00 6.841436968510000050e+00 9.665639443900000405e-01
1.776747097935000141e+01 4.939807002980000306e+00 4.886382832519999830e+00 1.668727779199999972e+01 6.872772468129999979e+00
5.876586326400000004e+00 2.970770293020000175e+00 -5.343781410000000148e-02 -1.506697232399999975e-01 9.358779116800000075e-01
3.926715576267999808e+01 5.826356476800000017e+00 2.069251464774000127e+01 4.907250148424000002e+01 1.763731261475999901e+01
6.856968795460000266e+00 9.642395691999999796e-01 4.931947811119999692e+00 3.811700126199999872e+00 4.922338536499999861e+00
3.928436525920000033e+00 -1.728497555999999880e-02 -3.175715970000000249e-02 2.912614497839999927e+00 9.636525014500000319e-01
1.966676874751999904e+01 9.850407283539999170e+00 9.347951749599999749e-01 8.757407071979999458e+00 2.937865535039999809e+00
4.890692087599999738e+00 9.527299997500000561e-01 2.979793176239999841e+00 3.931214461420000195e+00 9.818371108000000236e-01
5.821757584736000268e+01 2.263782084764000047e+01 3.847624825000000026e+00 2.544994005650000091e+01 3.861876758799999809e+00
1.085674573280000033e+01 2.938047424590000123e+00 2.974364467140000023e+00 9.085019285800000066e-01 1.976713683410000089e+00
7.857112628780000385e+00 9.385724479599999448e-01 -2.670869375999999906e-02 3.900213408369999968e+00 -2.582110710000000073e-02
4.869826179800000432e+00 4.894505713400000069e+00 4.818243711200000057e+00 2.903748161699999830e+00 9.117452026000000265e-01
1.774670075603999919e+01 7.802441952559999727e+00 2.068715470844999871e+01 1.582914881571999999e+01 7.843318085780000004e+00
2.064767255039999938e+01 1.671889934554999968e+01 2.551044540410000039e+01 1.074095428474999991e+01 8.755205007600000755e+00
6.814215322809999975e+00 6.853076348560000142e+00 1.272377538759999993e+01 1.867549287619999943e+00 3.878219590150000062e+00
-3.841093224000000084e-02 -3.029268375000000041e-02 9.492909625000000018e-01 9.731186563600000561e-01 2.975342109600000118e+00
1.968311190529999921e+00 -2.806876800000000088e-02 9.233127073000000351e-01 -1.296055727999999851e-01 1.973411387120000082e+00
1.479291253016999974e+01 5.815182982019999613e+00 2.547866590783999996e+01 4.911825524305999835e+01 8.823962052000000611e+00
2.940149880839999952e+00 6.945538658560000300e+00 6.852150662739999731e+00 3.740998214290000234e+00 2.945977941000000211e+00
5.867179167839999820e+00 5.882457554700000202e+00 1.766274517944000166e+01 2.743273416447999935e+01 9.887295083679999763e+00
-4.875829182000000067e-02 9.561089350000000486e-01 3.874104421600000236e+00 6.796095354700000257e+00 -4.308124967999999583e-02
-3.354142607999999887e-02 1.935184187179999959e+00 9.458655486400000534e-01 1.364265318290000017e+01 9.241951294000000372e-01
1.967643594199999901e+00 3.937698865389999803e+00 -5.043834684000000207e-02 1.465775415060000064e+01 1.929573637939999919e+00
-4.658997689999999636e-02 8.903497888709999586e+00 8.923899495600000620e+00 2.348823761627999929e+01 4.891368594740000297e+00
-9.666142290000000539e-03 -1.899510911999999913e-02 -1.714853105999999960e-02 8.987521400200000343e-01 -2.265992819999999852e-02
-2.558806848000000009e-02 9.487524744999999982e-01 9.586313641000000496e-01 1.372576023589999927e+01 9.432871534000000224e-01
1.980914403349999908e+00 -2.053222667999999793e-02 1.920012227029999963e+00 2.864915998679999909e+00 9.620128451799999647e-01
2.906097736800000053e+00 6.901168497999999651e+00 1.768442795280000013e+01 3.435889552919000067e+01 1.081431986059999950e+01
-2.457121796999999983e-02 1.973006779159999891e+00 1.903011139460000001e+00 8.220233178100000426e-01 -5.039050500000000210e-02
9.691322154399999445e-01 9.677268929800000308e-01 4.886056410620000179e+00 4.792257670279999715e+00 9.372342275199999628e-01
9.616829896899999897e-01 9.611938622800000331e-01 9.868418183530000221e+00 7.738776846800000442e+00 -7.428003101999999802e-02
1.382954785979000079e+01 8.865696342959999754e+00 1.180272376209000029e+01 3.853080693399999923e+00 3.914747435199999792e+00
1.772430191999999849e+01 1.678853789836999866e+01 2.666369049074999964e+01 9.762062645800000382e+00 4.857245599999999719e+00
1.065846918619999961e+01 1.272406201419999938e+01 1.857077469496000077e+01 6.704556059949999813e+00 4.823105319049999729e+00
1.480081791551999970e+01 6.837044362000000319e+00 1.077077013365000013e+01 2.831529485099999910e+00 3.897935351410000138e+00
9.534205644400000068e-01 1.964730748340000055e+00 1.947051318169999989e+00 3.961688581120000219e+00 -2.194443575999999868e-02
1.172789085990000046e+01 -4.898040840000000146e-02 2.894508793830000037e+00 3.059992777432000111e+01 8.881894751309999947e+00
5.886696501780000368e+00 -1.948102649999999825e-02 2.957619273150000172e+00 1.838447230159999890e+00 9.517235617899999500e-01
2.943728217030000138e+01 6.882570580480000366e+00 1.274887589116000086e+01 7.306023230245999400e+01 8.719420560299999678e+00
1.179396684155999964e+01 1.961465890249999955e+00 5.917121710440000015e+00 1.067904507755000054e+01 6.902862881919999971e+00
5.907170157360000395e+00 -1.759364954999999980e-02 -3.727384452000000181e-02 5.864029538729999658e+00 -4.215717899999999602e-02
9.781736095899999928e-01 5.906517370259999566e+00 9.787664240470000721e+00 3.885462644980000047e+00 1.955114818760000039e+00
9.349354442799999720e-01 1.872100668447999894e+01 3.842510812463999770e+01 1.865540938527999870e+01 8.861236842600000330e+00
2.958900120480000062e+00 1.081568991404000002e+01 2.057262905873999870e+01 7.684758969400000694e-01 5.908134188580000057e+00
9.780137755300000180e-01 3.905223854529999983e+00 7.794957105439999978e+00 5.881597812599999919e+00 -4.817439035999999952e-02
1.974603598579999897e+00 1.887978146150000036e+00 1.174858315958999988e+01 7.867947134509999607e+00 3.945485263360000161e+00
7.845252055549999604e+00 2.947418428799999823e+00 1.929128481380000038e+00 6.847511364249999843e+00 3.890907470650000199e+00
8.975157851799999698e-01 9.665620789600000151e-01 9.537182523999999662e-01 1.087524558119000062e+01 2.927435220930000082e+00
3.841333292297999691e+01 1.680046938871999984e+01 6.734443764759999951e+00 4.127181857952000144e+01 2.257657796263999828e+01
9.849562315840000082e+00 3.947325205899999911e+00 1.926170163739999941e+00 6.835653248559999895e+00 1.896624908299999968e+00
9.449190927999999712e-01 1.980262665199999939e+00 -2.572729937999999883e-02 9.387899038000000473e-01 4.962272427500000305e+00
9.633533012199999579e-01 3.941037777730000080e+00 2.882551381859999928e+00 3.884757958749999851e+00 -4.053915216000000127e-02
1.780811755532999996e+01 1.770523489178999910e+01 3.736369773569000330e+01 3.140107622168000034e+01 1.077488865884000013e+01
3.937020457990000111e+00 4.890550566019999934e+00 6.797224859199999969e+00 8.038831985200000085e-01 9.247243939300000548e-01
9.432719634699999744e-01 3.903494425959999958e+00 1.081301683951999948e+01 7.833911392160000098e+00 4.933618317049999646e+00
3.949477493349999868e+00 6.913462349139999574e+00 7.822947126859999933e+00 7.836863098580000297e+00 1.941517748899999951e+00
2.265717145685000133e+01 9.798582004480000052e+00 1.895079564380000026e+00 1.866130728139999917e+00 9.285880914999999902e-01
9.789331281220000847e+00 2.891742154590000169e+00 8.939802824999999231e+00 2.927701376399999944e+00 -3.831132815999999802e-02
3.519312004710000252e+01 3.153203305591999950e+01 1.274172827215000048e+01 9.683773822719999202e+00 5.829540023039999852e+00
8.854898579640000378e+00 1.091627241085999955e+01 1.957154922830000032e+00 1.946006438419999984e+00 1.970808275540000043e+00
5.874507096900000391e+00 -7.367689367999999406e-02 9.610924600000000373e-01 1.950042747799999976e+00 9.736397293599999836e-01
5.829302926319999578e+00 1.941682629260000015e+00 3.914343091300000133e+00 9.834394858479999613e+00 1.891474088330000081e+00
4.870051633580000150e+00 1.956691088479999951e+00 2.938267781850000038e+00 6.870531038560000248e+00 3.916950081159999986e+00
3.736620475939999864e+01 3.774373592799999955e+00 1.967678875126999927e+01 4.231326964912000221e+01 2.966470046651999937e+01
5.848620443789999790e+00 3.939687387040000210e+00 9.110989781199999582e-01 5.819900778420000087e+00 4.886599493750000356e+00
-5.011427474999999992e-02 1.982321847199999931e+00 -2.753603423999999994e-02 3.939419931519999807e+00 -3.387141035999999966e-02
9.803345484879999461e+00 9.599023918000000322e-01 3.899954552620000126e+00 1.575516249232000021e+01 2.891987503590000230e+00
4.894629810259999658e+00 9.799523250399999608e-01 1.952392533500000082e+00 2.875057734899999939e+00 9.467311535200000350e-01
4.235350932483999742e+01 8.701502737599999815e-01 1.468689982170000086e+01 5.321328011199000230e+01 1.465339661384999914e+01
3.869994951399999827e+00 -2.445255539999999922e-02 5.940181759199999689e+00 4.853417267840000271e+00 1.932022310060000025e+00
-7.470496755000000100e-02 -1.528623089999999948e-02 -3.722962175999999790e-02 4.907725596229999709e+00 -4.047791534999999746e-02
4.949140472599999896e+00 6.868459389849999930e+00 2.888196582089999964e+00 1.080885217916000052e+01 2.974246631579999800e+00
-1.478605079699999991e-01 2.062675468272000145e+01 1.567988940534999998e+01 2.745939699118000021e+01 9.231169464999999796e-01
7.931246038460000314e+00 7.822071674810000097e+00 3.846541171360000178e+00 9.773797776760000389e+00 -3.449514599999999737e-02
9.631805589999999917e-01 6.906327700660000346e+00 1.923456211760000034e+00 1.187016835620000066e+01 -1.817879111999999922e-02
9.471069651700000369e-01 5.857769546880000178e+00 8.881259532299999648e+00 3.803812268440000199e+00 9.733408393600000430e-01
7.829328123799999872e+00 9.692119048599999731e-01 9.184787698599999883e-01 1.076444316695000047e+01 8.900571515039999326e+00
1.892874263239999966e+00 9.805405600000000055e-01 2.950309469460000056e+00 4.852158078289999565e+00 2.936641398239999923e+00
3.039247830009999873e+01 3.883285442740000093e+00 1.869705660366999922e+01 4.711254423599999797e+01 1.761294162960000165e+01
6.864421086250000137e+00 -2.427130656000000067e-02 2.934891066000000048e+00 1.580711986132000035e+01 3.919665184959999937e+00
9.286612847199999798e-01 -1.311096779999999969e-02 -3.542992487999999801e-02 1.901610068689999933e+00 9.607019492799999671e-01
1.975359918259999903e+00 7.898638806440000160e+00 1.914713629039999976e+00 8.693423346239999461e+00 -2.546784908999999777e-02
1.954435996640000006e+00 7.823290815530000053e+00 7.844268849199999671e+00 4.044833909636000158e+01 1.951503712400000090e+00
1.963697784500000099e+00 6.854413703919999712e+00 6.873453653020000331e+00 1.855862515180000116e+01 -3.789524250000000233e-02
9.909298111600000070e-01 -3.529864250999999870e-02 -3.019075740000000049e-02 2.889681142800000213e+00 -9.605536470000000313e-03
9.687739799800000329e-01 2.881467736319999862e+00 4.893872591480000089e+00 1.862430561775000015e+01 1.966153484989999978e+00
9.590449622500000215e-01 1.981503984529999984e+00 9.248272112800000055e-01 9.067227560199999647e-01 -4.330861020000000006e-02
1.373810952020000009e+01 6.891212053330000309e+00 2.355646020000000007e+01 2.740936016943999931e+01 1.875676880574999927e+01
6.813050924319999702e+00 5.924738675040000402e+00 1.868615384086000120e+01 1.957706321419999895e+01 9.822737364400000004e+00
1.386886044272000085e+01 2.947244959199999847e+00 6.774562214260000381e+00 1.269817585194999943e+01 5.873394929639999873e+00
7.923018682160000381e+00 -3.179794401000000242e-02 9.868253137119999963e+00 4.822356154100000403e+00 9.242731072900000067e-01
9.601796847700000415e-01 -9.205455600000000613e-03 -6.521860799999999736e-02 1.852305217220000078e+00 1.955710207639999920e+00
6.870388344100000211e+00 -3.026467232999999896e-02 1.477591108782000084e+01 2.153011902025000168e+01 4.850298054229999600e+00
1.877113885880000055e+00 9.702883413999999762e-01 7.817948294479999838e+00 1.754240605200000047e+01 3.867076766829999901e+00
9.396120578500000153e-01 -1.459691280000000035e-02 9.896095092159999496e+00 1.078641057025999928e+01 9.341840850400000562e-01
9.248970130300000481e-01 -1.852187309999999906e-02 2.856409540680000081e+00 1.471586889984000024e+01 9.139904172999999687e-01
2.885965875300000150e+00 4.898669429299999933e+00 1.578581263150000069e+01 9.079701376600000096e-01 4.914688171549999929e+00
1.673898232759999871e+01 9.763876702359999271e+00 2.349007353960000088e+01 1.178057692514999921e+01 7.800736008320000359e+00
1.269744683817999942e+01 9.743061364480000819e+00 3.145758293300000119e+01 1.476321592623000001e+01 1.577862696112000052e+01
3.843616786240000138e+00 8.858293063650000576e+00 1.370742922958000065e+01 6.876547130499999660e+00 7.885131030980000233e+00
-4.239189108000000067e-02 -3.760169768999999801e-02 3.916251741279999976e+00 -3.321803520000000259e-02 -3.220666595999999854e-02
1.377358567745000073e+01 9.826208634789999508e+00 9.428391521200000236e-01 1.074180258560000034e+01 9.514164268000000479e-01
9.885846262599999434e+00 9.121651341400000002e-01 1.971133310719999976e+00 4.876082597119999917e+00 -2.522916395999999853e-02
2.746682221257999856e+01 2.261660599669999883e+01 6.878991200199999767e+00 2.152650349210000158e+01 2.897654543849999875e+00
-4.050559304999999666e-02 -3.249046080000000253e-02 9.898727967999999544e-01 -4.338711297000000244e-02 -8.271678689999999168e-03
5.918857926000000269e+00 9.347843233899999493e-01 9.787456712800000069e-01 4.910857892960000193e+00 1.982969745949999973e+00
1.669990556240000146e+01 1.947185072659999960e+00 5.891066148030000171e+00 1.962415511569999893e+01 7.894745576270000065e+00
-9.717102548999999312e-02 -1.663292070000000136e-02 9.639342802000000487e-01 5.867762575200000441e+00 -3.299871959999999688e-02
5.231428345159999793e+01 2.883084038669999849e+00 1.374718286479999918e+01 5.704595201379999736e+01 1.175200143492000038e+01
1.372763789366000076e+01 -4.739020910999999781e-02 4.901011150639999592e+00 1.962776690569999971e+01 1.900438604569999912e+00
7.898356307600000292e+00 9.811962468999999576e-01 2.959868835930000053e+00 4.845028175600000431e+00 2.961968591639999815e+00
-4.009364730000000016e-02 7.911150121520000411e+00 9.832434263199999691e+00 2.862968047499999891e+00 -4.548212856000000137e-02
9.841569047109999246e+00 1.964786667499999950e+01 4.327032007385000156e+01 3.047519366139999875e+01 1.281225353439999992e+01
3.914665280139999926e+00 8.800841148749999121e+00 1.460697048779999996e+01 1.770438639573000117e+01 3.896378822199999981e+00
9.249014866600000495e-01 6.843174501940000098e+00 1.167706956125999973e+01 8.752810155120000601e+00 3.912720199599999837e+00
2.957502397439999875e+00 2.904374652960000081e+00 4.808005827979999758e+00 9.855013610980000394e+00 9.501228770499999809e-01
1.174846212453000049e+01 1.978728391793000085e+01 2.882855427510000013e+00 2.905982940359999933e+00 -5.199700391999999977e-02
2.070982574579999991e+01 1.076000684717000055e+01 8.865114588000000850e+00 8.946828239499999835e-01 1.942139528390000036e+00
2.159232391713999988e+01 2.166984002614000104e+01 9.812018346040000338e+00 5.849269507319999839e+00 -8.555662827000000414e-02
6.899340170050000332e+00 2.922803176800000013e+00 2.954329802400000204e+00 -3.558862655999999597e-02 -1.995207552000000106e-02
5.884861793459999824e+00 1.910636905520000095e+00 -5.100651890999999966e-02 3.957298569849999836e+00 -2.303925038999999828e-02
1.573609903782999986e+01 9.623012521599999536e-01 5.820014197049999893e+00 1.760689135080000156e+01 6.892862543349999704e+00
6.824165710299999965e+00 1.974971531360000032e+00 3.881629661799999909e+00 7.737761203999999893e+00 3.928806791500000006e+00
2.642042154078000138e+01 9.200375986600000111e-01 2.262847280449999943e+01 4.917252478460000020e+01 1.677419836630999939e+01
2.071171461233999977e+01 2.958951508500000216e+00 5.804719280519999636e+00 2.460466535739999827e+01 4.878905063989999569e+00
1.921565715500000104e+00 -1.185346143000000005e-02 -5.278293719999999772e-02 6.877643631549999803e+00 -3.438745488000000128e-02
4.879190273089999863e+00 9.843225812200000480e-01 4.894944830600000074e+00 2.162041184811999983e+01 9.575580792700000288e-01
6.886601347840000109e+00 -1.520402400000000001e-02 6.895585733379999915e+00 1.663133585479999965e+01 2.958760853939999880e+00
5.783861025600000261e+00 1.971749020879999925e+00 8.805788801280000300e+00 4.530316349619999983e+01 5.921958452100000159e+00
4.873211278340000341e+00 9.832650687099999676e-01 6.878407387840000276e+00 1.660174572293000139e+01 1.956041275700000082e+00
5.901790207020000345e+00 -1.399862411999999896e-02 1.912329326000000052e+00 1.768977762372000129e+01 -3.390736140000000232e-02
-3.694105439999999935e-02 4.879407339320000148e+00 4.795222478450000381e+00 6.891086906710000015e+00 -4.108129649999999605e-02
8.893161024299999440e+00 2.167999643874999904e+01 3.037764100360000086e+01 1.168246079490000078e+01 6.881997450400000105e+00
-4.897378097999999930e-02 8.841558305699999565e+00 1.470927238700999951e+01 5.848556869320000295e+00 3.943761089260000130e+00
-2.410675343999999984e-02 3.919493204950000198e+00 6.859961296719999879e+00 1.927465184449999924e+00 9.725323427199999982e-01
9.688511065599999528e-01 6.897813510399999792e+00 6.820337536900000330e+00 1.906404888800000030e+00 2.965487181419999896e+00
-2.761756883999999870e-02 9.421202382400000186e-01 5.909136571680000394e+00 5.875819823399999642e+00 -2.743129638000000106e-02
9.849181154140000061e+00 1.868598830196999927e+01 4.051292073980000197e+01 3.931236447007000123e+01 1.285078372455999940e+01
9.731232279999999513e-01 -6.001996319999999829e-02 3.903884752000000180e+00 2.879315488560000080e+00 -2.673955151999999821e-02
1.947317444480000104e+00 5.889911801640000277e+00 1.182518726528999942e+01 5.766101030399999772e+00 2.951557174830000019e+00
3.943054874560000034e+00 6.879432123700000012e+00 7.799964307549999809e+00 2.074698268706999826e+01 2.944141444200000013e+00
-2.211210576000000039e-02 6.918900757180000305e+00 3.883163858500000121e+00 1.661530738201999924e+01 9.476410265200000405e-01
-3.036841469999999876e-02 1.895682413360000096e+00 3.847821978999999892e+00 3.351371739423999685e+01 9.326576125000000106e-01
-1.707523416000000099e-02 2.938097460719999887e+00 5.906882996160000232e+00 3.710333184070000012e+00 -4.022486810999999912e-02
-8.710040159999999851e-03 -2.961208691999999906e-02 -4.726563435000000202e-02 4.860808196269999826e+00 -1.979420813999999834e-02
-1.899807858000000099e-02 1.932866419970000083e+00 3.902367751599999934e+00 1.667739430645999832e+01 2.955222841169999892e+00
3.915727296250000045e+00 5.816702891940000342e+00 1.078045251077000088e+01 1.917550391600000070e+00 2.960215340159999986e+00
1.179199345071000060e+01 3.156999894500000181e+01 3.252240043710000350e+01 1.179534376704000032e+01 6.899474625189999877e+00
5.795603563200000252e+00 2.157270129859000107e+01 2.752144092568000033e+01 8.796055076640000081e+00 2.901364718880000027e+00
-3.842821440000000061e-02 2.916928729559999933e+00 3.910635952149999817e+00 1.965446138719999958e+00 -1.797209370000000042e-02
2.927621052750000175e+00 8.837825828939999795e+00 5.842967571239999991e+00 1.928804146849999901e+00 2.964796935059999861e+00
1.262618296447000077e+01 1.079267377376000070e+01 6.822468045879999998e+00 6.832513910500000343e+00 1.908357620599999915e+00
7.753745175379999743e+00 9.863618384349999602e+00 8.879726763629999908e+00 8.918552281599999576e-01 1.942132721149999908e+00
6.803110691294999413e+01 3.347580948657999755e+01 2.855510055425000004e+01 1.562186141359000047e+01 1.577384560483000087e+01
3.848116426959999892e+00 9.131580337600000430e-01 2.926718814000000002e+00 1.930736742859999966e+00 -3.608397396000000146e-02
3.891170020000000118e+00 1.939517567300000023e+00 9.492914962899999809e-01 1.953878473640000113e+00 1.973829150290000056e+00
1.766135433491999862e+01 2.885196483840000159e+00 9.851448471310000343e+00 1.180273378098000059e+01 9.032387478400000225e-01
2.058548707406999867e+01 7.866496383200000331e+00 1.182854307504000069e+01 7.754528790440000208e+00 6.886369064140000162e+00
4.701240069194999904e+01 1.566920674384000023e+01 1.952493784796000043e+01 3.243066926064000199e+01 7.722653446879999883e+00
5.864388596340000426e+00 1.954032771350000086e+00 1.941887295199999919e+00 9.190590716800000060e-01 9.620241543999999978e-01
4.906210514719999694e+00 -3.224177783999999936e-02 -4.218285599999999774e-02 3.942633281710000048e+00 -2.634700770000000108e-02
9.830114131599999583e-01 1.954280088650000025e+00 9.788521738060000033e+00 1.887904864640000069e+00 -4.644818640000000082e-02
9.339434194600000350e-01 1.183858553279999981e+01 5.022538024434000192e+01 1.767241223459999944e+01 1.283448780031000069e+01
-1.481790185999999968e-02 -4.438517714999999642e-02 8.205606011799999600e-01 6.914954252500000287e+00 -3.332285730000000140e-02
9.892314274600000346e-01 -2.995748549999999871e-02 1.866116853649999907e+00 -6.166826135999999708e-02 -3.022166700000000067e-02
9.662867470000000569e-01 1.910924034320000020e+00 3.361901670574000178e+01 6.837994548700000230e+00 3.913740596289999818e+00
-2.767537691999999785e-02 -4.055604389999999809e-02 3.853753657599999993e+00 -1.984450104000000034e-02 1.965896832439999908e+00
1.765312109639999960e+01 3.844830002924999945e+01 9.018587208143000566e+01 1.273746397612000081e+01 2.265437375654000007e+01
2.900323279200000215e+00 4.857880338680000243e+00 2.050831686180000091e+01 9.328154936500000494e-01 4.884885651200000289e+00
-2.588751900000000120e-02 -3.611131145999999653e-02 2.872584784649999889e+00 3.981678091600000080e+00 1.970666248519999941e+00
9.401741208999999655e-01 4.911559971800000035e+00 1.369130017424000023e+01 9.549862328799999522e-01 9.274000726000000139e-01
5.818331396939999678e+00 1.087306990337000023e+01 -5.114147219999999605e-02 1.576695325164999950e+01 -2.240730215999999983e-02
1.653621880948999845e+01 2.265630984283999894e+01 1.386144434921000013e+01 4.639022500051999742e+01 9.364319403399999908e-01
3.255383145191999716e+01 1.365871917163999960e+01 4.862235825319999982e+00 4.035033876127999974e+01 2.937229513320000152e+00
1.275556545030999978e+01 5.822057035680000325e+00 -7.853420610000000357e-02 2.766250045251999978e+01 9.684866827000000455e-01
2.908760174399999787e+00 3.934500516399999981e+00 9.733149258400000114e-01 5.866149379200000347e+00 9.880582688200000296e-01
-3.597403589999999957e-02 1.948757715199999963e+00 8.693419601799999841e-01 -2.113140150000000078e-02 -3.424324410000000041e-02
3.533829640055999732e+01 5.104222708542999953e+01 1.408229034649999960e+02 1.357971447785000052e+01 3.242356292814000085e+01
3.901095423040000121e+00 8.859548206439999518e+00 1.664460902996000158e+01 -6.323320080000000010e-02 4.906992534889999646e+00
-3.055577255999999964e-02 -4.118404500000000246e-02 1.897844569040000096e+00 9.823679572600000354e-01 -2.563328025000000121e-02
6.921694311099999553e+00 3.892915092099999974e+00 8.744323454639999937e+00 2.956673308170000070e+00 5.931228351299999701e+00
7.877644860320000220e+00 1.963257891320000059e+00 6.765517657060000190e+00 9.857454970419999185e+00 9.253078685200000209e-01
1.955784379178000165e+01 1.285689235251999918e+01 7.411015809264000609e+01 1.747220689655999948e+01 2.271344959669999852e+01
1.886159278999999911e+00 -3.767022936000000155e-02 1.476949914240000084e+01 3.868489849899999999e+00 9.278241886000000438e-01
2.894459598480000118e+00 9.657301441600000258e-01 7.793311764590000301e+00 8.877324215339999824e+00 1.936163375120000030e+00
5.884760234039999816e+00 9.609094842400000003e-01 2.760064805909999919e+00 7.857287259919999656e+00 2.927945785799999978e+00
2.978208217650000211e+00 1.924181142319999926e+00 6.803378450260000321e+00 1.965777556699999984e+00 9.493102648000000254e-01
9.028053419499999510e-01 2.764432014912999946e+01 5.109890277976000306e+01 4.837745002280000151e+00 1.375898806724000067e+01
-3.158282420999999895e-02 2.882693382959999884e+00 1.570989044050000061e+01 -5.530238954999999734e-02 5.916318577620000241e+00
-3.880654433999999875e-02 5.859575931930000259e+00 7.654193367919999602e+00 9.352419093999999600e-01 3.904497186519999996e+00
9.603688262499999739e-01 5.860250074679999699e+00 1.064361611494999948e+01 5.934648924600000264e+00 2.908000402499999915e+00
9.773065215999999777e-01 2.845120232100000202e+00 5.802231631199999740e+00 4.929497253320000105e+00 1.944332003179999990e+00
2.944814386530000050e+00 2.364729879209999908e+01 2.450730053455000146e+01 5.833943033189999738e+00 4.880605260470000317e+00
-2.755702700999999866e-02 9.828711264249999857e+00 1.175163374999999988e+01 3.912999491649999939e+00 4.933306835599999829e+00
1.980533406079999947e+00 4.870894683200000408e+00 7.832598599239999793e+00 9.442572968800000410e-01 -4.278029579999999971e-02
1.969892317010000005e+00 6.805552549389999761e+00 1.773256268799000068e+01 6.906610254580000330e+00 2.930581088399999867e+00
-4.269764339999999880e-02 7.852468909309999745e+00 3.830596876210000001e+00 9.454957868800000220e-01 -4.712992614000000025e-02
6.774643776399999595e+00 5.216639299388000239e+01 7.217254464255999835e+01 9.715050890560000596e+00 1.874944221399999833e+01
9.657304171299999629e-01 4.870715520110000085e+00 4.877787535340000424e+00 5.957434314510000384e+00 9.611655673600000283e-01
-2.709820574999999981e-02 5.902248837120000147e+00 4.905774192019999980e+00 -3.291588899999999679e-02 9.714153146499999725e-01
2.951292095039999896e+00 4.833560566580000106e+00 7.818577395560000198e+00 6.940819707100000180e+00 1.948375210520000067e+00
3.933636053619999906e+00 -3.978065520000000077e-02 3.906325990750000088e+00 1.903501634960000022e+00 -1.235261420999999964e-02
6.806660916191999888e+01 1.754277749127000163e+01 6.997210012447999361e+01 9.882322901758000455e+01 7.864041109579999578e+00
1.583683954540000016e+01 1.920267306559999998e+00 4.808784271999999582e+00 1.879842453238000033e+01 -2.540808404999999812e-02
8.846257371660000146e+00 6.923801770719999915e+00 3.827157747429999812e+00 8.794776468960000315e+00 -2.335137173999999802e-02
9.189305344000000542e-01 9.622649115100000428e-01 1.910214297740000067e+00 -9.232086779999999770e-02 -1.189722411000000007e-02
1.966034816749999914e+00 2.865580448160000238e+00 1.884108125720000082e+00 2.938437260580000210e+00 9.656032285000000215e-01
9.846959243949999774e+00 4.737672292367999916e+01 3.446363285459000281e+01 1.469555263292999925e+01 1.183113484823999961e+01
3.956822107599999860e+00 4.809158005999999652e+00 9.854065844560000897e+00 1.917740701100000056e+00 2.953288965360000073e+00
-2.128694579999999836e-02 1.914777287750000001e+00 1.924222308140000059e+00 9.597604247200000049e-01 -2.255931809999999968e-02
1.946981842040000021e+00 9.784991207259999157e+00 9.800806380310000065e+00 6.896650993539999774e+00 2.942375157389999885e+00
-6.154942139999999839e-02 9.751898069200000130e-01 9.090617973400000329e-01 9.126700265799999601e-01 -1.479337344000000026e-02
4.131661563762000355e+01 1.473079980804000044e+01 6.596362302168999747e+01 6.914521587759999477e+01 7.833104473399999712e+00
1.379146029169999998e+01 9.156106659699999595e-01 1.567003472260000052e+01 1.270246872316000086e+01 -5.013039455999999949e-02
3.887377804929999847e+00 9.565388019999999658e-01 4.829969585479999772e+00 5.847836206650000257e+00 -2.663582453999999849e-02
2.879809296149999920e+00 1.952942453839999981e+00 3.820735291450000126e+00 8.835790443120000504e+00 -2.901528620999999780e-02
-6.217529867999999765e-02 9.743832421300000490e-01 -7.509468851999999417e-02 9.314107268500000369e-01 -1.823039459999999806e-02
8.481868011346999481e+01 2.949499762680000003e+01 9.658799354960000016e+01 1.016553993244600065e+02 1.765044533753999900e+01
6.808634007280000233e+00 4.917521698159999843e+00 9.767708326359999305e+00 1.178348759292000025e+01 2.946411100649999781e+00
7.884060141319999993e+00 1.947472026500000064e+00 3.865846742140000014e+00 6.881983759239999721e+00 9.650929430800000430e-01
1.930680468919999893e+00 3.970755016420000061e+00 9.157397499999999635e-01 1.920721684160000109e+00 9.789788824299999748e-01
2.930977696799999865e+00 -3.971297403000000059e-02 3.837874297719999994e+00 2.922412598040000198e+00 9.604484921800000574e-01
1.259411668203999923e+01 1.475801208933000019e+01 8.386289494032999414e+01 1.656779788583000013e+01 1.178929557236999948e+01
1.927674571879999910e+00 9.576499259799999830e-01 2.791733253599999909e+00 3.914445289000000106e+00 9.620123607999999660e-01
-7.407869823000000353e-02 9.553770513999999547e-01 6.789009556509999932e+00 1.918777969279999995e+00 9.600044987800000484e-01
4.887402074149999720e+00 -5.977722239999999632e-02 1.869377571568000107e+01 8.873924172300000635e+00 3.939474408879999778e+00
4.896816647449999671e+00 3.942980171499999908e+00 8.798930832599999974e+00 1.380031093004000020e+01 1.946207148320000080e+00
1.945719800480000039e+00 1.969486087429999976e+00 8.984736863200000201e-01 1.894765736360000119e+00 9.732791084499999856e-01
4.901002341889999947e+00 1.944713858240000093e+00 4.809946946000000167e+00 1.082580510656000072e+01 1.949175997580000042e+00
8.896927579379999784e+00 3.940613327199999905e+00 8.800438390829999236e+00 9.802753966990000123e+00 9.488124874000000153e-01
7.847604848779999642e+00 2.912849821470000045e+00 1.670656280660000093e+01 1.669622992820000107e+01 5.922006564480000179e+00
9.595369376200000300e-01 9.847705716460000147e+00 1.672620044984000032e+01 5.828516933909999587e+00 4.931445006049999691e+00
2.945423191440000199e+00 5.769108353850000093e+00 2.162724224277999951e+01 1.776355031772000004e+01 3.905890621420000208e+00
-3.239014148999999620e-02 4.876732477130000021e+00 8.773872575400000429e+00 9.858757824639999612e+00 3.943353589600000042e+00
-1.305293534999999935e-02 9.489519062200000299e-01 9.104995546299999853e-01 1.946056595239999965e+00 -2.326880358000000051e-02
5.944620304859999926e+00 1.477541264945999977e+01 1.761962303609999836e+01 1.575877485418000035e+01 3.901912102299999852e+00
4.961529601609999673e+00 1.377715252297999982e+01 4.853488014049999855e+00 1.940887385839999979e+00 3.907076843740000083e+00
3.892568672919999972e+00 4.338242453878999783e+01 3.165093187052000090e+01 2.842770118349999819e+00 1.574196734364999983e+01
-3.308756040000000037e-02 1.680835663654999834e+01 3.881866035999999909e+00 1.947958901300000045e+00 9.191319878799999454e-01
-1.561615604999999976e-02 1.916015320100000086e+00 1.949433745249999905e+00 9.785071100800000199e-01 1.964799153650000019e+00
1.940653412479999895e+00 1.667050224974000017e+01 1.378413830480000080e+01 2.918845076160000218e+00 8.859576637440000013e+00
3.908677543060000037e+00 -1.054887623999999947e-02 8.885110596300000552e+00 1.832911486039999982e+00 -1.810489724999999814e-02
2.166455485390000035e+01 -3.936588659999999684e-02 1.255041308344000051e+01 4.038209920148000265e+01 1.929150826849999945e+00
1.277231583963999917e+01 -2.756580821999999806e-02 1.569719073561999956e+01 2.257476594079999899e+01 3.951813307360000138e+00
5.888687538480000150e+00 -1.308150647999999951e-02 5.863215807869999630e+00 1.181046664037999960e+01 1.977464121679999964e+00
7.827993956600000303e+00 -2.104775118000000098e-02 1.876960667799999882e+01 1.368457349036000004e+01 1.962677343259999985e+00
1.963467360559999930e+00 5.875338894000000423e+00 2.468939302194999996e+01 1.898243683580000063e+00 6.917360767359999940e+00
6.942464560330000367e+00 -1.972143190800000057e-01 2.651097438108000048e+01 1.484094904880999977e+01 3.877064135679999968e+00
9.740069582499999434e-01 5.911581033420000075e+00 5.778036743280000387e+00 9.294545971000000018e-01 -5.830358048999999959e-02
-1.050177473999999896e-02 9.649996164999999904e-01 -9.000407016000000482e-02 -3.001979798999999949e-02 -2.246859647999999848e-02
-4.895345564999999816e-02 1.382692279802000002e+01 2.457792199240000031e+01 4.859107336400000143e+00 1.892502874999999918e+00
-1.710742356000000131e-02 4.869833822960000447e+00 1.577763703177000032e+01 9.859674060999999989e-01 1.933190785280000101e+00
1.870378556059999919e+00 7.781410712806000163e+01 1.241693845694999965e+02 -1.145062680299999969e-01 2.947291296870000110e+01
-1.413275687999999974e-02 5.873944265160000455e+00 5.804221938899999600e+00 -1.222511129999999911e-02 -5.882858280000000106e-02
9.891036758800000328e-01 2.903584272779999864e+00 2.862297595919999882e+00 -8.595456749999999188e-03 -4.305359628000000188e-02
1.970855901920000042e+00 1.774324465128000128e+01 2.761036687449999860e+01 -2.638552320000000020e-02 5.883922075200000101e+00
-3.646188431999999868e-02 -6.402369600000000494e-02 9.460879227999999808e-01 1.967808643039999916e+00 9.832317509800000410e-01
5.118413454699999932e+01 9.253379084440000213e+01 8.282881847603999859e+01 6.425111821628000541e+01 3.265606747625999873e+01
1.900873225460000038e+00 1.283024452539999949e+01 3.856824981579999978e+00 7.902487103480000386e+00 9.529030862199999730e-01
1.933882149440000031e+00 2.882343501029999810e+00 2.912730822749999948e+00 -6.380827163999999718e-02 9.657316256500000362e-01
-4.834617840000000194e-02 9.179044304500000306e-01 1.933243558400000062e+00 9.588622383999999554e-01 9.780241265200000367e-01
1.950977121680000037e+00 7.873974261079999870e+00 8.721965837069999949e+00 9.145539974799999916e-01 2.946881432010000079e+00
5.858240349659999957e+00 2.864654960365999870e+01 4.223744482984000115e+01 4.752946361480000270e+00 1.185115541250000071e+01
3.953749205739999883e+00 4.884342659599999692e+00 1.174857892652999958e+01 7.924089686840000368e+00 1.949850309619999944e+00
-3.432043062000000172e-02 -7.968201660000000242e-02 3.819909647109999806e+00 9.448525172799999705e-01 -3.308972634000000024e-02
1.920961601299999932e+00 8.811162655560000445e+00 2.456891901574000059e+01 6.871243866909999554e+00 2.918108222399999896e+00
-1.998930879000000022e-02 3.876398054860000109e+00 6.845944415199999966e+00 -4.855812947999999657e-02 2.931163714919999830e+00
7.896307059439999776e+00 3.432005598463999974e+01 3.717234014347999960e+01 1.274839152574000067e+01 1.660861309084999959e+01
-2.866678289999999990e-02 1.182365684156999919e+01 7.777786880149999860e+00 1.936009518050000100e+00 6.896885472340000156e+00
-2.290552019999999786e-02 6.854433943390000117e+00 1.481622676827000085e+01 9.447478004799999551e-01 3.916211801799999837e+00
9.557430175000000139e-01 1.771587828531000142e+01 2.366218669739999925e+01 5.894924309250000327e+00 4.842184565300000187e+00
1.907733758600000051e+00 5.949665964960000331e+00 4.901773843399999997e+00 2.897054031720000200e+00 9.892634305599999900e-01
7.214556329308000215e+01 1.254126289899999946e+01 5.205555717200000032e+01 6.608920204723000325e+01 -9.772029540000000403e-02
2.274956977928000157e+01 1.285298587479999988e+01 1.071628235704999987e+01 1.373001351593000052e+01 3.972094234780000122e+00
8.842034324880000185e+00 2.917866984959999854e+00 6.830663395030000196e+00 7.845289727840000005e+00 -1.742385815999999976e-02
2.893585880639999885e+00 6.940511360350000380e+00 3.885439441719999998e+00 8.808827122000000287e-01 1.988440956560000084e+00
7.860038000480000342e+00 9.665763082299999587e-01 8.877417805980000409e+00 9.776735949700000816e+00 9.695214755200000090e-01
1.170327449738999981e+01 4.929048689900000113e+00 1.074304827649999972e+01 2.952796909799999980e+01 9.359418223000000037e-01
1.568903870769999997e+01 1.932053577680000078e+00 1.475294531820000010e+01 2.152939043901999838e+01 3.939203975799999924e+00
2.071508228616000125e+01 2.932436998470000056e+00 1.074151094672000006e+01 2.955018003833999884e+01 1.938574887679999970e+00
8.850881742660000384e+00 9.655459291000000333e-01 5.874775828169999770e+00 2.576172593689999957e+01 9.678980670400000319e-01
1.944496758799999947e+00 1.929602312749999937e+00 9.635176664200000296e-01 4.916276645539999990e+00 -3.107723597999999948e-02
1.860293595394000121e+01 3.952428252637000128e+01 1.275307912048000070e+01 2.633933384855999904e+01 1.078623083935999993e+01
1.083206738342000008e+01 1.179906835439999924e+01 5.892151288019999988e+00 1.674054183140000163e+01 8.909177492070000426e+00
4.887655277720000413e+00 5.860649939279999998e+00 6.921708976959999760e+00 7.803882119599999889e+00 4.937154581839999778e+00
4.889000280290000333e+00 8.862870798899999514e+00 9.279264818800000425e-01 1.680151861735999930e+01 1.937663056099999892e+00
1.895255012000000017e+00 3.875826766719999927e+00 9.613240778799999608e-01 7.880753745619999862e+00 2.931707906130000207e+00
2.756694056643999957e+01 3.948092298256000277e+01 1.382795992688000020e+01 1.452033303684000032e+01 1.573052011180000065e+01
2.877689283150000055e+00 1.385439335833999941e+01 1.953383806639999998e+00 6.867019965579999941e+00 -7.689090240000000243e-02
-6.021828683999999599e-02 9.314936992000000249e-01 1.976665029949999930e+00 1.935615157400000008e+00 1.963468949779999972e+00
9.851676566500000121e+00 2.825203004400000051e+00 -5.638667741999999622e-02 7.839202197139999662e+00 5.909302870350000347e+00
9.278716610799999653e-01 9.577096286499999778e-01 2.883109865519999815e+00 9.163776979000000100e-01 -2.137016844000000013e-02
4.413527071379999711e+01 4.651873998634999907e+01 7.063400501639999618e+01 6.302068566111999814e+01 1.177004645373000002e+01
6.830542532499999986e+00 8.896099367339999731e+00 8.723329821180000110e+00 1.080106492015999997e+01 4.951173491599999643e+00
5.889331118040000312e+00 2.927870841359999865e+00 9.804664070919999475e+00 4.861085170099999964e+00 9.668458090000000560e-01
9.153852940000000160e-01 -4.806430650000000082e-02 6.861583370319999986e+00 3.901870982650000208e+00 -2.327492880000000056e-02
4.888540785920000076e+00 -5.131927448999999697e-02 7.871862934520000188e+00 3.858675266200000120e+00 9.827203396600000529e-01
5.716434810028000157e+01 2.464291283649999897e+01 5.602160783154000256e+01 1.040053031033999957e+02 3.860302287280000133e+00
9.788727167019999342e+00 9.898116348340000314e+00 6.751158143919999688e+00 1.572611452990000025e+01 1.967291733439999968e+00
1.183288225557000040e+01 3.918582575409999880e+00 4.804508559020000291e+00 1.077452015419999931e+01 -2.803686857999999893e-02
-7.634985884999999362e-02 1.964793717740000112e+00 5.911012381019999928e+00 3.902064832659999816e+00 1.987181351480000080e+00
9.309597893200000085e-01 9.538545915999999680e-01 1.375209747499999935e+01 2.904590553599999847e+00 3.949698847720000128e+00
2.821449435239999914e+00 1.388346179108000022e+01 3.635222220243999658e+01 6.767012416480000070e+00 9.869630137930000657e+00
4.902795369229999700e+00 9.353910603699999715e-01 1.664756512171999958e+01 2.873131731480000006e+00 2.926041960180000068e+00
-4.879475640000000003e-02 -3.483394550999999867e-02 7.812037624040000239e+00 1.931929233770000032e+00 1.962555459320000084e+00
6.886924857790000409e+00 -7.321953771000000444e-02 2.558908037582000006e+01 8.858361836700000325e+00 2.916080027760000082e+00
9.651924094599999560e-01 1.901906942599999928e+00 9.452537969500000026e-01 1.985369076920000087e+00 -3.580207208999999779e-02
3.638360401704999703e+01 1.182746413519499953e+02 5.503177709642000082e+01 1.175584604159999991e+01 5.137502420301999706e+01
5.926459806779999617e+00 4.801510321340000331e+00 2.880313895370000044e+00 9.682559776900000470e-01 1.927597722320000040e+00
-3.602519711999999791e-02 -9.802724085000000254e-02 -5.828827392000000135e-02 2.985998642939999836e+00 9.635000780800000442e-01
6.926589113560000399e+00 9.798683371119999208e+00 8.874076937490000816e+00 9.705240740799999655e-01 1.926478940600000023e+00
-2.443598442000000093e-02 4.896385589750000378e+00 3.844878568599999991e+00 9.893985903999999998e-01 9.551023480000000454e-01
1.371883093699999989e+01 7.378583148767999944e+01 1.061870954041799990e+02 1.875976556779999971e+00 2.849775861791000153e+01
1.978947925039999944e+00 -9.049762259999999392e-02 4.864521004610000254e+00 9.901408557699999946e-01 -3.884051007000000055e-02
9.852881895099999676e-01 9.379818121599999836e-01 -9.371083184999999538e-02 -6.127125120000000147e-03 -2.715222383999999975e-02
2.954135276040000146e+00 9.805293027819999452e+00 2.270930954900000032e+01 -1.955114820000000003e-02 -8.421625971000000488e-02
1.932048707150000100e+00 6.904834298799999992e+00 8.795591369460000308e+00 1.676993143210999904e+01 3.949248043839999944e+00
2.926302197790000115e+00 3.887684583520000015e+00 1.776647214000000119e+01 1.174923706124999967e+01 -5.940320166000000179e-02
9.398300312799999778e-01 6.915058045900000394e+00 4.814973078619999569e+00 6.796670610219999631e+00 9.556079435200000027e-01
-5.174370719999999563e-02 3.925902690400000061e+00 7.836821038520000116e+00 7.826195277080000068e+00 1.960895314100000064e+00
3.893185175260000186e+00 1.849446871400000081e+00 1.966217289500000120e+01 3.164267550002000107e+01 5.919775072800000260e+00
9.121000878999999673e-01 1.959964413500000058e+00 9.275314275999999580e-01 1.910846125279999974e+00 -2.503391265000000018e-02
5.694777580504000269e+01 3.155616495175999958e+01 6.903288587464000159e+01 7.992645626808000259e+01 1.372096152535999991e+01
2.457007057330000066e+01 1.182497157200999993e+01 2.462383128823000078e+01 1.657546300250000115e+01 7.892094030740000044e+00
7.880037310339999657e+00 2.948273681069999874e+00 2.889201395999999811e+00 3.880492348899999833e+00 9.668638882000000212e-01
-7.485751727999999383e-02 -3.465162018000000205e-02 -7.085821679999999845e-02 -8.346519773999999670e-02 -2.131419663000000062e-02
-1.835636579999999976e-02 7.859641695019999652e+00 1.469016702959999954e+01 1.939896080300000047e+00 2.925277039920000099e+00
3.943041334600000170e+00 1.561425016299999946e+01 6.103770627698000339e+01 2.581712757737000175e+01 7.774407742400000210e+00
-1.020509604000000015e-02 4.928022496849999712e+00 8.289141392800000174e-01 -3.284738325000000070e-02 9.609422576499999646e-01
-6.264975780000000237e-03 -4.329674936999999835e-02 3.898692828580000214e+00 -1.887982667999999961e-02 9.768494693800000572e-01
-2.577632462999999985e-02 1.080644764960999993e+01 2.656206967274999897e+01 4.916048296819999663e+00 7.900128166400000040e+00
-2.046244679999999899e-02 1.925585235200000023e+00 3.909528421330000114e+00 1.945502678360000015e+00 1.959001330790000051e+00
1.861667953760000049e+00 5.039042368650000014e+01 4.730281643954999993e+01 1.661067832516999943e+01 1.771002244214999877e+01
-4.017558365999999992e-02 9.856523093770000798e+00 1.080810747325999976e+01 7.887278982499999813e+00 2.917667883720000077e+00
9.782092714600000294e-01 1.886411755999999995e+00 1.886349036079999930e+00 1.937266796000000069e+00 2.953601033250000008e+00
9.441202934800000390e-01 1.975761922718000108e+01 9.729509455360000558e+00 8.841087920879999729e+00 6.888451016860000387e+00
8.782857532799999589e+00 3.917781977889999823e+00 1.846708634000000071e+00 1.475006070975000050e+01 2.974870072379999897e+00
4.816033442391999841e+01 2.869534352899999874e+01 4.237867238631999811e+01 4.405091419530000252e+01 1.290286567479999924e+01
3.947281389759999826e+01 9.802517257450000798e+00 2.360764152257999982e+01 4.640533260563000084e+01 -6.294145499999999338e-02
8.779644190710000018e+00 5.916054418799999937e+00 8.311289222800000154e-01 2.075643871373999971e+01 9.725107173400000526e-01
-7.505102384999999543e-02 1.971723995929999917e+00 1.946004625640000096e+00 -8.660287934999999493e-02 -9.259793639999999715e-03
4.886730750199999918e+00 2.907926950079999795e+00 2.063309107619999949e+01 2.891140179599999804e+00 1.927422557389999902e+00
2.652169963805999942e+01 1.762237458990000150e+01 1.014643044630399942e+02 3.253649583434999926e+01 2.768132156149000167e+01
8.857222045200000338e+00 1.187829595776000069e+01 2.152335734680000101e+01 7.850682745100000304e+00 3.904193977599999865e+00
1.898185818800000035e+00 1.915159874240000004e+00 1.967636598229999834e+01 2.902001135069999904e+00 1.934661494179999996e+00
2.906832317700000168e+00 9.242252565399999842e-01 1.169382550961999989e+01 3.908504831620000175e+00 -5.814098189999999944e-02
2.881553246400000212e+00 4.915494287599999623e+00 6.864023624919999733e+00 2.922122390430000216e+00 -3.094863552000000004e-02
5.100672127327000283e+01 4.021718390131999854e+01 6.483344432933999713e+01 3.737432322739999790e+01 1.973616901129999945e+01
1.857699375508000017e+01 1.368211193600000009e+01 2.251281101720000066e+01 1.673094398479999967e+01 3.889710327910000043e+00
6.868843607679999685e+00 4.891865592920000338e+00 4.852870842649999794e+00 1.915971354919999925e+00 1.966518597349999897e+00
-6.779908494000000396e-02 -4.561188732000000245e-02 9.315135117999999714e-01 -4.311788517000000182e-02 -1.720920491999999857e-02
1.959303607400000091e+00 1.942620084380000112e+00 3.803177776000000065e+00 -5.668540703999999653e-02 1.956129112099999956e+00
1.272451185174999999e+01 1.564863492597999972e+01 7.876164520925000545e+01 1.163883605708999980e+01 1.771536020526000144e+01
9.271392444999999594e-01 3.904468575700000166e+00 1.767094409906999886e+01 4.906465956319999933e+00 4.924550971310000413e+00
1.956348439040000109e+00 3.943817499280000138e+00 6.804054434140000218e+00 9.397850908599999498e-01 9.558239146300000488e-01
7.915186818079999576e+00 2.884947684240000143e+00 1.861922628514000166e+01 4.882666040600000201e+00 2.907978973140000090e+00
