8.756348971410000459e+00 -3.126169890000000257e-02 4.847815887800000390e+00 2.346161274456000001e+01 1.970971244300000036e+00
9.849399195340000190e+00 -2.487565727999999782e-02 -1.179744523199999923e-01 5.582077383119999681e+00 -2.150925434999999969e-02
2.550601928708000088e+01 9.353944631799999687e-01 1.268802018210999982e+01 7.590723766700000397e+01 9.437734547199999602e-01
6.859032153820000310e+00 -1.985614721999999846e-02 5.904881358179999928e+00 1.965719432558000079e+01 -1.658471759999999989e-02
8.811307579139999291e+00 -2.467000151999999835e-02 4.878088349089999554e+00 1.657314873692000035e+01 9.792192329200000156e-01
-3.648444524999999716e-02 7.860158714779999833e+00 7.826176350619999944e+00 5.933915310839999790e+00 -4.812440687999999800e-02
1.961917947686000119e+01 6.764289480041999525e+01 9.527798961087999885e+01 2.637213803855999927e+01 1.853649823924000017e+01
1.962444144260000023e+00 3.875597243500000122e+00 4.834423688000000219e+00 9.388674224199999863e-01 -4.585226939999999946e-02
9.690682059999999876e-01 8.905100757399999623e-01 3.866082343600000026e+00 1.951015418479999930e+00 -3.529534176000000134e-02
4.905124606040000224e+00 1.367826168200000048e+01 2.857957493186000164e+01 9.844021896399999250e+00 1.088082438490999948e+01
-9.356120864999999120e-02 4.879364842670000257e+00 2.747522380959999921e+01 6.828308356480000008e+00 3.876498097959999889e+00
5.858948362559999623e+00 3.806436577719999992e+00 5.116004056239999898e+01 1.469594219190000040e+01 4.807337948149999818e+00
9.598059936999999708e-01 -5.676802461000000216e-02 1.757153196920000049e+00 9.049320536499999568e-01 9.418231739800000391e-01
5.892480312450000035e+00 3.861330769389999862e+00 2.239944927998000068e+01 1.176228142517999942e+01 5.855664479999999728e+00
7.887206872250000167e+00 5.844454646189999991e+00 3.935971479639999870e+01 2.976682351799999893e+01 1.184157870635999998e+01
7.815466917800000246e+00 -4.064490737999999770e-02 1.079744462839999919e+01 1.076562826580000021e+01 9.369490451499999928e-01
3.508510782284999863e+01 9.803331266949999900e+00 8.400051540642999726e+01 5.584316395998000360e+01 2.069510528208000011e+01
1.267526929899999999e+01 9.313533942399999654e-01 1.764210096783000026e+01 2.261251220000000117e+01 2.887254340680000197e+00
1.177952018538000090e+01 9.511812821799999762e-01 1.876084792768000042e+01 1.270985841471999933e+01 1.922797325359999920e+00
2.888812073550000026e+00 -2.386740005999999845e-02 2.875639092960000198e+00 3.858516911200000177e+00 9.623404772200000457e-01
2.847830157569999798e+00 2.862210295740000188e+00 1.085264631389000023e+01 1.934052191119999931e+00 1.958877712640000102e+00
9.548268516042999465e+01 7.973114622578999899e+01 1.045797620250399973e+02 4.533619810527999761e+01 1.959403096136000144e+01
2.259542166980000033e+01 1.865578726000000032e+01 9.628321140909999798e+00 5.830009041390000313e+00 8.898832378000000043e-01
1.379526960829999993e+01 2.821774421819999823e+00 2.808361323210000204e+00 1.906260091580000093e+00 1.942650547670000005e+00
2.921098470240000022e+00 9.423011971000000431e-01 9.247300129000000091e-01 -3.754025837999999671e-02 -2.053894805999999934e-02
-5.403229902000000057e-02 -4.214975940000000032e-02 -7.540521578999999364e-02 -2.204395397999999937e-02 1.977462683119999953e+00
9.949389629348000597e+01 8.654657892189999302e+01 1.467393778688000054e+02 3.937660298211999788e+01 4.334587380151999980e+01
9.801098757909999293e+00 1.280642438397999960e+01 1.470001713989999992e+01 4.916223840019999791e+00 3.912124315809999864e+00
1.945690150429999932e+00 1.934907298399999975e+00 5.892959399100000439e+00 -2.969118584999999935e-02 9.720132202000000277e-01
1.886558968639999945e+00 1.889565341960000033e+00 5.836933932270000014e+00 1.955455912999999990e+00 1.950602007439999896e+00
3.921306035979999827e+00 2.906990565780000146e+00 2.458365549235000103e+01 1.378904299088000052e+01 1.906655033000000055e+00
1.186642887294000026e+01 1.684346206489999886e+01 2.837433299438000134e+01 7.688876325379999876e+00 9.845344629639999567e+00
-4.660492139999999894e-02 2.935272835200000152e+00 8.774688666599999465e+00 5.869686467760000248e+00 -5.775955937999999873e-02
2.946185313960000052e+00 9.375701248000000154e-01 1.272647214490000067e+01 2.857321441919999927e+00 9.425250470799999558e-01
3.900461663649999799e+00 5.877975917039999665e+00 3.444926213186000297e+01 2.070725747475000134e+01 9.868583830960000469e+00
1.914620025440000095e+00 2.966208334950000136e+00 2.921768756580000126e+00 5.925654371400000286e+00 -2.797495703999999805e-02
1.043840766984099986e+02 3.636919142298999930e+01 8.747977685137999515e+01 1.064324906041500043e+02 2.545524586591999849e+01
2.165216926296999844e+01 9.860593945599999799e+00 1.768089137939999844e+01 1.565731298004999950e+01 6.880661856789999753e+00
5.828324873999999767e+00 5.933689536300000178e+00 1.083546187796000027e+01 1.835824685059999961e+00 1.939426794649999897e+00
-7.470921599999999496e-02 -3.069315017999999992e-02 9.276519793599999897e-01 9.282055649500000616e-01 -2.628439632000000026e-02
1.930573981460000033e+00 6.900209270080000401e+00 4.852222355840000390e+00 4.833415597640000172e+00 9.506934288999999705e-01
1.582333244466999922e+01 7.748353045880000067e+00 8.641422784799999590e+00 2.858677370479999880e+01 8.679402567999999762e-01
1.086073441579999965e+01 8.799599438190000456e+00 7.723310560189999840e+00 2.266320440812999948e+01 5.895427191269999589e+00
5.784124470000000073e+00 1.869285379149999926e+01 1.756882981692000101e+01 2.148822134499999947e+01 1.083908930095999956e+01
1.900138393460000019e+00 3.860445918909999996e+00 1.380290234441000052e+01 1.275701781999999973e+01 5.928482526629999860e+00
6.845120258829999749e+00 -3.400769690999999595e-02 3.911901853359999848e+00 2.270115149629999962e+01 1.982737665559999973e+00
8.750505443490000701e+00 4.943884058600000131e+00 1.851993880760000044e+00 2.045973671490000001e+01 9.706597620400000404e-01
1.473778213764000000e+01 1.939156550299999893e+00 6.836877906999999865e+00 3.845876441843999771e+01 1.967183943500000032e+00
1.769857038270000160e+01 1.934872202720000045e+00 5.825333871239999795e+00 3.540963942828000199e+01 -3.306875220000000254e-02
1.278832433214999931e+01 -5.115054906000000151e-02 8.867302255440000280e+00 1.853671175199999865e+01 -2.734547039999999860e-02
3.794051251660000013e+00 8.909690845769999257e+00 9.858547652320000410e+00 1.176781640385000038e+01 9.751250620000000424e-01
8.582437241924999682e+01 2.845994762188999871e+01 4.218031688578000171e+01 7.574362783088000128e+01 2.856411972300000102e+00
2.058135878999999946e+01 6.802385451820000206e+00 1.370314167197000010e+01 2.555017142479999848e+01 1.949464650799999976e+00
2.164820788749999991e+01 7.838892892159999626e+00 6.776828605600000444e+00 1.762831222200000170e+01 -4.132750248000000015e-02
-7.629518952000000076e-02 9.675609782499999811e-01 9.504941486500000369e-01 -7.934296032000000276e-02 -8.623255950000000350e-03
1.941433487839999916e+00 2.068650239520000156e+01 1.564095088528000055e+01 3.934891978870000084e+00 6.901378437850000047e+00
1.475643417450000072e+01 9.169274119115999611e+01 9.846684394183000677e+01 7.724434145210000047e+00 2.960560865261999908e+01
-1.838277990000000001e-02 -8.857017333000000159e-02 1.881707519000000106e+00 9.787909073499999613e-01 -3.038522868000000099e-02
9.815504461299999761e-01 1.904126585600000032e+00 -1.143365786999999967e-01 9.796163500000000246e-01 -3.126201884999999653e-02
2.943188547240000119e+00 1.369904889748999999e+01 1.764766148904000076e+01 3.933342974559999927e+00 2.903859752159999807e+00
-2.126572460999999817e-02 7.801231378399999805e+00 1.863343907244999897e+01 3.900178979320000128e+00 4.910807781499999969e+00
9.612226658800000489e-01 8.639736860519999340e+00 5.735375860719999963e+01 2.582715126013999907e+01 9.839556541360000352e+00
9.862393959999999904e-01 5.854313649479999881e+00 4.758693952999999865e+00 5.937527834700000007e+00 9.412004151999999735e-01
-1.103240735999999958e-02 4.894013389730000441e+00 7.792535075840000047e+00 2.945568485999999986e+00 -4.915539027000000172e-02
9.740984874400000493e-01 1.975186033130000141e+01 3.253665440561999844e+01 6.886228090120000367e+00 5.888243238900000343e+00
5.889106306859999584e+00 -2.596101840000000077e-02 9.450157160800000122e-01 9.784652865400000010e+00 9.858145283200000497e-01
1.768639331250000168e+01 6.926096199399999875e+00 -1.511894824199999932e-01 2.940577591943999991e+01 3.963936318970000094e+00
1.277530184631999965e+01 1.938656868590000082e+00 7.869841696159999955e+00 2.950152217193999959e+01 -3.359049992999999651e-02
1.074701987335999931e+01 3.941572030240000135e+00 2.877626340479999989e+00 3.755788897843999763e+01 1.968653095579999901e+00
1.578462824626000049e+01 9.473855103999999638e-01 5.899041600000000329e+00 3.263749409039999705e+01 -2.679321159000000105e-02
9.867828954700000210e+00 3.889711427079999950e+00 6.777810209770000149e+00 4.871245631899999928e+00 2.960227784999999834e+00
7.496538576070000204e+01 5.617952868935999788e+01 1.063210121647200026e+02 7.100087309351999920e+01 1.870910644474000151e+01
4.842473422640000358e+00 8.865960820110000640e+00 9.748906440309999866e+00 7.843686119000000012e+00 1.954446636799999970e+00
-1.381245461099999960e-01 3.891424445050000180e+00 9.782708045679999742e+00 1.088431701500000059e+01 1.963423251200000053e+00
9.377530155100000098e-01 -5.044084649999999725e-02 1.893026653399999981e+00 -6.500507579999999230e-02 -1.866121172999999842e-02
-1.777873535999999893e-02 1.473852746400000058e+01 1.767448136096999889e+01 8.852419189080000805e+00 3.903719293300000004e+00
-2.131061642999999839e-02 1.567645379844999987e+01 3.160646858101999968e+01 1.282355103855999978e+01 6.885559793139999663e+00
-1.166631660000000056e-02 5.829437797799999821e+00 6.792742143429999935e+00 2.911319693399999853e+00 1.935783362000000007e+00
-9.917301419999999951e-03 4.846702504729999639e+00 7.841507419880000107e+00 2.917912960559999824e+00 3.946041881589999800e+00
-2.137565699999999930e-02 1.166085887006999933e+01 1.758707397179999887e+01 1.180779348809999973e+01 8.878746404430000183e+00
9.443382474699999474e-01 4.849753731799999912e+00 5.883873127710000261e+00 -4.052333124000000175e-02 1.950545994320000087e+00
2.659064672303999899e+01 9.054568378279999763e+01 5.198461861858999811e+01 1.768857202376999993e+01 3.655840062304000071e+01
6.886143137320000385e+00 1.567707886734999967e+01 7.767043943300000031e+00 6.926828877610000212e+00 2.899073024759999839e+00
5.933255983799999633e+00 6.805046277519999798e+00 3.876542055039999823e+00 3.956819309860000189e+00 9.399256566400000512e-01
1.949561308100000057e+00 7.856053409600000315e+00 6.895525396480000069e+00 2.968460738400000132e+00 1.954416725119999976e+00
-1.335898007999999915e-02 1.180154040959999939e+01 1.079268467554999944e+01 -1.468631249999999971e-02 1.922820413600000000e+00
4.905906140209999933e+00 8.461902469414999928e+01 9.855895849128999942e+01 1.899700170500000063e+00 3.846957678524999835e+01
-1.838449871999999971e-02 1.472293609233000033e+01 1.271419775805999919e+01 -2.016583128000000100e-02 4.890216174529999904e+00
9.830666988999999800e-01 1.375193158861999976e+01 1.574805928884999950e+01 -1.856102039999999939e-02 2.900919835289999860e+00
-2.154002543999999908e-02 1.566939052150000045e+01 2.367069269855999991e+01 -2.366569224000000110e-02 4.878491872459999712e+00
2.910811287180000040e+00 -2.281164119999999976e-02 5.948761975800000101e+00 3.855098565400000066e+00 1.983494675360000015e+00
2.457586142124999995e+01 7.892674364960000410e+00 1.763326846010000004e+00 3.831728199383999822e+01 3.929134318240000034e+00
1.870560595198000087e+01 5.928844211880000437e+00 5.837043876000000076e+00 2.453666282152000022e+01 2.946281776050000190e+00
2.660664570858000033e+01 3.905640264190000099e+00 1.179065853750000059e+01 4.037976741559999994e+01 2.934560703449999863e+00
8.867466789119999859e+00 1.969423957999999919e+00 3.928003571200000099e+00 1.480374733560000067e+01 9.773006896000000499e-01
-3.972401837999999658e-02 8.785684975500000604e+00 1.270503786819999981e+01 2.899426885410000043e+00 1.940547316249999987e+00
7.883257852519999886e+00 5.925866469791999691e+01 6.013778947522000351e+01 1.771711999992000131e+01 8.815967750520000479e+00
-1.754504063999999877e-02 2.886664399049999830e+00 3.866053269460000053e+00 -4.488290351999999622e-02 -2.796498432000000048e-02
-1.739840310000000112e-02 1.890659799380000061e+00 5.869017551939999855e+00 -4.394546136000000019e-02 -2.697432515999999975e-02
9.552503115099999498e-01 1.570842718197999943e+01 8.675190752489999824e+00 7.889721064459999766e+00 3.931974152320000027e+00
5.932234994999999955e+00 3.940237908399999878e+00 8.826704331300000206e+00 9.810460755730000315e+00 -1.732878603000000128e-02
7.820356471460000236e+00 1.183905409916999929e+01 2.855134520470999959e+01 3.849903938423999961e+01 5.953174832310000220e+00
3.867225849760000056e+00 8.890350316199999270e+00 2.970738247638000118e+01 2.263417569050000111e+01 1.966793556709999891e+00
9.384296449600000312e-01 9.431054282799999910e-01 7.844985174319999643e+00 5.818841630519999697e+00 9.831001081600000413e-01
7.902154107620000367e+00 2.917220142450000164e+00 1.176156302160000067e+01 1.671889989554000167e+01 9.757450068399999843e-01
9.609803316999999678e-01 2.958887542799999881e+00 6.886090897989999959e+00 4.938701867329999828e+00 2.983000806210000189e+00
3.939098749509999831e+00 4.931305997089999948e+00 1.181866181700000062e+01 1.912709261360000079e+00 3.977741929000000010e+00
9.767181165399999587e-01 -2.349756864000000084e-02 9.416562329800000075e-01 -2.987545274999999986e-02 1.991780496649999899e+00
9.810461684800000359e-01 -1.864965060000000133e-02 -5.501308590000000137e-02 -2.839368654000000089e-02 -8.783733150000000434e-03
9.811712583999999682e-01 -1.921801706999999929e-02 -5.137552817999999771e-02 -2.751865649999999872e-02 1.992501705260000033e+00
-4.023928125000000161e-02 4.874144521459999879e+00 1.587101425864000070e+01 5.911901178629999976e+00 4.929062651869999812e+00
6.818101370709999998e+00 4.041877911107000187e+01 3.040270646008000099e+01 1.661917798160000004e+01 1.868518360260999955e+01
9.128288125000000308e-01 1.871482027869999953e+01 1.470336363060000018e+01 7.794347241049999653e+00 4.836116729749999621e+00
9.500455406800000224e-01 9.834388496740000818e+00 1.083430686332000015e+01 5.887434074819999807e+00 2.910078717509999802e+00
4.912311742520000024e+00 2.271798671774000056e+01 1.370056138376000021e+01 1.679526125719999996e+01 5.833331671919999906e+00
3.935696066679999827e+00 3.868284552160000000e+00 1.478479265844000068e+01 9.640367856999999319e+00 1.948250488340000031e+00
5.920890844559999699e+00 2.847632649599999954e+00 5.765202921840000272e+00 2.756579737212999959e+01 1.934191828639999944e+00
5.927887247100000145e+00 5.857768548960000210e+00 6.817882576749999757e+00 2.458667822848000029e+01 1.938820340359999950e+00
3.952671704050000123e+00 3.907743810699999987e+00 4.862382848420000236e+00 1.274085591591999922e+01 1.958610287900000024e+00
3.897520484799999796e+00 5.802211471919999752e+00 1.870908849270999852e+01 2.843471201114000024e+01 5.914324576320000304e+00
1.085340392794999964e+01 -3.504007269000000008e-02 8.843568180840000181e+00 2.454339601375000157e+01 1.961890673689999920e+00
-6.841075968000000229e-02 9.860739389199999483e-01 9.139377462400000152e-01 2.806435266329999845e+00 -1.695596409000000096e-02
1.568389290892000076e+01 9.263941295500000006e-01 1.659964294834999876e+01 5.403283790644000106e+01 3.916586087409999806e+00
1.937216273870000061e+00 1.986055668559999932e+00 2.923123243440000074e+00 2.815833045899999831e+00 9.849036735999999737e-01
7.848475527499999771e+00 -3.576598416000000003e-02 1.380907521914000036e+01 2.055280263527999907e+01 9.614887119999999676e-01
1.185355252649999969e+01 2.953469173349999810e+00 8.835241979159999204e+00 3.350277519010000304e+01 -3.931394777999999701e-02
2.933330155500000203e+00 -2.095226189999999794e-02 9.253302844599999855e-01 3.770510590209999791e+00 3.980493622120000019e+00
1.172497427427000005e+01 6.912986871040000203e+00 1.070212205936000061e+01 4.209653135247999955e+01 -7.181914248000000056e-02
9.582896526399999892e-01 -1.343919680999999984e-02 1.953648932599999943e+00 4.855314230330000314e+00 -1.178724959999999898e-02
6.865741617100000305e+00 9.575722388799999818e-01 9.846435819519999910e+00 3.254284857119999685e+01 9.645183776800000386e-01
2.068887496620000022e+01 3.904287861459999842e+00 4.853976401119999728e+00 3.892692023770000009e+00 3.928373101300000059e+00
6.699337670875999606e+01 1.069236153019999946e+01 3.151347667034000111e+01 2.264868590576000074e+01 7.766465977520000230e+00
6.491105491998000332e+01 1.766029756680000062e+01 2.844102955592000015e+01 2.055712103040000116e+01 9.750576590650000597e+00
2.918020859039999859e+00 -2.553192899999999835e-02 1.958238619400000102e+00 9.695808096400000409e-01 -1.977829164000000084e-02
3.888921813160000074e+00 -3.258410327999999856e-02 9.469542129400000396e-01 1.961227179200000004e+00 -2.544853949999999893e-02
2.917303272749999898e+00 9.609549082299999601e-01 1.862697134090000040e+00 2.754388612288000004e+01 -5.601708899999999908e-02
9.596644154200000276e-01 9.806961853000000229e-01 3.934346992240000063e+00 1.766618814799999937e+00 9.728563572999999742e-01
5.830093408559999801e+00 4.916196067549999604e+00 1.871063705071000172e+01 5.604220852590000135e+01 1.873521853399999992e+00
9.657224280999999744e-01 -1.679867100000000113e-02 1.940584283840000035e+00 7.815752280799999951e+00 -2.516643189000000030e-02
6.916475995449999914e+00 -3.843795383999999704e-02 4.858534816249999722e+00 2.253943469012000023e+01 2.946671582070000017e+00
9.809232947199999497e-01 -4.728792474000000079e-02 -1.149903863999999915e-01 1.940014750160000023e+00 -2.946777893999999801e-02
9.783895949559999750e+00 3.347814920073999900e+01 9.668981366324000248e+01 3.437558224280000019e+01 2.167570470640000124e+01
7.953059884400000001e+00 3.878264639919999812e+00 1.569551043192999984e+01 4.855829898199999661e+00 9.261048469599999500e-01
9.530103286000000118e-01 5.884501056719999568e+00 1.071275937058999972e+01 7.864893749600000206e+00 3.927049411450000083e+00
1.925662183580000075e+00 7.809919680590000191e+00 2.455553460895000129e+01 1.079169946202000041e+01 7.888202324179999891e+00
9.008175071799999767e-01 2.952870133799999852e+00 9.842898039219999617e+00 2.057135313054000036e+01 -3.174514902000000194e-02
8.872666925940000837e+00 -5.847476669999999987e-02 8.789300355419999988e+00 2.342891973434999997e+01 2.956589832000000140e+00
1.867929500000000020e+00 7.935331459760000428e+00 1.375331381392999930e+01 3.639614357682999923e+01 1.951208179039999990e+00
9.878858089659999564e+00 2.941886858610000210e+00 1.377704557544000075e+01 3.446316154798999776e+01 1.960205195719999960e+00
9.095281921000000214e-01 9.570049626700000145e-01 1.837491141799999950e+00 1.461090207876000058e+01 -3.112725023999999771e-02
8.784342627299999151e+00 9.907233239349999110e+00 1.670665405957999994e+01 8.688111084359999126e+00 9.304040288799999558e-01
2.658805451567999967e+01 8.828779463820000117e+00 1.846542280959999971e+01 3.442407761996000204e+01 9.869671115019999164e+00
3.050520326959000172e+01 1.677456534328999993e+01 3.832416757218000214e+01 3.328735937236000098e+01 1.184439121752000013e+01
1.066820035934000011e+01 1.386586931197999917e+01 2.157245823783999938e+01 1.855395901720000040e+01 1.089616468088000012e+01
-6.312245760000000094e-02 -2.787679233000000048e-02 -8.742233123999999800e-02 1.906124565620000100e+00 -2.010221631000000050e-02
1.567428663453999960e+01 9.526411711000000171e-01 1.081807768550000048e+01 1.168478087627999962e+01 8.955815715999999593e-01
6.771613644160000334e+00 -3.169015002000000192e-02 2.869451298840000053e+00 1.877532266250999982e+01 2.930740314959999981e+00
5.221063395944000263e+01 2.871592222799999927e+00 2.651428928015999986e+01 5.213845591729999995e+01 1.372612770211999944e+01
9.806139018550000586e+00 -2.781817343999999984e-02 1.893667675249999904e+00 1.079134069196000034e+01 9.367852987900000539e-01
3.911149447600000162e+00 9.879172559200000148e-01 -4.933712349000000247e-02 9.160819004800000442e-01 -2.644711640999999891e-02
4.844748038719999705e+00 -1.935886229999999805e-02 3.923979515500000126e+00 1.765919406816000148e+01 1.894101863599999991e+00
1.917261022339999954e+00 -1.000337687999999954e-02 9.602095713399999566e-01 8.350805331999999748e-01 9.454028863600000276e-01
2.645975476007999916e+01 2.930815845840000211e+00 8.734477204799999228e+00 7.490290677411999809e+01 1.563106813441000043e+01
-8.088910128000000033e-02 -1.009291103999999939e-02 9.614196384400000017e-01 5.823293199360000116e+00 2.943273872639999844e+00
1.921871619290000055e+00 -8.829506249999998987e-03 9.633612619000000432e-01 2.835518641140000184e+00 1.948438766360000018e+00
9.795627442000000684e+00 6.886541122719999741e+00 8.709521454720000833e+00 1.855919604079999896e+00 9.888233073400000350e+00
3.463937794736000342e+01 1.375600418600000019e+01 4.238753689186000173e+01 2.369723246843999931e+01 1.876496428612000145e+01
1.549221147303999935e+01 1.669860058921999979e+01 3.923521043593000002e+01 6.678849605919999988e+00 1.570527481911999956e+01
1.471624160514000046e+01 8.821960181550000613e+00 3.953829157599999888e+01 1.176932808011999931e+01 1.082439367589000057e+01
3.920371508200000132e+00 -4.059355824000000085e-02 8.989879067199999518e-01 9.470047326399999577e-01 1.960893957349999939e+00
1.940399851700000067e+00 -2.208258612000000079e-02 3.868627320669999925e+00 5.782327715040000093e+00 -4.266154818000000154e-02
1.380052422572000026e+01 3.923370715449999935e+00 3.256919721914999855e+01 3.425438119759999722e+01 9.846693004240000491e+00
-6.989688449999999220e-02 1.973201469139999942e+00 2.851899685859999867e+00 1.273969672572999912e+01 2.949144655440000040e+00
5.876811052799999935e+00 9.534689376399999583e-01 1.173438759611999949e+01 2.752419258883000097e+01 2.903727093600000142e+00
1.910821634119999946e+00 -3.306867605999999626e-02 5.804458108979999587e+00 1.767546552960000028e+01 -6.788964779999999422e-02
2.964961629929999898e+00 4.883477154350000404e+00 1.928356585399999990e+00 2.260958756863999852e+01 -2.771246519999999783e-02
-5.183706861000000193e-02 7.832452279219999980e+00 2.894568183840000142e+00 1.744654145040000159e+01 9.615274526799999499e-01
9.459423171999999935e-01 8.827197956639999177e+00 3.890834725359999968e+00 2.641430824397999899e+01 -4.083468227999999950e-02
-1.114633871999999928e-02 -3.097164276000000105e-02 -1.960535663999999831e-02 2.893698839999999883e+00 -7.438991399999999969e-03
-4.282073100000000077e-02 7.866663091730000446e+00 2.917165406700000130e+00 2.655441589527000090e+01 -3.011200919999999781e-02
3.899301537099999937e+00 6.813876622120000448e+00 1.870558349329999981e+00 1.082780108749999926e+01 9.558748692999999852e-01
1.974972164941999964e+01 2.056904177123999844e+01 1.568973170968000019e+01 1.558333188519999979e+01 3.892114520499999841e+00
4.744613709230000254e+00 2.656517957379000094e+01 1.768031883171000018e+01 2.857375797679999962e+01 6.893976426190000062e+00
1.956435907699999976e+00 2.925039206100000122e+00 1.943269954670000077e+00 -6.975055961999999943e-02 -1.989461249999999876e-02
4.903596639049999872e+00 7.824957448040000152e+00 3.878309099199999999e+00 7.829639738900000090e+00 2.959044446280000074e+00
1.274786435667999918e+01 1.961158996640000041e+00 8.813965430519999700e+00 2.261846063101999960e+01 3.882801905140000009e+00
1.279069063456000066e+01 2.968538547000000083e+00 2.842929689159999995e+00 8.692843626000000157e+00 8.902721916000000846e+00
2.949166101000000140e+01 4.923516398000000294e+00 1.864297971819999944e+01 4.821968369011000277e+01 1.176938284260000067e+01
1.366571404895000086e+01 2.948658959999999940e+00 8.758616149259999872e+00 2.751178720960000135e+01 1.285031753392000020e+01
9.199596880000000532e-01 -1.150175942999999944e-02 -5.363095535999999608e-02 2.883378929700000093e+00 -3.512204388000000205e-02
1.560109413868000061e+01 3.888583349800000200e+00 7.878272918929999591e+00 2.260374190961000096e+01 7.884941023609999711e+00
1.913617793810000078e+00 9.738684093699999655e-01 -2.625612084000000096e-02 -8.623228896000000032e-02 1.974065144599999932e+00
4.215493294134999758e+01 1.176274763282999913e+01 1.172520430049999973e+01 5.212120913081000140e+01 2.174251622799999950e+01
1.075293611903000013e+01 -6.851744640000000108e-02 3.925174654300000121e+00 1.075177846865000042e+01 9.266920362099999586e-01
8.900245301500000483e-01 9.705323879199999615e-01 -3.561049817999999839e-02 8.899233235200000536e+00 -3.346705997999999821e-02
-5.425215083999999910e-02 -2.179053494999999910e-02 1.916490981259999948e+00 -1.144896346799999937e-01 1.953905556800000110e+00
2.169824375019999962e+01 5.879388262199999993e+00 1.651467493655000141e+01 3.034331361183999931e+01 9.732793895200000378e+00
2.797557373920000146e+00 1.917047985049999959e+00 1.866988000206999843e+01 2.054144016749999935e+01 9.822026928790000611e+00
4.866196500950000114e+00 3.939149472520000028e+00 1.876629613024000065e+01 1.169807380247999973e+01 6.871965964090000156e+00
9.306700166800000451e-01 -3.043127393999999972e-02 1.880268264019999913e+00 6.837012600279999575e+00 9.364548908800000016e-01
1.670857667395999968e+01 4.944427251079999586e+00 5.849399093549999762e+00 2.361817231719000176e+01 9.880290195580000656e+00
3.852101792200000041e+00 9.737037647199999757e-01 9.264096993699999505e-01 1.180700836725000080e+01 -6.014650382999999628e-02
4.436578762317000013e+01 3.881099836749999810e+00 2.267101581080000017e+01 3.218648737505999691e+01 1.972940072824999902e+01
2.064960535619999860e+01 1.934726554999999903e+00 1.481897396183999938e+01 2.553422896025000099e+01 6.850814514279999656e+00
9.142859660500000096e-01 -1.570692060000000029e-02 -4.425510167999999883e-02 8.960505875199999970e-01 -3.485728080000000118e-02
9.792454085559999299e+00 1.964417024000000067e+00 8.878271936400000897e+00 1.869998120910999972e+01 1.886494985929999979e+00
3.808255503999999902e+00 1.969636715840000107e+00 4.896104863999999779e+00 9.752647496590000742e+00 2.902035232829999867e+00
3.633778541691999919e+01 1.889171262380000105e+00 2.258468599460000092e+01 6.304629920733999882e+01 2.562126386525000044e+01
1.086230676673999973e+01 -2.622492774000000082e-02 4.912335423680000090e+00 7.790239727000000336e+00 2.919025299539999896e+00
3.924470642799999798e+00 -1.427501879999999897e-02 -4.518627119999999581e-02 4.885076095969999699e+00 -4.404865454999999652e-02
9.629556066100000145e-01 4.877233743199999694e+00 6.834480595359999633e+00 1.083914149007000027e+01 9.634314224800000215e-01
4.884474790849999692e+00 2.261781927139999837e+01 3.253810316514000078e+01 2.652399857114999904e+01 2.889559314750000052e+00
1.951110443629999969e+00 3.844650764199999848e+00 1.678440570037999890e+01 1.380883185140000080e+01 2.954757573120000202e+00
-2.916593567999999775e-02 2.902342117529999932e+00 4.879115076739999779e+00 3.861292185850000003e+00 -2.878932780000000025e-02
1.957216378340000063e+00 5.866848391379999583e+00 6.823519934560000166e+00 3.841312815759999832e+00 1.960973933510000045e+00
9.836481736000000087e-01 2.909990406449999956e+00 2.897312530259999797e+00 7.757042709680000314e+00 -1.867758102000000031e-02
-5.884713503999999817e-02 1.668763035098000103e+01 1.862270420967999840e+01 4.910374036868000047e+01 2.931100502520000095e+00
1.972222771250000006e+00 4.854379165520000150e+00 2.832887757900000025e+00 2.860566206888000096e+01 9.683743016800000492e-01
-1.303397729999999921e-02 1.929951005599999991e+00 3.918375026680000150e+00 6.801684089020000101e+00 9.842964530500000198e-01
9.721642916799999590e-01 9.854670982600000073e+00 8.831699981190000770e+00 1.960174900100000173e+01 -3.106900799999999865e-02
4.861935365539999943e+00 5.823279791430000074e+00 8.787452760000000751e+00 3.923439482020000035e+00 -6.066240498000000092e-02
2.368353058619999985e+01 2.167279045168000096e+01 3.856160718948000010e+01 4.833675622220000356e+00 7.861840561520000215e+00
1.365006464240000028e+01 2.453407291294000103e+01 2.940885152670000124e+01 1.079915829842000008e+01 7.837167397760000043e+00
2.895996495719999952e+00 1.866809687960000019e+00 9.838511516620000563e+00 6.946002537460000070e+00 2.955453163050000054e+00
6.908366869179999981e+00 7.891223168959999867e+00 3.862644910150000221e+00 -4.664724714000000050e-02 9.632731744000000429e-01
1.158354312105000083e+01 8.890472862719999370e+00 3.861854774589999817e+00 1.275746148616000042e+01 6.897319724679999986e+00
7.871780654720000214e+00 -3.368925998999999782e-02 5.952797094480000162e+00 4.919918084779999923e+00 1.967253130460000055e+00
4.997773985639999950e+01 1.073059602338000040e+01 8.666774405369999101e+00 3.843731776655999965e+01 1.575510671734000034e+01
1.075963669579999937e+01 9.377706160000000013e-01 1.916646472100000054e+00 1.858562793649999989e+00 2.942734364040000106e+00
5.889453552240000000e+00 -2.897954577000000018e-02 -3.698186219999999996e-02 3.939034211950000142e+00 -2.602855457999999830e-02
9.528000461200000215e-01 1.916305769899999900e+00 1.898578762759999927e+00 5.824706855909999703e+00 1.970042592260000003e+00
6.827737716339999707e+00 1.467931081829999940e+01 2.962070836643999883e+01 3.231932672624999725e+01 2.875636439400000022e+00
5.946941724360000237e+00 1.898780313440000089e+00 4.883899777519999930e+00 2.809224686819999928e+00 1.965126696590000055e+00
3.939933992349999858e+00 3.890099885260000168e+00 2.866647397980000012e+00 9.777733728759999465e+00 2.959537997099999984e+00
9.480652607799999743e-01 4.901861326639999739e+00 3.878779544769999976e+00 1.280121733866999989e+01 9.639913552300000132e-01
2.931372262380000038e+00 1.877785223600000108e+00 1.883927429299999901e+00 3.854196382540000076e+00 9.671160946600000363e-01
1.075581537499999918e+01 1.958794923511999997e+01 2.367021985295999897e+01 3.544424442161999877e+01 1.885244586500000041e+00
1.287403607379999926e+01 4.775528983280000084e+00 2.791664309639999786e+00 1.270392029499999964e+01 9.380342256400000522e-01
9.224390202400000183e-01 5.866671214410000168e+00 5.870323889159999808e+00 9.821319938920000325e+00 9.647164000000000295e-01
7.929354333680000089e+00 6.872780365629999721e+00 4.880686562600000222e+00 3.842346896590000060e+00 9.645434204499999664e-01
2.275568844800000079e+01 1.935205507999999908e+00 4.877845649600000222e+00 1.167279952800000054e+01 6.872440527700000246e+00
1.875482309359999933e+00 1.968504925520000004e+00 3.942918643900000131e+00 1.841396203640000007e+00 3.935897455360000130e+00
5.930346208649999795e+01 5.813285996040000292e+00 2.066865353976000108e+01 5.006877175094999899e+01 1.662579487402999945e+01
7.840237506740000306e+00 2.960562836639999862e+00 1.928416267010000018e+00 8.795536560809999571e+00 1.921274804000000058e+00
-7.848660402000000313e-02 -1.898026506000000113e-02 9.646839092800000293e-01 3.905977840599999862e+00 -3.823515090000000061e-02
1.666699986644000120e+01 7.851372063200000362e+00 3.933229289439999832e+00 9.762985355679999699e+00 4.940107154959999747e+00
5.882059183740000030e+00 1.954760181319999957e+00 3.978378102999999832e+00 -7.313174100000000011e-02 -1.871760231000000121e-02
4.020945749599999886e+01 1.764585514530000054e+01 4.844649251119999889e+00 2.245693646875999860e+01 8.860534864199999916e+00
3.888940009000000142e+00 4.940924678240000034e+00 -2.571635790000000032e-02 3.911187196030000202e+00 9.770863166200000061e-01
2.855573176800000113e+00 9.380465343999999650e-01 9.727952184999999474e-01 5.903993356800000036e+00 -2.400814241999999973e-02
5.869294941299999735e+00 3.896087020509999999e+00 5.821345393979999727e+00 -9.869560100999999475e-02 3.915385573450000045e+00
1.076118211180999928e+01 9.814291439319999810e+00 1.868570684235999835e+01 9.835199951499999926e+00 1.084103814394999965e+01
1.361975570599999941e+01 1.270579697508999928e+01 3.350730346432000317e+01 8.739350958599999331e+00 8.760783571559999316e+00
1.381177224698000039e+01 5.850739882500000100e+00 5.751229697700000365e+00 4.875187942400000196e+00 7.875930338179999879e+00
-3.812156864999999978e-02 -3.004928280000000035e-02 -5.066643960000000169e-02 1.974313800830000076e+00 -2.419113599999999850e-02
9.705877659999999629e-01 9.731312307999999689e-01 1.922426194700000091e+00 -1.298996724600000041e-01 -2.714193603000000093e-02
9.803254615840000241e+00 1.806067726400000018e+00 3.448040723612000136e+01 4.113318428339999855e+01 1.381250851591999940e+01
9.393851079999999687e-01 4.946977399189999680e+00 6.847408260159999926e+00 7.741882356019999634e+00 3.945738942400000226e+00
5.871946283519999810e+00 2.890112722950000101e+00 2.066807944740000025e+01 2.444737341031000000e+01 6.884212521760000314e+00
9.514713642400000060e-01 9.559517933800000256e-01 5.880379112520000007e+00 9.790996611249999759e+00 -4.301732123999999630e-02
9.652764372400000070e-01 3.932021709849999880e+00 1.945454548160000074e+00 2.163939188152000170e+01 1.924768594819999956e+00
2.968102499700000063e+00 1.939596498560000049e+00 9.481526524900000252e-01 1.167499727831999934e+01 2.930937763799999818e+00
-4.677348401999999877e-02 4.906485338000000418e+00 7.922788111610000072e+00 1.750145042295000053e+01 8.937131283999999454e-01
9.901997743599999513e-01 -1.826180234999999832e-02 -1.536809274000000038e-02 -1.006679890799999921e-01 -2.141096489999999922e-02
9.736763283999999574e-01 -5.067082655999999991e-02 4.957903044500000078e+00 1.472741434175999942e+01 2.941369255650000181e+00
9.810589794399999786e-01 9.793302628600000226e-01 2.928832551120000183e+00 1.877312828360000019e+00 -3.921264593999999881e-02
4.908204388039999699e+00 5.901659976840000432e+00 2.170062768549999888e+01 3.935350038810999962e+01 9.815759341570000629e+00
-2.533285206000000095e-02 -2.583489167999999947e-02 3.912236190579999828e+00 8.373058113700000415e-01 9.509811392800000540e-01
9.701947280799999573e-01 9.683790928300000100e-01 3.899325901900000169e+00 7.896625615000000264e-01 3.937244151639999856e+00
9.599509561600000351e-01 1.959510110419999895e+00 5.884571066640000403e+00 1.473799405469999968e+01 4.921401427250000182e+00
5.829809150400000028e+00 9.869801191300000553e+00 1.579535434483000067e+01 1.854568000820000062e+00 4.913258851220000167e+00
2.271529119487999893e+01 7.788615886789999720e+00 1.566701259963999959e+01 9.764985708999999403e+00 7.861212980000000350e+00
1.964118963115999961e+01 2.271833029544000127e+01 2.556523873700000138e+01 8.707632277949999278e+00 5.821536117389999987e+00
1.079169981679999957e+01 8.837319557880000787e+00 9.813455512839999173e+00 5.832522792959999869e+00 3.895078140399999889e+00
-4.488331176000000255e-02 -3.602344995000000133e-02 9.457047166599999999e-01 -3.631748399999999710e-02 -2.358305280000000045e-02
9.726681390579999587e+00 -4.836934845000000205e-02 3.891578653659999887e+00 2.460182121088000073e+01 4.876818648979999615e+00
8.934066001000000590e-01 9.808394135500000388e-01 4.956394014499999834e+00 7.848657675440000148e+00 2.954829444420000062e+00
3.237829627335000282e+01 2.886200259329999795e+00 1.274670293007999966e+01 5.707540706926000240e+01 1.672330418143999964e+01
1.778991746283000097e+01 9.601454371600000037e-01 2.911357245000000038e+00 6.680866527790000120e+00 5.903650412520000224e+00
1.907164660699999903e+00 9.833137408000000024e-01 -3.706543962000000136e-02 3.859737714850000057e+00 -4.065638103000000086e-02
3.978485857299999928e+00 3.905019272830000165e+00 4.789483540159999997e+00 8.868577306599999543e-01 -4.769828855999999617e-02
-6.718527585000000357e-02 1.171521080075999954e+01 2.634897952133999866e+01 1.963896959935999931e+01 7.860079817539999958e+00
5.957150842859999962e+00 1.581435731742999984e+01 1.957740387751999833e+01 4.768114026200000133e+00 1.908771739579999904e+00
-2.244778353000000115e-02 8.902452689820000487e+00 7.781385813019999986e+00 6.879093851500000412e+00 -5.042718990000000234e-02
-2.481938820000000046e-02 4.892411095519999975e+00 1.174473306840000042e+01 5.867801350709999753e+00 2.946179085059999814e+00
3.851743180899999786e+00 4.946787743359999823e+00 1.930439757170000048e+00 2.822867184720000200e+00 5.889205854240000093e+00
1.891098680060000037e+00 -3.402225503999999762e-02 9.535997785599999998e-01 6.880595479720000185e+00 2.929580560199999795e+00
2.540605185889999973e+01 1.179766820865000021e+01 1.072702546076000019e+01 4.626420102200000173e+01 1.758969339272999832e+01
6.848087194059999661e+00 9.500372884000000129e-01 9.308089584099999980e-01 1.181884477332000039e+01 1.689123614677999896e+01
1.947137865049999972e+00 2.980806367980000093e+00 9.740155240000000214e-01 9.424531514799999732e-01 -3.804754274999999630e-02
1.963556274259999901e+00 1.943144936840000003e+00 8.822915484400000175e-01 1.887164468749999990e+00 9.574666796799999879e-01
1.281434912833000084e+01 1.769440320972000080e+01 3.137637359497999867e+01 3.639088769500000353e+01 1.077813387199999973e+01
5.936397296640000043e+00 4.893175840009999611e+00 9.789917465260000284e+00 -1.977583369500000021e-01 2.925168315240000094e+00
9.428242108600000115e-01 5.901565142039999934e+00 1.181038643255999965e+01 8.820509000130000388e+00 9.322728309100000166e-01
2.950339390859999966e+00 2.914714041329999894e+00 4.834821488720000282e+00 9.839481651999999912e+00 9.385342102900000594e-01
1.566239401284999921e+01 1.280126274160000044e+01 6.888359642380000203e+00 6.867002143959999749e+00 1.930169446400000099e+00
1.081548121348999913e+01 5.892457100279999693e+00 1.943437395439999937e+00 2.927312989499999851e+00 9.608460085900000225e-01
5.219380824334999858e+01 2.452505268651999870e+01 6.734155288120000193e+00 1.168599990765000030e+01 7.833304361149999728e+00
8.844243914970000731e+00 1.916396536069999934e+00 9.541239246999999590e-01 -5.277602304000000161e-02 1.972383497120000051e+00
3.848088026740000167e+00 9.264892956400000434e-01 -4.095413945999999694e-02 1.950785351750000007e+00 2.973591518160000113e+00
2.843389454880000056e+00 1.941539514410000056e+00 4.912332574099999682e+00 2.830874809079999999e+00 4.887786232849999912e+00
8.878419129599999238e+00 9.530132429800000082e-01 -6.447101040000000061e-02 9.885394762660000723e+00 6.916652141290000166e+00
3.937954619487999963e+01 1.877042113786000144e+01 1.668077039941999828e+01 3.431001455801000333e+01 2.857105876925000132e+01
1.382634192109999915e+01 9.405682612300000356e-01 1.910782468999999928e+00 1.179453225720000020e+01 8.884870604639999669e+00
9.513158490999999994e-01 9.814112743599999744e-01 1.971951093199999949e+00 9.453708686799999761e-01 -3.465668997000000140e-02
1.282090785061000027e+01 1.959194487440000021e+00 2.900405392950000216e+00 1.073822021398999915e+01 3.889217531199999911e+00
3.898844484880000127e+00 1.979417968039999920e+00 3.949913423199999940e+00 3.871852875940000160e+00 3.942198361119999994e+00
4.739327438592000163e+01 8.754433953400000412e-01 1.668262507261999872e+01 6.120219903577999787e+01 2.463691404129999896e+01
4.878715662500000327e+00 -2.423938607999999786e-02 1.941283535780000014e+00 8.504443086399999796e-01 2.932555950209999818e+00
9.231363832600000263e-01 -1.526078150999999987e-02 1.963272705410000096e+00 6.905365151739999874e+00 1.959593474000000057e+00
9.508984382799999802e-01 5.865566149230000192e+00 5.886345704550000058e+00 6.808226015949999876e+00 9.748465191999999835e-01
7.853884644319999886e+00 2.362194194622000154e+01 1.866945811600000127e+01 4.144769847221999726e+01 1.923173603570000001e+00
7.933713533359999737e+00 6.826916309919999648e+00 4.855984883599999691e+00 5.752287121920000246e+00 3.966079688319999796e+00
2.964090249749999906e+00 2.906318917830000181e+00 9.210367611999999982e-01 2.866358615160000234e+00 -1.820161853999999885e-02
1.947994111999999944e+00 5.863921710719999680e+00 6.880621845220000310e+00 8.847995991299999474e+00 9.726205679199999565e-01
8.820138242069999635e+00 9.696467039499999663e-01 1.919227230109999960e+00 9.756289293040000032e+00 7.899617250800000434e+00
1.896390418159999980e+00 2.981085904650000007e+00 1.951459758559999980e+00 2.851479832079999888e+00 2.935676281620000161e+00
2.639193767369999932e+01 8.857997102800000411e-01 1.869024301246000164e+01 7.610857074211999418e+01 1.961888293423999841e+01
2.872424280719999778e+00 9.756323147800000095e-01 1.936780752260000016e+00 7.805256507350000206e+00 4.919103832280000255e+00
1.930671950960000105e+00 -1.318616171999999892e-02 1.968099990320000048e+00 3.899200676710000035e+00 1.957512694160000066e+00
9.736912404999999993e-01 4.900215672319999882e+00 6.913805576919999751e+00 8.690809921739999666e+00 -2.849789385000000078e-02
1.955539602200000004e+00 5.821869414570000067e+00 5.844193789740000256e+00 3.745115293106000109e+01 1.951183245620000006e+00
2.963551457999999972e+00 1.385834780749999950e+01 5.872756281090000030e+00 2.355643134537000094e+01 9.609092703999999596e-01
9.908965315000000107e-01 -3.467010276000000168e-02 -3.127869755999999890e-02 8.947642815999999888e-01 -9.744356699999999830e-03
9.708453783999999587e-01 5.880329741399999754e+00 6.897102609040000054e+00 2.161283807919999944e+01 9.679115583999999828e-01
-4.335885936000000163e-02 1.980980584399999911e+00 9.249113864800000417e-01 -1.022666107500000005e-01 -4.277459339999999804e-02
1.974137064581000089e+01 5.887697132039999559e+00 2.654339052438000124e+01 4.138773037331999660e+01 1.475116459314000039e+01
1.823507987059999946e+00 8.926645208489999206e+00 2.067952120850999975e+01 2.058761821079999876e+01 5.823333394799999674e+00
7.871151801499999934e+00 1.947867538159999912e+00 8.768631612960000155e+00 1.471960610646000056e+01 7.876102805000000373e+00
2.919582831450000082e+00 9.686252979999999679e-01 1.864876530619999917e+00 8.820803380050000086e+00 4.927162975879999962e+00
9.603038310400000555e-01 9.909973667800000552e-01 9.318155413599999992e-01 3.855024681250000196e+00 -4.393452960000000102e-02
2.866901616479999859e+00 -3.242682395999999662e-02 1.480029256409999938e+01 2.551823311184000076e+01 6.850824589060000136e+00
8.781614523999999866e-01 6.969569833329999575e+00 1.079387777396000025e+01 2.353713074798999827e+01 3.861178574440000233e+00
1.939086569539999916e+00 -1.481365745999999907e-02 3.889981912000000097e+00 3.785045067400000018e+00 2.931193073369999791e+00
5.924844488579999791e+00 -1.799809632000000034e-02 3.869822706519999933e+00 1.473476562149999936e+01 9.154286006499999795e-01
1.889514069769999915e+00 4.897067795239999910e+00 7.785561648949999913e+00 4.906574968550000193e+00 5.914179824459999679e+00
1.171893135270000030e+01 1.075217433185000004e+01 3.248415845061000340e+01 1.377510114452000067e+01 1.079834923964000026e+01
1.670228072540000142e+01 1.672615788595999931e+01 4.444459397063999972e+01 1.075768936184000069e+01 7.785295048790000116e+00
8.844217560000000589e+00 2.862244651080000146e+00 8.706032553060000012e+00 4.869231178909999791e+00 5.886058571699999575e+00
2.955742410000000042e+00 -3.660641423999999589e-02 9.241527469600000488e-01 -3.524789519999999704e-02 -3.060002933999999772e-02
1.577160807865000081e+01 5.820836677530000003e+00 3.940055343310000069e+00 1.275725033049999979e+01 9.508725498700000278e-01
3.888120204759999865e+00 4.914694850000000059e+00 -2.955859694999999829e-02 2.878150252530000230e+00 -2.474364023999999981e-02
2.049492186911999880e+01 1.962558169256000085e+01 4.886680162460000254e+00 1.051835526470000026e+01 3.903565867959999824e+00
9.589553689599999986e-01 -3.164987762999999649e-02 -1.013196599999999920e-02 -4.203568223999999687e-02 9.911858092299999923e-01
2.920872393569999836e+00 1.936677439999999972e+00 -2.050610660999999807e-02 4.915621987339999777e+00 -1.635788196000000083e-02
7.697472613999999602e+00 1.948059313759999966e+00 7.891815306499999849e+00 1.658315585600000119e+01 3.894973300479999789e+00
9.032338894600000501e-01 -1.634967179999999992e-02 9.655618318299999947e-01 -1.308771302400000003e-01 9.655429985200000287e-01
3.532735326734999859e+01 5.880972437519999652e+00 1.575496999663000075e+01 4.704756765599999824e+01 7.757549464310000253e+00
1.372354648159999968e+01 9.505787086000000441e-01 5.894843536049999777e+00 2.061861493440000004e+01 5.901888612299999615e+00
1.893162775520000007e+00 -1.932832934999999946e-02 1.959989116880000104e+00 2.852418392850000206e+00 -3.722196726000000233e-02
-4.082160158999999927e-02 3.907698695320000137e+00 1.482046019843999929e+01 6.860719772619999546e+00 9.528564593799999649e-01
7.842130351999999860e+00 2.460875418070000009e+01 4.330606153850000339e+01 3.147571584571999992e+01 8.819337864059999532e+00
3.914931386200000141e+00 1.680099830900000057e+01 1.760925985803000060e+01 1.170952774841999933e+01 2.897635747799999884e+00
4.923936575779999991e+00 9.835837172830000696e+00 1.869235854940000152e+01 8.739635258879999924e+00 9.128578267000000412e-01
1.958382199999999962e+00 1.904818916900000048e+00 6.802170784000000303e+00 6.858530806750000153e+00 2.952259043879999822e+00
1.170760303209000064e+01 9.792225519760000552e+00 2.878804780319999868e+00 3.906612739659999889e+00 2.946616999410000215e+00
1.072547619482000059e+01 1.876329881110000031e+01 7.868489009930000222e+00 -1.055578796999999958e-01 1.940565067399999899e+00
2.352127250399999880e+01 2.067245703084000041e+01 1.281077348620000045e+01 7.853565625009999884e+00 4.915968984050000046e+00
5.899710026580000211e+00 5.922825344879999676e+00 1.956367681399999947e+00 9.657887930199999804e-01 -2.070560880000000062e-02
2.884645961669999981e+00 4.909954957610000115e+00 9.498968117199999561e-01 9.612678557799999579e-01 1.977265800470000112e+00
1.373261771776999929e+01 1.963604950399999938e+00 1.382644715386999934e+01 1.961300761625000177e+01 4.891484896159999707e+00
3.826803719920000013e+00 2.974887376409999895e+00 6.889256608840000240e+00 6.744557112099999863e+00 -7.376288813999999638e-02
2.843670989395999982e+01 -8.024935680000000460e-02 2.567579035013000066e+01 3.516803607888000016e+01 1.177207546080000000e+01
1.370767920367999970e+01 9.594288026199999653e-01 1.081968956605999921e+01 1.956383533424000021e+01 8.823510785799999478e-01
-8.349949962000000059e-02 -1.195982819999999967e-02 9.466364386000000186e-01 5.874939850739999692e+00 9.660812337999999944e-01
3.882361726030000071e+00 9.843777025300000094e-01 8.982521172999999859e-01 1.562862070401999937e+01 1.957650715730000046e+00
7.888033951099999719e+00 -1.596068712000000070e-02 3.898277778100000202e+00 2.062842247433999887e+01 -4.065882074999999790e-02
1.078989428306000065e+01 2.969718584159999786e+00 9.804161709729999785e+00 4.328650194200000101e+01 5.919781024679999781e+00
4.876885112720000137e+00 1.982228612959999969e+00 1.188671678661000009e+01 1.660192718560999836e+01 1.953756750079999938e+00
4.904432401100000227e+00 -1.400302403999999917e-02 -8.809407072000000061e-02 1.867692838636000019e+01 -3.426286310999999973e-02
2.964806402339999813e+00 1.877939855840000005e+00 9.791320537540000757e+00 4.888893753139999632e+00 9.579853939600000423e-01
1.896980736439999982e+00 1.364670594500000078e+01 3.238775288970000332e+01 2.068547129759999947e+01 7.877126904199999835e+00
-4.906185794999999572e-02 1.083063936313999953e+01 1.170387034392000025e+01 1.585891565800000080e+01 3.944026931259999813e+00
-2.376843263999999997e-02 2.921638082519999902e+00 4.859612798269999701e+00 4.928167580000000214e+00 9.724860576999999617e-01
-3.154144617000000095e-02 5.898729458400000070e+00 2.817887388960000017e+00 2.906439955320000212e+00 -3.474646064999999812e-02
9.713016084700000219e-01 9.366941551599999860e-01 1.904155654880000048e+00 5.873207406539999731e+00 -2.654322048000000087e-02
1.384475730511999991e+01 1.269869275021000021e+01 3.146634087007999980e+01 4.629823075819999900e+01 6.852322865499999693e+00
9.709844432499999956e-01 9.410366980000000048e-01 9.036642764800000283e-01 8.757006886000000545e-01 2.973245118419999944e+00
1.946101802959999905e+00 5.890518332880000152e+00 5.826876346949999785e+00 1.076937694579999949e+01 9.487708955200000460e-01
9.446912819199999589e-01 2.878642908299999803e+00 7.800550968679999642e+00 1.473794026907999921e+01 1.941982245830000009e+00
-2.414809503000000038e-02 7.920223403749999669e+00 3.877905877959999970e+00 2.062239487392000115e+01 9.461788825600000452e-01
9.688605390100000214e-01 4.894537132489999998e+00 3.844829119719999966e+00 3.150421069316000100e+01 2.932329058680000156e+00
-1.777768559999999901e-02 -6.333967043999999547e-02 4.900990864999999808e+00 1.070117348942000035e+01 9.587108186199999604e-01
-8.548260480000000050e-03 9.693800770599999561e-01 -4.500524834999999890e-02 2.852517599220000033e+00 9.793211641300000325e-01
-1.928330550000000032e-02 2.931719204010000190e+00 3.902290999239999891e+00 1.067963164148000033e+01 3.954046658799999836e+00
6.915221445580000292e+00 1.182616890267000009e+01 9.808120191880000505e+00 4.916129473399999839e+00 9.588219538600000202e-01
9.793361100880000336e+00 2.356406207024999944e+01 2.052456139235999899e+01 8.794422588870000723e+00 2.897947938000000168e+00
8.796370048380000028e+00 1.756542450239999908e+01 1.851255105255999922e+01 1.279776753165999992e+01 9.005734541800000104e-01
-3.684791249999999629e-02 4.916851753639999600e+00 3.911283139720000079e+00 1.961383959560000001e+00 -1.804923648000000130e-02
9.266236057900000267e-01 6.840445305760000316e+00 2.797086519300000074e+00 1.930370330449999949e+00 9.660017889999999996e-01
1.763157492791999914e+01 1.278669095256999988e+01 8.820876408840000238e+00 8.831400879780000324e+00 2.911403839440000141e+00
1.676319445637000172e+01 8.869458637439999293e+00 9.885783812410000593e+00 8.921171586699999656e-01 1.941450736790000020e+00
5.904536798760000238e+01 2.747315918440000004e+01 2.158947518277999933e+01 1.952085204596000167e+01 1.276935094156000083e+01
7.847239177519999664e+00 1.915904661139999909e+00 4.926463615400000329e+00 9.332166113200000002e-01 1.963171692740000029e+00
2.887105683810000212e+00 1.936802471600000075e+00 2.951223878460000005e+00 1.951055304500000087e+00 -2.537658233999999860e-02
3.163545093829999999e+01 4.899560725759999791e+00 6.847221815980000237e+00 7.799535240830000049e+00 1.905164198030000033e+00
1.972200003932000101e+01 9.916318870030000454e+00 1.188315803783999947e+01 6.825043078000000207e+00 2.920566054000000022e+00
6.892551457017999894e+01 1.670700848479999934e+01 2.560181770196000173e+01 2.349855624191999937e+01 1.072017875675000020e+01
5.857712297700000015e+00 1.956381378499999935e+00 5.939266958160000165e+00 9.198644563000000218e-01 -3.671041824000000064e-02
-8.567443710000000046e-02 -2.330408717999999865e-02 -3.598732151999999712e-02 3.952195854160000188e+00 9.760383531999999862e-01
-1.772782847999999911e-02 -4.266698651999999842e-02 5.803018331549999687e+00 2.899305903810000196e+00 1.954419356809999897e+00
3.935297044479999951e+00 6.837885951999999712e+00 3.227160260760000199e+01 2.061932203199999947e+01 8.832631716899999930e+00
9.844654182400000009e-01 -3.986948222999999597e-02 8.310622884399999633e-01 9.903695049999999611e+00 -4.055720544000000066e-02
-1.181055330000000021e-02 -3.012548111999999861e-02 6.870838501599999759e+00 -6.703544447999999767e-02 1.969882162039999995e+00
-3.274535322000000220e-02 9.117046945000000235e-01 1.667150675990000153e+01 7.813193749999999937e+00 1.916129418319999944e+00
1.957125883520000054e+00 1.941855348800000103e+00 8.831944405170000678e+00 -3.016675385999999931e-02 -4.246811369999999725e-02
1.266190178961999990e+01 2.749347372520000121e+01 9.838478701171000296e+01 1.273432054999000052e+01 2.667195886221000123e+01
1.881378644420000024e+00 1.083962408078000017e+01 3.744246058616000283e+01 1.914958605440000072e+00 3.871827284800000157e+00
-3.484890864000000227e-02 -4.817569283999999924e-02 5.854212846600000297e+00 9.753968477800000203e-01 -3.586011588000000139e-02
2.940013991999999909e+00 3.912244216059999946e+00 1.471636213799999915e+01 -4.053899015999999633e-02 1.930999676959999967e+00
6.810683566479999840e+00 7.859314804940000343e+00 1.940710621160000038e+00 9.752852619100000453e+00 9.733828491999999555e-01
2.360115192974999943e+01 1.471699779927000051e+01 4.878860155159999934e+00 2.945287345691999903e+01 1.943563958749999987e+00
1.750696588223999939e+01 1.962584871716000023e+01 6.842074794100000190e+00 3.238227948587999805e+01 -6.585305264999999353e-02
1.678683530105000088e+01 1.084724585110999939e+01 2.933282141939999921e+00 1.470854798699999932e+01 -2.907761328000000103e-02
1.190267094674999981e+01 1.927403191100000024e+00 -2.987867249999999822e-02 8.857256681610000015e+00 9.859277047600000232e-01
1.962825665600000047e+00 2.950875233400000131e+00 1.880481138499999982e+00 1.977149735570000066e+00 -3.076835057999999928e-02
4.134424929872999854e+01 6.108675624898999956e+01 1.158253952218300071e+02 1.668302010152000037e+01 3.542030891999999653e+01
3.887760320950000015e+00 1.184405425913999998e+01 1.564138776687999943e+01 -6.375190374000000437e-02 8.899524591660000539e+00
-3.115441440000000020e-02 -4.182712830000000215e-02 1.905304455200000024e+00 1.981584313039999934e+00 -2.591039502000000092e-02
4.919568844369999638e+00 8.988974199999999470e-01 9.746554079619999200e+00 1.954892109260000010e+00 9.336021405400000139e-01
2.898642938250000078e+00 -3.657497570999999892e-02 2.275820981600000081e+01 9.864689372020000846e+00 2.928350738009999787e+00
2.553942304313000022e+01 9.844648017489999958e+00 5.613599678159999939e+01 2.246536008320000022e+01 1.970776190630000002e+01
3.855502797519999802e+00 1.959664519099999946e+00 1.473335378015999986e+01 1.084851438319999950e+01 3.922552179669999806e+00
7.904246761249999587e+00 -3.526434467999999683e-02 6.792203235849999743e+00 2.874780953040000142e+00 3.932347283679999972e+00
7.882452655819999876e+00 9.614489004999999811e-01 4.763534846719999827e+00 2.855371934729999950e+00 2.928508489559999983e+00
1.983533048299999990e+00 9.354624197499999960e-01 1.082641669220000047e+01 9.703107541000000058e-01 9.566997441400000302e-01
-9.145045799999999836e-02 2.561967900871999859e+01 4.906841989586000352e+01 9.834175536400000084e+00 1.174656302526000040e+01
9.708264916300000102e-01 4.892038469600000106e+00 1.170765821334000023e+01 -5.379544044000000164e-02 1.918934637050000003e+00
9.667878292000000595e-01 6.867319782220000057e+00 1.867223673756999958e+01 -5.711666399999999755e-02 1.909240678550000014e+00
9.630240386499999694e-01 8.856003746880000804e+00 2.462027339643999824e+01 9.333320209300000059e-01 8.984248238800000008e-01
-2.180409839999999932e-02 6.878224966120000339e+00 6.793188245259999647e+00 1.933487509339999910e+00 9.515147130100000128e-01
-5.413366727999999878e-02 2.064815533388999924e+01 2.646583664831999982e+01 1.182639370439999915e+01 3.869724336880000060e+00
-2.602106855999999913e-02 1.082306736974000039e+01 1.574727391527999920e+01 4.915941529100000373e+00 2.939166663149999970e+00
9.811023865300000368e-01 7.875630048499999702e+00 1.382411551865000021e+01 -6.051545963999999805e-02 1.958367893779999980e+00
2.969476454100000051e+00 6.771395000860000124e+00 1.671543908306000148e+01 3.909110127609999985e+00 9.311091662799999558e-01
5.963665018380000404e+00 8.880954753599999307e+00 4.844730030800000087e+00 1.947559304000000102e+00 -4.190299775999999782e-02
1.797714178579999933e+00 5.920231093566000169e+01 7.813575624886000526e+01 1.700801564959999901e+00 1.176751590761999999e+01
2.963390348999999979e+00 3.884305521099999936e+00 3.846699097870000195e+00 4.947836657719999920e+00 9.606313585900000396e-01
-2.730824441999999894e-02 5.899371396360000297e+00 1.882726317559999973e+00 9.599307580000000506e-01 2.969263984619999963e+00
9.563135571999999973e-01 5.829192338640000415e+00 3.820310709700000196e+00 -6.242950745999999856e-02 9.512647615899999520e-01
3.919912176640000023e+00 1.964542846969999923e+00 5.912381768640000423e+00 8.972263235799999848e-01 -1.228296960000000056e-02
7.007663686310000628e+01 1.657983731191999865e+01 7.298984731519999514e+01 8.687933901520000290e+01 8.873947592640000437e+00
8.807502532049999999e+00 4.912938755419999914e+00 1.279410712303000075e+01 1.877440842522999986e+01 -2.631682872000000104e-02
8.851411412190000050e+00 3.928508228740000163e+00 9.836122379500000790e+00 9.818709389920000419e+00 -2.013542387999999947e-02
1.919719494650000025e+00 -3.738739680000000010e-02 1.913388384799999953e+00 -9.977644475999999929e-02 -1.038492576000000014e-02
9.655877494000000283e-01 7.865298976400000086e+00 4.871765267149999801e+00 6.938474685820000154e+00 -3.546206243999999730e-02
6.832257605439999715e+00 5.335786067237999930e+01 4.243804241523999821e+01 1.269808936257999932e+01 3.829302825070000083e+00
-4.463920206000000085e-02 1.083450930176000071e+01 4.854173715499999986e+00 1.919156452309999983e+00 1.955127859759999920e+00
-2.336494571999999867e-02 2.937569454120000145e+00 1.921395983240000049e+00 1.961942396239999997e+00 9.761424406299999967e-01
1.943689468250000107e+00 1.680162980605999934e+01 3.830806085439999897e+00 3.897229244440000073e+00 2.941598240219999827e+00
-5.479487513999999754e-02 9.810968679999999553e-01 -8.908953317999999955e-02 9.236974329999999567e-01 -1.365490953000000028e-02
4.133887839770999761e+01 7.767611871559999770e+00 6.099504346196000171e+01 6.409268204779999678e+01 1.583048484753999929e+01
6.821285256340000380e+00 9.353249327799999513e-01 7.724840850259999669e+00 1.673998621324999903e+01 1.951905887119999905e+00
5.883410155199999991e+00 -4.036385519999999977e-02 4.834335731720000418e+00 7.846759883509999867e+00 1.970393359520000054e+00
1.892593727840000017e+00 2.956820169269999798e+00 9.818749898020000089e+00 9.837407232280000358e+00 -2.823361595999999973e-02
1.931988100519999918e+00 9.716678847999999924e-01 9.173315433700000021e-01 1.924780078189999966e+00 9.803302969599999583e-01
8.590210032867000223e+01 3.244956976824000350e+01 7.271272812259999796e+01 8.975567613942999401e+01 7.677267259579999781e+00
1.974565988335999833e+01 7.898526699199999612e+00 1.673240186816000019e+01 1.274338758226000046e+01 4.933745636900000342e+00
4.894131561440000056e+00 1.953084670400000000e+00 3.877935372490000088e+00 5.887972198319999961e+00 9.707433426999999559e-01
1.927962932690000075e+00 2.968242913200000110e+00 3.917342234559999969e+00 -8.250845328000000478e-02 9.788076362800000041e-01
2.934375023909999936e+00 -3.984360191999999912e-02 8.804435057999999259e+00 5.912745314460000401e+00 -3.896792712000000242e-02
1.860837958000000114e+01 1.478313410244000004e+01 6.786614122512000336e+01 2.157148678053999902e+01 1.378239035720000061e+01
9.257737221999999822e-01 -4.120012512000000016e-02 8.797926314339999720e+00 1.913850653419999936e+00 2.957609968679999923e+00
-7.404546798000000152e-02 1.959959816750000083e+00 6.793176957100000024e+00 1.916287938560000015e+00 9.603992620000000313e-01
6.888419916100000151e+00 1.938831190309999952e+00 1.469827568444999955e+01 6.857073730149999768e+00 1.936979364259999947e+00
4.898726348000000286e+00 1.937957084480000036e+00 6.796496408380000354e+00 6.775558551519999639e+00 9.466475639500000483e-01
-5.630847029999999642e-02 2.964901656719999945e+00 1.888551425269999973e+00 8.872233565599999539e-01 9.675904193200000059e-01
8.900756426699999224e+00 9.427407759999999470e-01 6.802314619749999736e+00 9.803204153650000308e+00 -5.055459074999999608e-02
4.895903137550000395e+00 2.937527426459999980e+00 9.785117186560000846e+00 1.178988968550000038e+01 9.492699883599999833e-01
6.844461064629999925e+00 9.122373812799999815e-01 1.771042475376000169e+01 2.170591777119999932e+01 5.922008953169999756e+00
9.588056923000000120e-01 5.847097535249999645e+00 1.472167639247999915e+01 7.832371258160000238e+00 2.928034241849999830e+00
8.944636474079999289e+00 4.802117081000000454e+00 1.062305501258000007e+01 1.376801538277999981e+01 4.903572594199999912e+00
9.623313323200000102e-01 5.869847332950000052e+00 1.076049783919999925e+01 5.859218217299999587e+00 2.938756313909999918e+00
-1.503270251999999987e-02 1.946339379200000108e+00 1.900662325759999938e+00 1.940079072260000093e+00 -2.561924699999999777e-02
-6.022401839999999562e-02 1.778731895933999851e+01 2.160986332342000082e+01 8.769815774639999617e+00 6.900336227050000382e+00
9.601631874999999594e-01 1.077212527256000030e+01 3.857057096800000195e+00 4.940500546850000063e+00 3.904248330220000174e+00
2.891195085450000146e+00 4.137713464019999776e+01 2.164190711619999874e+01 7.845632092159999793e+00 1.574103967819000083e+01
9.629086128399999556e-01 1.179379516935000005e+01 6.871587167590000433e+00 1.946581472809999935e+00 3.913448184669999996e+00
-1.492515558000000013e-02 1.915018629680000029e+00 -5.354149248000000111e-02 9.774066278799999896e-01 9.650169772300000171e-01
4.942433008400000105e+00 1.566750811714000058e+01 1.080132180032000022e+01 1.913169830600000010e+00 6.854571184930000172e+00
2.911380740669999856e+00 9.854409984399999933e-01 6.876503268999999641e+00 3.823853907280000186e+00 9.823671812800000014e-01
1.666126569500000087e+01 2.947261709999999812e+00 1.356426859351999958e+01 4.636604130463999951e+01 9.359527062700000455e-01
1.776269609738999833e+01 -3.934748340000000094e-02 1.368068442440000076e+01 2.954385003089999984e+01 9.537809528799999770e-01
2.904205740420000126e+00 -1.505514761999999888e-02 3.874103945319999909e+00 2.828235095220000161e+00 -1.849959161999999852e-02
1.085070247750999961e+01 9.735885778599999707e-01 1.476948815879999977e+01 2.168094492687999875e+01 1.967716154000000106e+00
1.959463557290000102e+00 7.872985993040000352e+00 1.767794918399999915e+01 3.903540598390000227e+00 1.920101425039999921e+00
5.938768710959999808e+00 6.804128479480000102e+00 1.849569843556000137e+01 2.284671414199999973e+01 3.870404965300000111e+00
-2.884776119999999874e-02 5.907581907089999973e+00 1.476531129660000019e+01 3.925384479939999949e+00 1.939566107359999902e+00
-1.171406933999999921e-02 -3.754490616000000225e-02 9.009665164000000281e-01 -2.906482499999999899e-02 9.743942152000000245e-01
-5.333824889999999597e-02 1.183308335993999982e+01 2.356519700903999848e+01 6.866303233030000008e+00 5.885975660099999729e+00
2.985627175319999882e+00 7.861679807299999823e+00 1.078435274825000079e+01 9.853943003199999717e-01 1.938283780159999914e+00
2.882285675939999958e+00 9.170650912080000694e+01 1.261461821324599981e+02 5.863812639359999856e+00 3.044927154244000178e+01
-1.221620778000000011e-02 8.662066364800000695e-01 3.818741407600000137e+00 -1.335112550999999897e-02 1.945554761359999940e+00
9.908282080000000436e-01 1.906680858230000108e+00 8.721140572000000146e-01 -8.351679960000000374e-03 -4.251720374999999608e-02
9.734353712200000119e-01 1.373489591809999943e+01 2.159696962030000122e+01 9.723587500000000494e-01 4.882445056399999928e+00
1.963041425299999920e+00 -6.899963616000000244e-02 3.932366113750000114e+00 2.960785230239999954e+00 -1.837615571999999878e-02
5.124763601170000271e+01 9.861778193140000326e+01 6.882493266222999750e+01 4.622407809805999790e+01 2.363936544959999964e+01
4.900310824640000007e+00 6.817217480080000058e+00 7.826912233999999913e+00 8.895753534600000734e+00 2.951924039220000129e+00
2.933659775280000215e+00 4.878769422200000427e+00 2.891579235240000045e+00 1.930559809700000073e+00 9.673334840799999723e-01
-4.491860184000000256e-02 9.102271038400000513e-01 2.925036920280000174e+00 2.952877764000000127e+00 -2.368277351999999863e-02
1.955319040820000076e+00 6.884004144400000413e+00 1.074270322379000042e+01 3.916805876859999813e+00 -5.131174391999999973e-02
5.874657774720000170e+00 1.762746411150000014e+01 5.629445701355999887e+01 1.576597367896000002e+01 7.857201356180000040e+00
-4.411861343999999574e-02 3.874153551340000057e+00 5.785223993159999800e+00 1.923096915199999923e+00 1.952723190079999949e+00
-3.170413224000000196e-02 9.212916204100000117e-01 3.822789108009999826e+00 -5.272508861999999907e-02 9.645021590500000297e-01
1.927849710080000056e+00 8.811157633560000590e+00 2.256833130080000061e+01 8.761661113599999995e-01 3.917686568800000213e+00
9.785937444400000240e-01 6.870333348339999979e+00 7.845294798440000328e+00 -4.684114007999999607e-02 6.927940196799999839e+00
8.885597534280000431e+00 4.033402805696000115e+01 5.324806426031999962e+01 1.375153788973999980e+01 1.661003973575000003e+01
-3.070261259999999826e-02 5.814363066000000302e+00 6.774532498600000174e+00 4.930630678220000007e+00 4.895501428580000258e+00
-2.711142252000000100e-02 1.485736385999999953e+01 1.280755146657999965e+01 1.940116068200000043e+00 4.908294139279999690e+00
3.953804120500000074e+00 1.972399910149999869e+01 2.266108751443999836e+01 1.894836702080000101e+00 1.084464550729999921e+01
-8.616122279999999245e-02 1.953091095320000026e+00 3.903251892520000155e+00 2.903990845800000109e+00 1.990282954880000066e+00
5.517062381179999875e+01 1.360179538484000084e+01 3.809927296434000255e+01 6.309115253371000165e+01 3.907198251400000100e+00
7.759348152740000337e+00 9.876381807070000463e+00 1.174401298649999958e+01 1.874113069546000077e+01 2.972718705900000202e+00
8.862721530479999998e+00 5.917929406799999903e+00 7.831328451200000096e+00 7.833213992690000183e+00 -1.679338979999999912e-02
8.954058987999999886e-01 3.942650347599999883e+00 5.883177436529999582e+00 2.885246481899999882e+00 -1.190033207999999926e-02
7.839670876099999575e+00 -3.146082120000000260e-02 5.871191896500000063e+00 1.475244647321999913e+01 1.965849259520000114e+00
1.870026666688000105e+01 1.092902543479999977e+01 4.777277235439999714e+00 2.150379199119999996e+01 -6.918565751999999902e-02
1.569031937115999931e+01 1.930655422100000074e+00 6.735439193200000396e+00 2.850687937909999903e+01 1.932340144339999899e+00
1.473379686474000039e+01 1.941415586840000040e+00 1.078300177112000036e+01 2.456264949991000179e+01 2.941000061700000057e+00
6.835328479870000251e+00 -3.504468239999999901e-02 5.863888512059999947e+00 1.473984049343999914e+01 9.669243344500000337e-01
1.950827299219999977e+00 9.370926200800000494e-01 4.963526840480000146e+00 3.929120020930000123e+00 -2.917719791999999826e-02
1.863217821106000116e+01 3.754587825875000107e+01 5.735627819520000337e+00 3.633465712078000109e+01 1.479428232359999917e+01
6.837737867799999592e+00 1.879478561061999997e+01 6.889554688839999663e+00 1.471152133094999925e+01 5.910415721249999699e+00
4.878851828360000198e+00 8.857148553089999155e+00 4.917702107840000281e+00 6.792680297499999575e+00 4.935584782400000314e+00
7.891544670920000115e+00 3.864605130400000199e+00 2.922325685040000121e+00 1.180876258992000061e+01 4.939504184479999616e+00
5.895840674399999592e+00 3.878165926029999877e+00 -3.432962088000000161e-02 6.886099407039999676e+00 9.363961788400000374e-01
2.859607032914000158e+01 4.350840534539000259e+01 8.849219160960000607e+00 2.160253695199000035e+01 2.174212210306000159e+01
6.878716970650000206e+00 1.685940191071999905e+01 2.957628039779999884e+00 3.864086829220000130e+00 6.921652450299999870e+00
9.408275041600000499e-01 1.930316995999999952e+00 2.979647960249999894e+00 9.349655535999999989e-01 3.962523820719999978e+00
4.852176180979999920e+00 2.817558574320000009e+00 9.458975857600000481e-01 7.838163061100000384e+00 3.909389771199999863e+00
9.286968259000000225e-01 9.578260863999999986e-01 4.882346666510000155e+00 4.911390181219999818e+00 -2.065121730000000003e-02
5.515120102430000060e+01 5.159018020300000273e+01 8.064336630871000011e+01 6.901777642624000464e+01 9.763193675529999283e+00
1.783392789510000043e+01 5.907402507479999620e+00 2.173315872243999891e+01 1.810989934400000001e+00 4.957582412479999867e+00
5.889065782560000351e+00 5.928000071999999676e+00 9.802747141119999341e+00 3.854771098600000112e+00 9.674021818000000383e-01
2.916184998899999936e+00 -4.983296012999999941e-02 6.859935895119999572e+00 1.899121579400000037e+00 9.758065393000000531e-01
4.894054373300000371e+00 1.952729482160000085e+00 5.875837512180000388e+00 4.870724064800000086e+00 -1.337251841999999996e-02
7.106475797820000651e+01 1.659294194551999979e+01 8.495305627279999783e+01 7.186285247607999338e+01 9.875488607919999495e+00
1.476433742144999961e+01 7.893000538999999982e+00 9.747630527500000142e+00 1.673001152171000072e+01 9.677692851400000462e-01
8.828865033030000475e+00 1.920926305550000102e+00 7.810435918699999647e+00 3.787856694039999805e+00 1.975104633800000009e+00
2.920974519180000062e+00 9.649817203599999615e-01 9.051864932800000041e-01 3.909260495199999852e+00 -1.059644591999999927e-02
2.926525765080000063e+00 -4.673505438000000178e-02 1.073140621453999977e+01 1.906054776830000019e+00 2.943356994030000173e+00
6.811049281479999884e+00 7.873572190039999974e+00 3.529864453455000017e+01 1.777862936720000064e+00 8.859164664959999769e+00
3.900410950359999962e+00 9.390627239500000112e-01 1.965084547916000091e+01 4.874265989869999594e+00 5.928108563400000364e+00
9.439582246300000090e-01 -3.484830923999999996e-02 4.812227616020000376e+00 1.932501269539999900e+00 9.583847725599999867e-01
4.883711412830000320e+00 1.929021566240000096e+00 2.862445954124000025e+01 3.859321623520000077e+00 9.155365639300000469e-01
9.659306734299999420e-01 -9.061901567999999796e-02 1.945437564889999971e+00 -1.567539621000000119e-02 -3.501559530000000059e-02
3.341000734323999666e+01 1.272976662378000015e+02 4.404731243796000228e+01 8.732325148199999276e+00 3.638573750439999799e+01
4.932094058239999690e+00 5.802763744499999987e+00 -1.118850578099999937e-01 9.693475247799999694e-01 -6.763165064999999976e-02
-3.485003939999999772e-02 1.898227860230000008e+00 -5.806169099999999861e-02 2.984197288799999903e+00 -3.685111037999999617e-02
2.933036708699999995e+00 8.797648087440000708e+00 1.188458906079000066e+01 -3.040456580999999908e-02 5.930452039200000414e+00
1.974351040579999994e+00 4.892364286430000320e+00 7.840982858210000295e+00 -1.069622333999999987e-02 2.953211681640000030e+00
2.672773641071999862e+01 7.577131923608000363e+01 1.202143096885999967e+02 1.865589073039999990e+00 2.250009770512999907e+01
1.979581118240000048e+00 9.092691816400000349e-01 8.607953699199999420e-01 1.990718291000000084e+00 1.961146608499999999e+00
-1.451053844999999898e-02 9.374622311800000496e-01 -9.133584624000000429e-02 -7.157166480000000212e-03 -2.467904031000000067e-02
2.954822222459999814e+00 8.805140635229999901e+00 2.071256220120000080e+01 -2.074708727999999974e-02 6.917480917899999859e+00
1.931207995999999927e+00 7.900841446730000328e+00 6.788570671779999621e+00 1.378143612292999975e+01 7.946018457200000107e+00
1.092582346268000038e+01 4.893959850349999918e+00 8.773392094740000147e+00 1.774958429610000010e+01 1.942352032699999898e+00
3.938871420579999949e+00 1.912555639999999890e+00 3.805263610239999927e+00 1.179565741362000075e+01 1.952743719529999922e+00
3.945814184920000134e+00 -7.348903848000000461e-02 3.841918434130000115e+00 1.083390821695999939e+01 -4.078241135999999961e-02
1.389150548149999942e+01 7.845121066399999954e+00 3.065940554943999885e+01 2.763819576910000109e+01 3.916042404070000149e+00
9.060379644699999568e-01 1.962554521339999969e+00 9.150235317999999562e-01 1.920893576959999960e+00 -2.459131163999999856e-02
7.990096731524999996e+01 2.155677677230000100e+01 7.404849036506999482e+01 8.391813105081999424e+01 1.272047440270000074e+01
3.057487513446999827e+01 1.582443596355999915e+01 2.162733240064000029e+01 3.258847046040000350e+01 1.889846288840000055e+00
2.877761863199999937e+00 1.948084702400000090e+00 1.887594351139999960e+00 7.875802052000000053e+00 -3.214753596000000102e-02
2.912156233860000221e+00 -3.586523345999999973e-02 -7.347325859999999376e-02 2.918333402400000054e+00 -2.272448682000000053e-02
9.801614597500000192e-01 1.385800728835999962e+01 9.690035537440000013e+00 9.407570616999999524e-01 4.927809742250000014e+00
3.939181312000000101e+00 1.858500838512999920e+01 6.704310058699999786e+01 2.482089549324999922e+01 9.779448456640000842e+00
-1.171063575000000009e-02 4.925932239199999785e+00 1.824717642680000029e+00 7.967499582680000358e+00 -4.040630243999999982e-02
-6.475706999999999817e-03 9.561317041000000350e-01 -9.561195044999999670e-02 -1.828643930999999945e-02 -2.378981420999999943e-02
-2.789135612999999944e-02 1.480409223764999993e+01 2.556206377999999901e+01 3.918745653519999816e+00 6.901446026680000401e+00
-1.989510497999999808e-02 4.909313525900000030e+00 2.902294443360000198e+00 1.944258392000000057e+00 1.958130550819999982e+00
4.861754296520000018e+00 4.838380103416000111e+01 5.130931014069999918e+01 1.464368179298999983e+01 2.370938444160000103e+01
9.590993262100000472e-01 4.821378809719999659e+00 1.180639261740000023e+01 6.888474152079999691e+00 5.918197812449999873e+00
9.775819839699999569e-01 8.923371587199999677e-01 -1.175090238899999945e-01 3.938032411240000030e+00 1.954291972160000057e+00
9.456033807999999485e-01 1.175622710933999926e+01 9.721467944649999637e+00 9.844769523160000091e+00 8.889245038800000387e+00
1.378896618505999960e+01 2.918845952579999903e+00 5.833775106420000078e+00 9.752597045739999970e+00 -2.539235708999999785e-02
7.116696688860000108e+01 2.067791900339999955e+01 4.837731805984000033e+01 6.403410944767999524e+01 6.903326593150000079e+00
3.550258405440000331e+01 1.480595049104999994e+01 3.560848507520999817e+01 4.041843647459000266e+01 -6.207352136999999548e-02
1.578083368947999965e+01 3.917051974300000072e+00 6.805690770220000019e+00 1.777285430387999909e+01 1.975275753590000072e+00
9.236498552199999823e-01 -2.881905641999999920e-02 9.412289474499999642e-01 2.916124350960000111e+00 -8.887969620000000029e-03
2.888644601999999839e+00 3.913794017409999881e+00 2.663777053611000056e+01 2.894784897720000139e+00 3.930046357989999795e+00
2.349778920837000129e+01 3.255834455808000172e+01 9.140016257912999720e+01 4.056835894448000346e+01 1.669489399196000079e+01
8.854229192400000059e+00 6.872730337600000183e+00 3.256826047223999865e+01 6.860485425850000318e+00 3.906021971019999928e+00
1.904789094320000098e+00 3.924187285359999944e+00 1.969507581427999909e+01 9.038570370399999776e-01 4.939298182039999929e+00
5.910971940959999671e+00 1.928546620309999904e+00 9.710689446370000866e+00 9.169792930000000286e-01 3.942106980160000163e+00
2.886803205510000137e+00 3.909851066199999892e+00 3.870226003900000045e+00 4.924329289700000167e+00 9.695867744799999688e-01
6.499788480102000676e+01 5.020616059187999980e+01 5.686248751275999780e+01 4.235574606288999888e+01 8.736714956160000156e+00
3.463213998230000357e+01 2.167131228295000156e+01 1.453657860743999919e+01 1.773547665974999887e+01 3.893706721300000062e+00
6.875702969559999822e+00 7.918113233059999700e+00 3.850993169500000146e+00 3.918647582769999804e+00 9.649916704000000012e-01
-6.680415060000000071e-02 -5.232217680000000176e-02 -7.783845822000000358e-02 9.572530859200000242e-01 -1.674659528999999925e-02
-4.601695698000000251e-02 2.938301551559999947e+00 5.795759703659999929e+00 3.940507195329999934e+00 1.951260685670000106e+00
1.471982293103999950e+01 3.459410737999999697e+01 7.474455982336000659e+01 2.470737044679999883e+01 1.771324013394000119e+01
3.925916930200000099e+00 4.898289770959999956e+00 1.065429893764999925e+01 9.897191203600000264e+00 1.919415142819999920e+00
1.955103596210000072e+00 -6.115795649999999917e-02 3.798011360289999860e+00 9.383824057599999824e-01 9.530339060800000484e-01
3.913481405200000207e+00 6.885735082000000062e+00 1.960050617911999993e+01 9.880322619879999380e+00 6.904501331289999655e+00
