1.079940235790000003e+01 -2.920070898000000012e-02 6.851176603719999925e+00 3.446186913467000323e+01 1.972746471080000008e+00
8.829176870879999584e+00 3.977226643449999877e+00 -1.018871686800000009e-01 5.611038638280000157e+00 9.777673224999999801e-01
2.349238458624000003e+01 9.360992134000000187e-01 1.268595239871999958e+01 6.285361433535999964e+01 9.401620794399999648e-01
6.832427379010000301e+00 -2.034962918999999940e-02 5.902768502339999834e+00 1.167561525890999974e+01 -1.901677661999999838e-02
1.480490807450999924e+01 -2.554623765000000116e-02 1.088271520760000044e+01 2.457343222720000142e+01 9.767899602999999820e-01
9.553998642400000074e-01 2.855322601680000183e+00 1.178654597148000072e+01 8.926184026079999612e+00 -5.433260327999999556e-02
2.057074311224999974e+01 6.565962232587999381e+01 1.031299833263999943e+02 8.386147215359999407e+00 3.153976763900000080e+01
9.578086365700000382e-01 1.856742298399999935e+00 1.807040333900000073e+00 1.933102163180000055e+00 -5.217849575999999878e-02
9.663778242099999582e-01 8.886644405200000429e-01 1.837431935659999960e+00 2.943499029959999902e+00 -4.283450424000000145e-02
3.901807638220000207e+00 1.667469914000000131e+01 3.253538010065999941e+01 1.284444987772000069e+01 4.877273433200000063e+00
4.905490479800000081e+00 5.868672775440000322e+00 3.644186496399999697e+01 5.828625568679999702e+00 9.873348286600000634e+00
1.185728909376000040e+01 1.579164896013999986e+01 5.516423063570000096e+01 1.268850951525999982e+01 8.807930865719999503e+00
2.958343621320000061e+00 -5.785994024999999846e-02 3.763416803800000210e+00 4.885865716369999667e+00 9.437300468200000569e-01
4.895296548800000203e+00 4.858356271999999976e+00 2.038641706848000013e+01 1.876042297089999877e+01 4.862967440000000252e+00
6.891225757720000011e+00 4.834063037119999962e+00 4.335788205475999746e+01 1.773110480624999852e+01 7.855169506010000191e+00
5.811328742819999782e+00 -3.833616599999999791e-02 2.796189954599999972e+00 1.076513475710000023e+01 2.940131020799999995e+00
4.611797327720000084e+01 1.180478395091999921e+01 7.300056440170999394e+01 6.786167209872000683e+01 1.670428537333999941e+01
2.066111907284999916e+01 2.927590728779999818e+00 2.061257447927999920e+01 3.455263926800000007e+01 6.883758034000000414e+00
6.798175947429999866e+00 2.952748099199999920e+00 6.764692683399999851e+00 1.471303576931999935e+01 5.924094281970000431e+00
3.892686566800000136e+00 -2.334825000000000095e-02 -1.228116532499999997e-01 4.851644271799999686e+00 -3.632928975000000033e-02
4.819157634199999762e+00 3.858716965000000165e+00 8.836228128240000146e+00 -7.938775818000000373e-02 1.951543907840000092e+00
1.194644610651999983e+02 5.972171037540999805e+01 9.057382013881999683e+01 4.327980296335999810e+01 1.357564733905999965e+01
2.157859207623999964e+01 1.864327799260000162e+01 1.861672116088000095e+01 4.798736819780000218e+00 4.882231362199999758e+00
9.785515101490000589e+00 4.819368196130000115e+00 4.791994144880000306e+00 4.897259502799999886e+00 9.375364223200000069e-01
1.911680899130000055e+00 9.331030773999999806e-01 1.923780247400000087e+00 9.567317796400000018e-01 -2.560003785000000004e-02
9.439308749799999454e-01 -4.186170720000000067e-02 1.919350742150000011e+00 -2.387463335999999783e-02 9.760446744399999819e-01
9.060846892562000221e+01 9.758040806159999647e+01 1.356529573649999918e+02 3.230168084708999743e+01 4.034959209355999832e+01
7.812030970700000410e+00 7.804533489199999785e+00 1.569671469294999966e+01 2.904239953199999835e+00 9.137356925499999782e-01
9.232251446799999428e-01 4.924903035379999849e+00 8.818477915600000383e-01 9.622849808800000293e-01 9.668908749700000360e-01
3.912093533380000210e+00 1.879346859860000052e+00 3.819799677459999820e+00 4.943530576219999695e+00 9.466819767999999913e-01
5.919206313480000148e+00 3.899714308240000094e+00 2.854184439638000015e+01 9.783166528360000669e+00 3.894883606750000116e+00
3.889884642340000198e+00 6.860191160950000366e+00 3.037176622911999857e+01 9.703876140280000229e+00 6.857914276869999881e+00
3.955643913189999861e+00 9.423272637099999738e-01 7.746180129349999888e+00 5.885154830400000314e+00 -5.636864519999999767e-02
1.945091209699999935e+00 -6.887557494000000335e-02 6.696672934209999539e+00 8.867964349439999339e+00 3.930366401140000132e+00
9.893199528460000280e+00 1.870465156399999884e+00 2.241645452284999962e+01 1.173184931856000013e+01 5.867062965239999706e+00
9.218599350399999670e-01 1.967232804320000028e+00 1.931996949770000027e+00 9.269741381499999600e-01 -2.574273959999999820e-02
1.153011743542799934e+02 3.827827462781999657e+01 8.533185987102000070e+01 1.133643919917400069e+02 2.648245846229999856e+01
1.964540130716000021e+01 6.860276338930000328e+00 2.766745819116999883e+01 1.368705725977999954e+01 9.891281333440000267e+00
6.829472384799999851e+00 4.926542314999999839e+00 8.295818158000000109e-01 5.849487379500000195e+00 5.941499762040000299e+00
-7.352208000000000354e-02 9.688708171000000036e-01 9.305011203399999875e-01 9.338945351499999825e-01 -2.234050874999999811e-02
9.293254928199999876e-01 9.902049032800000816e+00 8.860892932800000565e+00 4.833823283600000131e+00 3.946343247759999784e+00
2.182024802056000112e+01 6.761125986099999707e+00 6.641053275760000041e+00 3.861549235199999686e+01 4.869602006630000091e+00
8.853912376289999386e+00 8.797421638170000335e+00 9.713097342279999324e+00 1.765478417058000105e+01 5.893953419759999868e+00
7.793148193999999584e+00 2.071719118109999869e+01 2.159982183765999864e+01 1.951363469809999884e+01 6.851082459039999684e+00
1.289546909337999914e+01 4.849577459599999862e+00 1.379242002506000020e+01 1.475038258512000056e+01 1.925307389000000091e+00
5.864098857720000169e+00 1.967853985220000101e+00 3.917567763670000147e+00 1.571499470572000057e+01 9.839627946100000244e-01
2.379516278387999861e+01 2.943024214439999842e+00 5.854168920300000245e+00 2.849837217913999865e+01 -2.874758040000000014e-02
2.273985941341999961e+01 -6.054280848000000159e-02 5.841676907520000128e+00 3.044975797984000110e+01 9.702365337999999673e-01
2.576056804298000102e+01 1.931840819840000112e+00 4.834889389399999793e+00 3.341528219445999781e+01 -3.199829021999999606e-02
1.678438740896000070e+01 9.480584146599999595e-01 3.877932748900000171e+00 2.354885318139000105e+01 -2.385855485999999887e-02
1.181015479200000051e+01 5.899508798280000299e+00 6.866871711279999957e+00 1.278778142964999986e+01 -2.107634255999999914e-02
1.057488165337399977e+02 3.342515163136000211e+01 7.310523123199999418e+01 7.668678751295999518e+01 1.186447700865000066e+01
3.660241990456000138e+01 6.812950715979999572e+00 7.716147655670000383e+00 3.456542761280000065e+01 3.956160065440000206e+00
3.164262854108000056e+01 5.833682686230000414e+00 1.074769685597000013e+01 2.762260054425999911e+01 -3.627141282000000133e-02
9.300886861599999555e-01 -3.541224825000000020e-02 9.451590390999999869e-01 9.212765050000000233e-01 -8.080391520000000660e-03
1.945156411459999957e+00 1.470908698530000080e+01 2.166030483007000029e+01 -7.096305672000000064e-02 4.911580764500000029e+00
1.570414455889000038e+01 9.658044023317999915e+01 8.248553421312000467e+01 1.269226858432000071e+01 2.450884720443999854e+01
9.796754751399999739e-01 3.900567665920000149e+00 -1.035583768799999971e-01 9.766248555700000056e-01 -3.032860643999999925e-02
-1.930403664000000102e-02 -9.509213051999999833e-02 8.875868707899999821e-01 9.778554002799999534e-01 -3.080196639000000111e-02
9.421924902399999580e-01 1.369516906309999982e+01 1.364747242774999947e+01 6.933641065089999778e+00 3.903041926749999835e+00
-2.033397107999999898e-02 8.806112732429999923e+00 2.663059557960000134e+01 1.904329979839999964e+00 2.910680013719999959e+00
9.622545021999999726e-01 3.266313236591999924e+01 5.333839491599999860e+01 4.834269839840000138e+00 5.834984451000000405e+00
-1.298612006999999915e-02 4.880974835119999966e+00 1.375923046379000070e+01 9.369739178200000573e-01 1.943036482699999956e+00
-1.049391935999999942e-02 2.914212021149999998e+00 3.801880668729999968e+00 2.948318468400000114e+00 1.951735035440000043e+00
-2.490561108000000079e-02 1.179877491731999939e+01 3.453406428968000341e+01 3.878366026000000133e+00 3.890309994399999916e+00
3.880628837949999799e+00 -2.699201231999999798e-02 -5.567559299999999545e-02 9.806379550480000873e+00 -1.490155379999999995e-02
1.667890851884000014e+01 1.291877458671999968e+01 2.838818184239999987e+00 2.541006896480000066e+01 3.955411779339999878e+00
1.874139490450000167e+01 1.934835126589999899e+00 1.875139936939999918e+00 2.252054786504000106e+01 9.667122343299999754e-01
1.277352865101999946e+01 1.936276134409999905e+00 2.874720227340000100e+00 3.148732402538000130e+01 -3.240640547999999732e-02
1.879714224892000018e+01 1.949128467590000025e+00 2.898100279559999937e+00 1.861639700617000059e+01 -2.918899961999999945e-02
6.874223608240000338e+00 6.893788000749999867e+00 1.079065478314999993e+01 6.879130711360000205e+00 1.966914612020000064e+00
6.296533420419999771e+01 6.903757280275000596e+01 9.123569819381999935e+01 7.801109313406000467e+01 1.271721911476000066e+01
8.864286158880000599e+00 8.862714622800000441e+00 1.173239394636000021e+01 1.085721517316000018e+01 1.957437999199999945e+00
2.863000543890000138e+00 8.879044028399999178e+00 8.781588270900000381e+00 4.861751014400000237e+00 1.966560342319999988e+00
1.934913694700000075e+00 -6.220260782999999932e-02 2.879039031510000068e+00 -6.853462650000000100e-02 2.981249808959999914e+00
-1.655440902000000075e-02 1.273198882404999921e+01 1.367797842661999930e+01 1.860047260400000013e+00 5.905832776079999569e+00
-2.092661406000000113e-02 1.865724593635000161e+01 3.159815667367999836e+01 7.820186318000000192e+00 5.879679813600000138e+00
9.887169268000000066e-01 3.835607723319999884e+00 1.379720498504000048e+01 6.908582705019999715e+00 9.367572768399999861e-01
9.904744340200000163e-01 3.848999518119999852e+00 6.820062665830000093e+00 3.921890781460000142e+00 1.948524375260000108e+00
9.775128213099999464e-01 1.466880663299999910e+01 2.059818730626000161e+01 8.809439957280000399e+00 5.872664566410000120e+00
2.944605586349999804e+00 7.837793709199999626e+00 8.876196230399999720e+00 -3.683561508000000179e-02 2.954211331799999840e+00
2.356960917299999991e+01 1.025944767855500004e+02 5.394306027825999905e+01 1.667058717824000169e+01 3.356425963654000100e+01
9.887603500899999176e+00 1.268272580584000053e+01 6.743727983950000393e+00 6.925182085240000340e+00 6.901373323509999658e+00
5.931635343900000024e+00 9.810327127600000807e+00 -1.583294768999999880e-01 9.550863027100000568e-01 1.940137897700000114e+00
7.952575706900000263e+00 3.866308143249999940e+00 5.896985220600000410e+00 9.685815904000000254e-01 9.595581126400000160e-01
-1.637024175000000026e-02 5.778428828640000070e+00 1.578371311473999938e+01 4.981501012639999892e+00 5.911513928969999832e+00
8.996239495000000197e-01 1.055612903508800002e+02 8.162926272560000029e+01 1.873749374299999992e+00 4.247170830916000028e+01
9.795664507600000404e-01 2.470388515396000173e+01 1.675022596999999891e+01 9.750245661099999905e-01 5.884937384279999684e+00
2.979985567439999983e+00 1.672436482783999878e+01 1.472285412599999965e+01 -2.392124400000000123e-02 1.896150036889999946e+00
1.977305987000000043e+00 1.468867168535999923e+01 1.769786117505000078e+01 -2.673474173999999814e-02 7.884348955730000164e+00
3.907123334500000045e+00 9.781699783599999698e-01 -5.152397606999999796e-02 5.847851231339999956e+00 -1.647770039999999978e-02
3.056719443340000097e+01 7.900146573649999837e+00 2.775246215520000170e+00 5.037878831351999764e+01 1.923527588960000090e+00
1.970695154990000120e+01 3.928617654880000032e+00 2.844157026269999999e+00 3.353670256659999893e+01 1.949300855840000013e+00
2.961360945678000078e+01 1.907914481750000002e+00 1.379204659562000046e+01 3.537842644439999873e+01 2.932144519620000001e+00
1.387581002968999933e+01 -2.794585616999999828e-02 5.930389136219999635e+00 1.180145673660000050e+01 -2.098706678999999811e-02
2.961127861050000032e+00 1.276319858979999999e+01 1.676011999039999978e+01 1.903662589250000092e+00 1.942262573060000053e+00
5.873164943099999924e+00 5.424586058242000064e+01 5.412122856351999900e+01 6.667755253810000227e+00 1.182064964123999928e+01
9.787435263999999524e-01 8.817336204400000321e-01 -1.330799079599999934e-01 -5.070356675999999896e-02 -2.901390515999999892e-02
-1.938764483999999913e-02 3.884101572820000126e+00 4.868923090550000055e+00 2.952887718089999947e+00 9.705519153999999649e-01
2.953546705740000000e+00 1.071920706212000063e+01 1.966645741673000103e+01 6.879833588050000337e+00 1.932750689599999960e+00
3.935419615299999840e+00 -5.884028730000000207e-02 2.841299535000000098e+00 1.581068658777999936e+01 1.983229835329999968e+00
4.833177710360000212e+00 1.085485539611000050e+01 2.160335931339999860e+01 2.850962850290000006e+01 9.586827942400000246e-01
1.186963586543999938e+01 2.889243603480000200e+00 1.369132550698999928e+01 2.163411694119999851e+01 -3.427766747999999586e-02
4.939114388990000215e+00 1.945959861800000024e+00 3.857635088499999920e+00 4.819881015230000010e+00 9.844415993799999764e-01
7.905568837579999730e+00 1.920659882780000105e+00 1.477732563294000023e+01 2.273144150705000044e+01 9.766215467200000111e-01
-2.952442709999999765e-03 -2.401326000000000068e-03 -3.576904919999999901e-03 -2.887663769999999908e-03 -2.330036279999999922e-03
-3.026220750000000077e-03 -2.882858040000000135e-03 1.995605557219999993e+00 -3.558948839999999825e-03 -2.560434299999999989e-03
-2.630709900000000045e-03 -2.696311800000000120e-03 -3.909390480000000251e-03 -2.656578059999999911e-03 -2.133909360000000102e-03
-2.388980790000000062e-03 -2.342465729999999857e-03 -3.082620239999999800e-03 -2.627886239999999759e-03 -2.214637199999999837e-03
-2.213620649999999915e-03 -2.281387680000000057e-03 -2.843510669999999973e-03 -2.362309109999999931e-03 -1.926643320000000041e-03
9.604798675300000310e-01 4.874511300800000058e+00 1.387398423055999963e+01 5.910278950320000391e+00 2.929158906600000112e+00
1.581951153534999932e+01 6.142383475036999840e+01 3.445070323201999685e+01 1.359805761878000041e+01 2.367450216825000098e+01
2.908836219629999942e+00 2.870002518400999847e+01 2.868986054827999865e+01 8.788526212500000767e+00 3.834142958200000173e+00
9.508461179499999583e-01 9.854243539929999685e+00 9.828894850750000245e+00 3.884918823130000032e+00 8.908348402799999732e+00
2.912381777549999828e+00 2.270328104705000172e+01 2.069505097320000075e+01 8.792581547159999289e+00 8.835756066720000135e+00
4.935850903040000404e+00 6.879076222660000184e+00 8.810900040599999983e+00 2.363515194624000060e+01 2.949072797099999921e+00
4.921323857600000018e+00 1.844929058329999982e+00 9.776001319389999722e+00 2.155516151241999978e+01 -6.275531214000000524e-02
1.928286776360000010e+00 4.858285311949999574e+00 5.796422823120000345e+00 2.257506078484999890e+01 4.940834068400000056e+00
-4.568798519999999613e-02 3.911898406000000161e+00 6.864409576959999981e+00 1.173761628851999994e+01 2.962267290479999815e+00
5.901900783360000347e+00 7.802729046529999657e+00 1.669622234335999877e+01 2.642313313241999850e+01 -8.031930515999999298e-02
7.848467717480000161e+00 -3.419770104000000033e-02 7.804820431699999617e+00 2.454327043054000157e+01 3.960516582399999930e+00
9.312647769999999880e-01 1.984754128160000075e+00 1.912214589500000006e+00 7.810757984799999720e-01 -1.899468144000000108e-02
2.067413257496999890e+01 -7.151761349999999351e-02 1.860243507910000105e+01 6.103076926688000015e+01 -8.750676807000000446e-02
-6.198232265999999852e-02 9.857375524000000500e-01 4.929618277850000396e+00 7.807623319250000193e+00 -1.771874999999999839e-02
7.846968151519999601e+00 -3.313216709999999843e-02 1.280863898554000002e+01 2.854582453307000023e+01 9.602887253499999831e-01
5.858422016459999604e+00 3.955506068200000058e+00 5.844767979300000249e+00 2.350565680884000130e+01 9.588692554300000115e-01
8.935052281920000894e+00 1.979135909030000029e+00 -6.493148325000000498e-02 7.823979290800000541e-01 9.815703453999999883e-01
1.673556958700000052e+01 1.091245312883000018e+01 9.711397982530000306e+00 3.515838205176000031e+01 9.229881289600000427e-01
-3.988471589999999928e-02 9.869203800100000423e-01 9.544159264599999526e-01 8.727041341000000285e-01 -1.088756316000000050e-02
1.386604919840000072e+01 9.570724753599999524e-01 9.859931909920000237e+00 3.455630768510000195e+01 2.961923908799999783e+00
1.368592248380000065e+01 1.905394225880000070e+00 6.846145862200000209e+00 4.891346479310000106e+00 2.926600061519999851e+00
7.502191197033999970e+01 2.369939233991999927e+01 3.452190017299999880e+01 1.866096556327000044e+01 1.775925267318000067e+01
6.787117329503999485e+01 1.964841690476000124e+01 3.347416077937000267e+01 2.461277265388000046e+01 5.741896801560000263e+00
9.153268403500000039e-01 -2.714037839999999813e-02 2.956088276760000078e+00 -3.154729031999999739e-02 -1.905785658000000091e-02
1.897747608800000041e+00 -3.219901389000000280e-02 1.947650631499999951e+00 4.962582218479999696e+00 9.738401508999999789e-01
9.196257768400000199e-01 2.961377079420000058e+00 3.868291697170000099e+00 2.355649282679999956e+01 9.403472567799999737e-01
2.957182920480000199e+00 -1.910042370000000073e-02 1.931169511280000028e+00 3.767375098030000036e+00 -2.945887055999999934e-02
6.830904819579999732e+00 1.391949490190000027e+01 1.872178409980000069e+01 4.202279623194999658e+01 3.875834142580000030e+00
9.634348179999999706e-01 -1.713716189999999959e-02 2.942553052830000127e+00 7.803213164089999765e+00 9.748492464700000415e-01
4.918024231879999597e+00 -3.776691743999999878e-02 2.866804999679999799e+00 3.554562227040000266e+01 9.417453297400000256e-01
9.806651128900000236e-01 -4.675296996000000149e-02 -1.188497010599999931e-01 1.952002542800000073e+00 -2.877695423999999946e-02
1.178572799055000075e+01 3.148493763092000108e+01 1.258243740351999946e+02 3.736725613616000174e+01 1.968436111888999918e+01
6.948968767990000295e+00 3.874997689599999795e+00 1.669328584631000112e+01 1.852180192100000067e+00 9.277601524299999847e-01
9.547982092000000254e-01 3.885164866299999797e+00 1.270454530557999995e+01 2.859905004959999886e+00 1.928821742480000045e+00
4.925786909000000158e+00 6.834021582130000105e+00 2.555086008680000020e+01 1.380613773470000005e+01 7.887953775679999779e+00
3.902329616799999901e+00 9.584876296000000018e-01 4.829720503999999970e+00 2.857266954497000100e+01 -3.471861041999999703e-02
1.086978150506000063e+01 9.437093642799999627e-01 6.771089762079999907e+00 1.544939356569999944e+01 1.955293418899999969e+00
2.867256505019999846e+00 2.940000291660000098e+00 1.775983441113000083e+01 2.540983784587999850e+01 4.952245092440000107e+00
4.877342075839999680e+00 1.942874836669999938e+00 1.778314060350000148e+01 3.345128046880000028e+01 2.957125002240000189e+00
4.906125382909999999e+00 -4.014863738999999848e-02 6.838929321910000247e+00 1.659251617712000026e+01 -3.226525812000000104e-02
1.178334250976999975e+01 4.911368251279999875e+00 1.974499435118000079e+01 1.169847313572000047e+01 1.930988515159999919e+00
2.159160021291999954e+01 2.828550857519999795e+00 2.449785645700000103e+01 3.043406584417000005e+01 8.874544501889999992e+00
2.851134107780000093e+01 8.793502891379999298e+00 3.441096046213999671e+01 3.931721808484000036e+01 1.084097436535999925e+01
1.366942651303999945e+01 5.864060278230000200e+00 2.357868480180000148e+01 2.453967582226000133e+01 3.890907519249999780e+00
-6.234168887999999575e-02 -2.755211922000000077e-02 -7.489359360000000243e-02 9.088924263400000036e-01 -2.103947945999999972e-02
2.167352065804000105e+01 2.954672617079999952e+00 8.818218253710000454e+00 1.268141994327999988e+01 4.898417386460000245e+00
4.788625050320000298e+00 -3.146092487999999771e-02 3.870672664629999815e+00 1.277457203712999956e+01 9.275625748000000392e-01
5.410702856692000040e+01 7.868996913950000227e+00 1.564514130687999938e+01 3.613775571846999668e+01 1.471940081412000012e+01
9.808333251040000533e+00 9.726398718400000032e-01 2.896116074400000073e+00 1.181166222791999942e+01 1.938955185920000046e+00
1.915013913859999972e+00 1.988116600159999914e+00 2.950904940960000111e+00 9.172083666699999416e-01 9.738351734500000356e-01
5.848632695040000051e+00 -1.985301738000000080e-02 1.926834368600000014e+00 1.465332675215999991e+01 3.893175424479999869e+00
9.209754919899999503e-01 -1.006730207999999988e-02 -3.717554454000000091e-02 5.819344045980000324e+00 1.948738204729999923e+00
3.146108120959999965e+01 9.304620127299999544e-01 9.747455330979999388e+00 6.579395238729999562e+01 1.963720120736000041e+01
9.214036110100000121e-01 -1.038070242000000039e-02 2.958819425040000173e+00 4.821617446250000327e+00 1.943834982320000071e+00
5.923443317370000294e+00 -9.550185120000000485e-03 -3.559456467000000207e-02 3.835859884420000032e+00 9.458004943000000164e-01
5.804345795999999780e+00 5.883758507849999653e+00 1.471876590047999933e+01 3.856694241910000098e+00 2.887858705979999829e+00
2.359789457144999858e+01 5.770344045299999891e+00 2.340076153992000130e+01 1.872584423289999833e+01 9.770791497399999415e+00
1.949341096396999973e+01 1.868528072727999856e+01 4.825787022400000126e+01 1.063451128160000003e+01 1.571334837424000064e+01
1.768891189572000044e+01 1.081016450875999979e+01 1.854530930826999935e+01 1.377194178649999934e+01 4.821639792530000079e+00
1.932702559400000020e+00 -4.340587338000000128e-02 -1.025258455799999968e-01 1.949141869039999975e+00 -3.761844119999999819e-02
9.417571986699999620e-01 9.785552435200000065e-01 3.879676482069999821e+00 7.786182807980000398e+00 -4.526759601000000105e-02
8.803068199200000166e+00 4.928425142180000051e+00 2.757511737144999842e+01 3.225076489103999933e+01 1.085161538314999952e+01
1.936464612500000015e+00 1.973825852780000112e+00 8.625290113000000369e-01 8.745422262569999106e+00 2.944650820800000179e+00
8.869286169000000442e+00 2.944189115939999990e+00 1.272613187199999985e+01 2.647544821685999850e+01 3.887479473700000021e+00
3.916839762399999980e+00 9.658166327199999568e-01 5.819882689499999984e+00 1.965903276395000177e+01 3.927648790390000144e+00
-3.626531999999999673e-02 3.885424805019999983e+00 4.928336319199999593e+00 2.059747020840000076e+01 -2.616366419999999887e-02
2.947019503799999995e+00 4.837454171780000145e+00 5.897486622749999796e+00 3.950712449643999946e+01 9.608414928399999777e-01
9.439612961500000177e-01 1.482280256129999962e+01 5.884671044940000151e+00 2.541754803823999964e+01 -4.371747389999999789e-02
-1.002479327999999947e-02 -3.158560979999999740e-02 1.979760700099999937e+00 1.890494058800000099e+00 -7.370493750000000135e-03
9.574794436600000402e-01 1.867626870230000069e+00 4.914509554400000368e+00 1.655518592419999990e+01 9.678341661399999518e-01
8.959778641000000210e-01 7.827811926919999941e+00 3.870209131599999797e+00 8.830862405550000460e+00 1.956954539360000078e+00
1.274656964296000083e+01 2.356805536295999914e+01 1.067688765307999965e+01 1.360282748278999954e+01 1.892603153000000038e+00
8.748535867739999361e+00 1.656519163549999973e+01 2.068157532720000091e+01 3.462407384192000137e+01 1.894662098480000001e+00
5.954995797359999621e+00 9.242001351999999947e-01 4.945527494330000273e+00 9.264031505199999961e-01 -1.849204079999999806e-02
5.901856188000000003e+00 2.833793248800000164e+00 5.878963123980000205e+00 6.836287465599999891e+00 1.959651508879999948e+00
1.774828821186000027e+01 2.960162157180000086e+00 6.829590957459999778e+00 1.962251361910999847e+01 1.488754685355000085e+01
8.792343476010000103e+00 9.672521212000000368e-01 1.858657358719999930e+00 1.268506821487000025e+01 2.908504321320000141e+00
2.049093132312000165e+01 2.920954636919999903e+00 1.871532037269999904e+01 4.822324938300999975e+01 1.376746386187999960e+01
1.567441513131999997e+01 9.487328473899999670e-01 1.775811818474999981e+01 2.449823604406000044e+01 8.853574886549999690e+00
-7.576666613999999411e-02 -1.156185495000000042e-02 -5.136289298999999892e-02 1.884673192249999962e+00 -3.425081112000000205e-02
2.461533549145000066e+01 2.892726075360000149e+00 4.881715244779999630e+00 2.161218869409999854e+01 3.881473085560000147e+00
2.913134534040000112e+00 2.974655585189999840e+00 9.732734214399999528e-01 9.140410350100000025e-01 9.734779594000000369e-01
5.913613179563999722e+01 9.758140023159999288e+00 1.673489124439999998e+01 4.012294329544999982e+01 1.374010208294000002e+01
1.475721285422999962e+01 4.930565724320000065e+00 3.925803699489999854e+00 1.075491729560000032e+01 9.277597126000000083e-01
2.888319087300000199e+00 -3.074870969999999801e-02 -3.425449095000000083e-02 4.888540785920000076e+00 -3.283373556000000054e-02
-5.511572909999999659e-02 9.777102920200000380e-01 9.119189006200000280e-01 2.875694419199999796e+00 9.527866584399999894e-01
1.770345323928000170e+01 5.875991792879999842e+00 2.451670378000000028e+01 4.234826271021999844e+01 1.074748400660000058e+01
9.782696176749999140e+00 4.912925732239999732e+00 2.366773473731999999e+01 1.654227171025999965e+01 7.815872057119999994e+00
6.854164113759999566e+00 9.390222620199999426e-01 1.176702697218000004e+01 9.680088677500000571e+00 6.873369903070000397e+00
1.927463975120000006e+00 -2.917817396999999868e-02 1.885087765640000024e+00 6.840093389919999822e+00 2.936534212559999801e+00
1.470904241909999932e+01 -5.511337523999999821e-02 1.084611448280000090e+01 1.562807141386000076e+01 7.880000476400000231e+00
1.854361234550000015e+00 -2.739897414000000073e-02 2.928407084039999830e+00 6.811260806499999987e+00 3.940927396599999799e+00
2.336899377407999978e+01 6.883582447060000220e+00 1.869378341148999922e+01 5.926629821243999885e+01 1.373714279492000045e+01
1.765312902224999903e+01 1.935334759699999907e+00 5.819290973160000213e+00 2.854763725069999936e+01 9.854909117740000113e+00
1.917976321999999900e+00 -1.556381628000000003e-02 9.562036588300000250e-01 8.931240558999999912e-01 9.635450589999999815e-01
5.804992772160000314e+00 -3.491597906999999862e-02 6.880012359100000197e+00 1.670499230488999842e+01 8.825868906399999547e-01
7.831498291189999961e+00 1.968179846600000005e+00 8.897291384400000780e+00 8.746764149880000616e+00 5.904351547710000148e+00
3.335618745699999721e+01 3.883592093349999885e+00 1.560461640423999974e+01 6.802755609732000153e+01 3.062445838374999951e+01
6.857394252819999814e+00 9.734145914799999799e-01 3.914006664279999992e+00 6.774317987919999950e+00 3.916994082790000054e+00
2.923365784980000104e+00 -1.436766903000000033e-02 -4.586746661999999836e-02 8.857163580400000402e-01 3.954127918000000186e+00
1.960627850480000101e+00 1.287265763281000019e+01 7.844881489459999635e+00 1.183441129014000026e+01 -3.647464748999999784e-02
8.886536269200000504e+00 1.962826462640000003e+01 2.253312843511999830e+01 2.553524044531999948e+01 2.892979940700000085e+00
9.498138831100000345e-01 3.840878198920000042e+00 8.793719911440000203e+00 1.081329577111999996e+01 1.955161819820000035e+00
1.969094399779999893e+00 5.896734293939999816e+00 5.869184850149999910e+00 5.851524368309999780e+00 -2.916359316000000090e-02
-4.507187246999999619e-02 8.674361136099999481e-01 7.822311430760000128e+00 7.833215543029999672e+00 9.592683723999999579e-01
-1.679374943999999842e-02 -9.107266023000000488e-02 1.900561103300000054e+00 5.754613744860000324e+00 -1.955005712999999951e-02
-5.922684683999999977e-02 1.368299440832000080e+01 2.271516907118000006e+01 4.212935882835999735e+01 2.932191263100000000e+00
-2.657847168000000010e-02 1.852979339720000063e+00 6.831822590079999813e+00 2.161461531639999833e+01 -2.914825580999999902e-02
9.858112615899999875e-01 2.926847465489999855e+00 5.917024012289999746e+00 2.803452803399999915e+00 9.846545872599999916e-01
-2.851381440000000031e-02 1.854411132979999932e+00 7.834222357639999856e+00 1.460293303793999975e+01 1.969715059849999950e+00
7.856158360490000270e+00 6.823009696119999745e+00 5.783216208089999810e+00 9.269284420000000191e-01 2.939279847689999947e+00
2.069271056163000111e+01 2.066175033420000062e+01 2.251721939360000135e+01 8.832481498350000848e+00 5.869766462550000341e+00
1.064597883068000073e+01 3.057562809399999892e+01 2.641671953459999855e+01 7.800865795430000027e+00 5.841355619399999810e+00
3.894773345499999984e+00 4.876298727800000066e+00 7.837841081239999674e+00 6.946022337099999611e+00 9.550273581999999539e-01
1.913443130269999903e+00 7.893564161299999604e+00 6.867054602799999685e+00 -4.421516219999999803e-02 3.962952633910000078e+00
2.258559433183999943e+01 3.893548095759999939e+00 1.285559360176000077e+01 1.175662768916999923e+01 5.897725628639999940e+00
5.865791424000000198e+00 -3.480765939000000225e-02 9.551436887799999997e-01 3.923143036599999967e+00 3.968964229540000055e+00
5.000573432552999975e+01 1.073830554911000057e+01 1.465806078744000018e+01 2.943262792326000010e+01 1.575688098022000005e+01
1.375917542672000060e+01 4.935785005489999655e+00 2.919391149810000030e+00 6.864067924629999595e+00 1.941753872000000047e+00
3.906394116880000045e+00 -2.851295174999999779e-02 9.634714672599999918e-01 1.941072378499999918e+00 -2.750298705000000024e-02
4.956368505170000383e+00 4.913150176760000321e+00 4.897158681289999649e+00 8.825075188019999572e+00 -3.093420375000000000e-02
8.826961650479999477e+00 1.767327260201999906e+01 2.467488108327999896e+01 3.135522167375000180e+01 6.876148282449999982e+00
3.948540400300000197e+00 3.902276595010000015e+00 3.875855972080000100e+00 7.802160458120000364e+00 9.641260882000000088e-01
2.941813006049999846e+00 3.892181143000000176e+00 2.868064265370000143e+00 8.767986571079999791e+00 2.958721464449999949e+00
9.468187226199999973e-01 1.902821529799999967e+00 2.884128001500000149e+00 9.805422292479999413e+00 9.627591273400000205e-01
3.929196535960000070e+00 8.878940400239999420e+00 2.882116893000000069e+00 1.854932898800000007e+00 -3.332388275999999955e-02
1.275351064960000080e+01 2.259173535332000071e+01 2.956311934526999963e+01 2.544431695549999972e+01 7.886771706230000234e+00
6.875175069880000045e+00 2.788731477029999795e+00 6.782529132879999700e+00 6.703745529399999903e+00 2.939683066500000219e+00
2.925073655399999861e+00 2.866506090240000137e+00 1.879921775989999988e+00 4.847960571619999826e+00 2.963887365000000162e+00
1.930212311600000064e+00 8.876110649039999245e+00 3.881996395779999887e+00 5.839111550850000221e+00 -3.370925645999999637e-02
1.473071153100000075e+01 1.934266580300000093e+00 3.885248089750000133e+00 1.067968509824000023e+01 3.868810896639999886e+00
7.895346628939999611e+00 3.967900914999999973e+00 -5.693137649999999855e-02 3.849960384400000102e+00 1.932319341919999989e+00
4.524386188311999746e+01 7.819109657900000343e+00 1.966215699874999956e+01 4.505908390633000238e+01 2.060995984950000093e+01
7.865618511680000147e+00 9.611343726400000120e-01 2.929890211050000026e+00 4.801747471519999699e+00 4.918186623110000433e+00
1.926298480700000093e+00 -1.848469896000000043e-02 -3.297256794000000268e-02 1.909643447000000105e+00 9.619664759199999526e-01
8.662871697390000847e+00 9.847618211349999484e+00 9.331021072899999824e-01 1.076063469274999918e+01 2.942136428520000013e+00
3.898307765919999834e+00 1.955654929999999903e+00 1.979529592520000048e+00 9.301044584800000070e-01 1.981871832259999966e+00
5.220344927240000032e+01 2.564034656696000170e+01 4.847245184480000191e+00 2.746029483000999960e+01 4.861575147199999947e+00
6.860557059819999637e+00 9.430625371599999918e-01 -2.638943306999999919e-02 1.908270500240000001e+00 9.772760072799999698e-01
5.888342797620000013e+00 9.375531715000000599e-01 9.727950937599999515e-01 6.904278356109999848e+00 1.974817561700000113e+00
6.865702529740000060e+00 3.892835803630000147e+00 8.825582879820000670e+00 9.066147079599999881e-01 9.136133849799999984e-01
1.175257122050999925e+01 8.810676877500000614e+00 1.167038292944999966e+01 9.828847809999999185e+00 1.084632974678000039e+01
1.063398013381999974e+01 1.670633607787999964e+01 2.650736530377000122e+01 1.573765827649000038e+01 1.176099699359999917e+01
1.180942250016000017e+01 6.849525545079999667e+00 1.779845630490000019e+01 4.866336858560000422e+00 8.878735573920000235e+00
9.618480668800000188e-01 -2.909531664000000045e-02 3.944829701200000205e+00 2.972404148879999930e+00 9.748492327000000124e-01
-3.029164613999999964e-02 9.708273397000000138e-01 9.209390913999999650e-01 -1.302469599599999917e-01 9.721893547000000080e-01
9.801733755789999947e+00 9.822987959769999833e+00 3.248410710633000065e+01 5.812904871095000203e+01 1.281645189400000007e+01
2.937707993280000096e+00 3.944450677899999924e+00 3.841134353320000194e+00 5.737938754380000006e+00 2.947071944819999789e+00
8.865471368699999744e+00 6.883968714999999960e+00 1.367173084316000065e+01 3.543777885339000022e+01 3.881190854020000192e+00
1.951721459030000050e+00 1.958566730959999891e+00 8.773735410999999873e-01 5.792867614050000391e+00 9.562902607900000129e-01
-3.395490030000000020e-02 3.931424933440000213e+00 1.945409029399999934e+00 1.765226828304000151e+01 5.924068745099999589e+00
9.679003075000000011e-01 -5.986406249999999540e-02 9.506929663900000049e-01 1.266892307049999999e+01 4.928609379920000144e+00
-4.874285402999999767e-02 1.905669400699999905e+00 3.919527259780000161e+00 2.050325478299999915e+01 1.894971424520000003e+00
-9.817634159999999791e-03 -1.762737308999999877e-02 -1.608060600000000076e-02 -1.050279209999999963e-01 -2.262672224999999829e-02
-2.520579707999999822e-02 1.948141317349999957e+00 9.567280908999999944e-01 1.673227863800000037e+01 9.424333583199999698e-01
9.805902397300000350e-01 -2.034928331999999798e-02 1.929701854459999977e+00 2.871988329000000117e+00 2.959029507449999929e+00
1.906029717050000016e+00 1.906073207569999983e+00 2.367090979800000028e+01 4.237729874133999886e+01 7.813448866789999947e+00
9.743711139999999826e-01 1.973720104040000090e+00 9.054339353200000495e-01 -1.740767695200000076e-01 -5.184925506000000184e-02
-3.158237952000000209e-02 9.682379940699999965e-01 4.891536135139999963e+00 5.792699991030000106e+00 1.938707281369999924e+00
9.603166128400000279e-01 -4.026700511999999760e-02 5.861395715999999645e+00 1.074273056372000035e+01 2.923792276709999971e+00
1.882504400787999899e+01 6.867140663679999868e+00 9.773824052349999292e+00 3.856905305230000192e+00 2.914309160400000209e+00
1.973211603860000096e+01 8.779610544929999705e+00 1.766443257143999901e+01 7.766281777039999668e+00 9.863647388020000406e+00
1.363754146243999976e+01 1.672169380748000123e+01 2.056899825480000032e+01 9.705413124999999752e+00 4.817214391550000308e+00
9.798024645099999930e+00 9.839137105540000761e+00 1.274134517212000084e+01 6.828053442999999945e+00 1.893794657329999964e+00
2.953966805759999925e+00 9.635849920000000290e-01 2.947100028329999954e+00 -3.815760959999999619e-02 2.976521663999999845e+00
1.173336945203999981e+01 9.516527200000000075e-01 3.893352117880000129e+00 1.558921297848999998e+01 3.875534155840000050e+00
9.008647318000000404e-01 1.979888655799999952e+00 9.589015995399999825e-01 1.844548014079999909e+00 9.523411390000000587e-01
2.739805874002000152e+01 8.875508751999999779e-01 9.748065505599999625e+00 4.908148159622000151e+01 2.072557570656000081e+01
6.791574078880000087e+00 9.605384443000000161e-01 3.914683076649999816e+00 1.767931693866000131e+01 1.903776451759999988e+00
5.904683053170000306e+00 -1.665807444000000012e-02 -3.769267608000000103e-02 6.862790419359999561e+00 9.583429960000000580e-01
1.978770705140000086e+00 7.910182275200000390e+00 9.791710987509999242e+00 8.912001179799999839e-01 2.953502460300000187e+00
-6.686333081999999706e-02 1.271489910304000048e+01 3.334047296127999971e+01 2.060918552756999844e+01 8.861859739079999798e+00
4.958780710280000115e+00 1.082098390232000007e+01 2.762971393672000175e+01 7.797823677999999870e-01 5.910224864999999994e+00
-2.130899400000000124e-02 4.903694175200000060e+00 8.788706537939999563e+00 9.886178792709999996e+00 1.951637556799999951e+00
-2.446487064000000058e-02 7.894128545000000052e+00 1.575216369978999964e+01 6.867732237460000277e+00 3.946507928860000014e+00
6.850459389220000084e+00 5.947229305139999589e+00 2.929930101120000074e+00 3.832149078400000075e+00 1.890926875009999897e+00
4.900763234750000308e+00 -3.108895667999999821e-02 9.525347160399999513e-01 8.878478149439999356e+00 5.928207979559999785e+00
2.842683756941000084e+01 8.799169473179999201e+00 1.172990611236000014e+01 3.627521426637999724e+01 2.457185571771999832e+01
9.845201729439999383e+00 2.949793551299999983e+00 2.930938913999999951e+00 1.783194717294000142e+01 6.892001566000000246e+00
1.943349312799999895e+00 1.980633598220000069e+00 2.976816717839999793e+00 2.931515698800000180e+00 9.605387763999999606e-01
2.964447591779999946e+00 3.939556636839999904e+00 6.881581343679999740e+00 -1.048774197599999930e-01 -4.389166440000000224e-02
8.818781498550000819e+00 1.969259365270999851e+01 3.139259865800000071e+01 3.540578249664000055e+01 7.780359713120000187e+00
2.937763138889999848e+00 1.896769228429999954e+00 1.078460904035000034e+01 8.142537159999999608e-01 9.282114042400000375e-01
1.944832944440000100e+00 8.901780177599999178e+00 6.805379939199999839e+00 6.816337496890000125e+00 9.313181470900000480e-01
9.490599942399999822e-01 9.154708583499999719e-01 7.823146122799999880e+00 9.851538832479999286e+00 1.939537400150000090e+00
2.365830251250000060e+01 1.379806756700000037e+01 4.891335719269999771e+00 2.869013324550000021e+00 2.927337435300000124e+00
1.283913854679999922e+01 7.895426002999999859e+00 3.940037081859999901e+00 3.926741672199999922e+00 9.627439835800000179e-01
4.718799291071999846e+01 3.853248800861999968e+01 9.744485370399999624e+00 1.369012531135999922e+01 5.833060332449999663e+00
7.854345320480000225e+00 7.919006091199999986e+00 3.954010299520000160e+00 1.945204658300000000e+00 3.971839718200000036e+00
3.869571378099999848e+00 9.247243105000000352e-01 1.959077043920000039e+00 2.949359971259999824e+00 9.739657576000000372e-01
6.861189211360000151e+00 1.942079187440000076e+00 4.914346294849999630e+00 2.822975826780000030e+00 5.888028129630000329e+00
1.881878568319999889e+00 9.561403500399999755e-01 9.369369656199999508e-01 8.862838645140000082e+00 3.916660104400000009e+00
4.037931054319999902e+01 6.772398271720000196e+00 1.566049403230000081e+01 4.032429496088000320e+01 1.758522449879999883e+01
9.827566654059999962e+00 -5.950939103999999813e-02 9.106877994400000009e-01 1.483837442735999979e+01 8.873787340000000023e-01
9.488093008600000378e-01 -1.827099503999999805e-02 -2.748477015000000065e-02 1.943908277600000067e+00 2.965376999550000114e+00
9.818397315549999504e+00 9.587893821399999794e-01 4.903656652759999623e+00 1.274531346580000069e+01 6.891174544660000123e+00
7.897180751359999640e+00 -1.959491006999999896e-02 2.949111851250000083e+00 3.868319358669999986e+00 -5.579355329999999974e-02
3.834717955472999762e+01 2.872655444189999852e+00 2.767293939880000053e+01 4.718818038522000080e+01 2.463097421248000174e+01
3.877869941500000195e+00 2.976461892480000149e+00 2.937968501429999879e+00 4.849307891599999643e+00 9.317682130600000168e-01
4.930049106320000263e+00 9.841313969199999567e-01 1.963266540500000046e+00 4.905285476899999608e+00 -4.025191967999999787e-02
3.949525000660000007e+00 5.873313987959999594e+00 4.888779185119999759e+00 5.815703667840000257e+00 -2.567403378000000097e-02
2.848446877799999832e+00 2.362308829547999878e+01 1.667605637599999824e+01 2.544021557071999950e+01 3.924979421619999798e+00
4.932335925860000359e+00 9.836208902079999206e+00 1.185498269408999938e+01 6.752268480579999732e+00 1.966210593230000025e+00
9.656439974199999554e-01 1.908524094229999912e+00 -7.617570723000000044e-02 6.865951228900000203e+00 -1.894678127999999823e-02
9.467520223600000007e-01 7.866718995500000311e+00 3.887632084989999903e+00 8.803262696399999143e+00 3.973435150899999879e+00
9.827143063750000351e+00 9.696100230999999958e-01 1.916696210960000091e+00 1.475519284301999967e+01 4.896450273920000207e+00
2.895870177840000004e+00 9.795472440400000425e-01 1.948477341800000096e+00 5.853474782700000212e+00 2.937718424459999866e+00
4.037648922004999719e+01 -1.159071606000000032e-01 1.668848886512000007e+01 5.308508790252000153e+01 2.361456081636000093e+01
3.865891191699999840e+00 1.976321868589999919e+00 4.936225237250000397e+00 9.810719310159999651e+00 1.922426048900000017e+00
-6.735204756000000292e-02 -1.313081279999999892e-02 9.663413434299999993e-01 5.900607216600000093e+00 1.957907462239999896e+00
9.734075380000000166e-01 4.899964815319999722e+00 3.915943500640000074e+00 1.068767447735000076e+01 -2.616563250000000090e-02
1.956268873550000009e+00 -1.801653637500000016e-01 8.843033988000000178e+00 4.046241147421999784e+01 4.950761393569999669e+00
1.962673145839999966e+00 5.860109853960000059e+00 9.874316541969999861e+00 1.956228526721000094e+01 9.625849052499999559e-01
-8.925734249999999273e-03 -3.544948394999999919e-02 9.691819494400000234e-01 8.925212198799999941e-01 -9.301226759999999677e-03
1.969997768480000078e+00 2.883285281550000079e+00 5.893952844660000245e+00 1.563486068887000080e+01 -3.238705296000000261e-02
-4.115055878999999972e-02 -1.766574036000000125e-02 -7.611620705999999625e-02 9.047288027800000076e-01 -4.268393414999999830e-02
1.574634248979999995e+01 5.892278436959999866e+00 2.755132261785999859e+01 2.540123488448000089e+01 1.775439534375000150e+01
3.821311602399999785e+00 7.928173839680000334e+00 1.868107022739999934e+01 1.158950317637999916e+01 6.826769500660000212e+00
8.869285350900000253e+00 1.948116778399999971e+00 9.768071915920000237e+00 1.969540202720000011e+01 6.874701623260000005e+00
5.925478942139999816e+00 -3.290715072000000019e-02 2.864754552720000014e+00 5.825568363000000360e+00 3.925379551899999875e+00
-3.956011812000000127e-02 -1.024957800000000051e-02 9.429274186299999583e-01 5.853351480449999755e+00 -4.466315700000000194e-02
9.866983104910000080e+00 1.966898313199999970e+00 1.376768758144999971e+01 3.049666069368999999e+01 9.850355983000000037e+00
2.876297321640000071e+00 1.969785658639999992e+00 7.768234747790000227e+00 2.153687417320000108e+01 3.859827445030000082e+00
9.379197143199999864e-01 1.985826483110000096e+00 4.898748576020000023e+00 1.077685802803999948e+01 1.930400610680000018e+00
3.926963962929999941e+00 -1.785000239999999863e-02 5.880183309599999575e+00 1.072697521483999950e+01 9.154121762800000450e-01
5.885667221820000350e+00 6.896252075829999661e+00 9.791818767729999706e+00 9.041784863499999769e-01 2.912815733429999998e+00
2.773181190304000054e+01 1.575651770980000066e+01 2.954774492399999986e+01 4.784053861490000337e+00 1.280208270622000022e+01
5.710187099759999718e+00 9.743195682730000584e+00 3.046134181900000115e+01 1.176751985880000007e+01 7.786814211080000270e+00
5.842485647160000184e+00 5.858369560859999936e+00 2.070671892600000064e+01 6.871037682219999887e+00 5.883815414399999888e+00
1.957977932239999941e+00 9.629366558499999895e-01 -7.899413867999999228e-02 -3.220223039999999676e-02 -3.028406129999999807e-02
1.277815031661999967e+01 9.819715310290000332e+00 -5.891504867999999839e-02 1.175157624729000005e+01 2.951246999099999879e+00
5.883627148529999573e+00 1.911001050739999929e+00 9.706175837199999545e-01 2.878570866090000013e+00 2.975381718600000003e+00
2.451233036886999983e+01 1.863833218525000035e+01 4.878264751699999735e+00 1.959755306438000133e+01 1.902180661040000054e+00
-3.894706800000000135e-02 9.665776633599999501e-01 9.892958378499999705e-01 -4.414627655999999595e-02 9.912535552000000250e-01
6.919462996000000032e+00 1.937907483320000068e+00 -1.956416814000000101e-02 5.914201134749999866e+00 -1.765500948000000084e-02
1.069992451234999997e+01 1.949586251239999957e+00 4.887434219000000191e+00 1.159367872800000043e+01 1.899065648899999958e+00
9.040012048900000208e-01 -1.601623530000000073e-02 -3.655784664000000239e-02 3.867100908879999910e+00 -3.274963649999999837e-02
3.130676004524000078e+01 4.882489499480000106e+00 9.742940372350000544e+00 5.405439895543000262e+01 1.876103857980999834e+01
1.872187512030999912e+01 2.951600232000000101e+00 -1.063958546699999980e-01 1.262792550532000035e+01 3.902684984049999972e+00
8.918016069699999937e-01 -1.776251510999999825e-02 2.959992202170000031e+00 3.841499519950000163e+00 -3.728738447999999789e-02
-3.967093260000000010e-02 9.055823337999999723e-01 1.481751183084000090e+01 5.858527606440000035e+00 1.951600838689999895e+00
1.084156698079999970e+01 2.663701243199999880e+01 3.930466261341999967e+01 3.751022203256000154e+01 7.817657899760000362e+00
8.915198965649999252e+00 8.812358814150000441e+00 1.660992242749999903e+01 1.070046086924000051e+01 4.900474125499999722e+00
3.925854304240000037e+00 8.827445287710000699e+00 2.868299594623999837e+01 1.775464954199999923e+01 4.910902057400000409e+00
-4.114023047999999794e-02 2.898736538610000135e+00 8.805966646499999939e+00 4.853795189539999555e+00 1.949940036559999923e+00
1.373929864069999951e+01 2.378748591005999913e+01 6.881490707920000283e+00 4.906716411559999713e+00 9.451196131600000383e-01
2.271570413044999981e+01 1.076933271008000048e+01 5.869537925100000386e+00 5.892865633499999589e+00 2.939903495039999815e+00
3.159020145146000047e+01 1.266430649980000034e+01 2.807077597950000225e+00 1.484683212336000047e+01 1.913194383320000025e+00
4.904227216759999841e+00 1.923370800500000088e+00 2.956193450399999811e+00 1.965430236800000063e+00 9.792228601000000365e-01
5.889273568620000177e+00 3.907910179839999998e+00 9.473198258799999660e-01 9.593506554399999775e-01 -2.392065026999999969e-02
1.376148441920000032e+01 9.615629695599999804e-01 1.182593697455999937e+01 2.060471878338000096e+01 7.895401622809999687e+00
5.824378505400000350e+00 9.756515328399999465e-01 2.887596474149999981e+00 1.073997987175999924e+01 1.930705368319999948e+00
2.344618484789999968e+01 2.919588118320000092e+00 3.360091844238999670e+01 5.214458786840000215e+01 9.778348011700000342e+00
1.570733044764999953e+01 9.592022488600000507e-01 1.581142347069999943e+01 3.156626608672999978e+01 6.880489157499999564e+00
2.915948923589999797e+00 -1.171451807999999983e-02 1.946345098609999935e+00 4.876143759409999667e+00 9.666168479200000219e-01
4.883850239540000082e+00 -1.566172260000000052e-02 6.898614422199999652e+00 1.763455207643999856e+01 -3.956980085999999702e-02
5.891296093260000255e+00 -1.616049224999999839e-02 1.897782425029999942e+00 1.962138523160000148e+01 2.959390773119999984e+00
1.178849280000000022e+01 2.969758956180000187e+00 3.803836860040000101e+00 4.531301574004000088e+01 5.923439078640000410e+00
2.878198162409999927e+00 -1.780075440000000037e-02 4.887787722439999705e+00 2.357580958368000168e+01 1.956361582099999996e+00
4.902987446960000106e+00 -1.367050608000000035e-02 3.910629790479999812e+00 1.667898497959999915e+01 9.650447488900000259e-01
-3.580680653999999963e-02 5.880175792800000245e+00 1.178997351321000053e+01 1.890493866829999980e+00 1.957938937220000009e+00
7.897192337599999945e+00 2.572788718573999844e+01 3.739310376022999804e+01 1.868784384267999954e+01 4.881970583510000239e+00
-4.941290303999999745e-02 4.841044696850000051e+00 1.371459306560000080e+01 7.851284105300000427e+00 9.450639370000000206e-01
9.752748472000000168e-01 3.919245775059999826e+00 8.857722528000000040e+00 3.925113232000000174e+00 -2.733848414999999824e-02
1.968213093859999985e+00 2.899120882800000132e+00 6.825839611750000202e+00 2.907869495159999929e+00 9.649760859999999552e-01
9.711504284499999917e-01 -5.946443280000000137e-02 3.897772171240000194e+00 1.877365497800000060e+00 -2.729038229999999898e-02
4.843034312000000341e+00 2.266521921589999877e+01 3.546749475720000078e+01 2.432775300720999923e+01 9.847463046130000563e+00
9.724195558899999536e-01 -5.798595842999999805e-02 2.906294408039999944e+00 1.878827991679999920e+00 9.726826349799999605e-01
-5.428848581999999590e-02 3.889515918999999933e+00 1.382175012991999985e+01 9.766300063599999248e+00 9.481304544399999923e-01
2.942224040550000197e+00 1.087740618409999982e+01 8.800003734300000602e+00 7.736190225199999659e+00 1.944708256279999992e+00
-2.289954887999999869e-02 9.191498030200000446e-01 4.881109897760000038e+00 1.362513993800000023e+01 9.460421537500000033e-01
-3.072351870000000068e-02 4.895381849089999626e+00 2.848594466279999793e+00 2.751628723425999823e+01 5.932772125439999655e+00
-1.868399459999999998e-02 -6.221937644999999545e-02 4.906744557439999710e+00 1.370305428754999966e+01 9.586761327999999693e-01
9.914009914000000423e-01 -3.062445164999999872e-02 1.954083058579999976e+00 -1.398523660200000074e-01 -1.969146287999999981e-02
-1.963697174999999920e-02 9.306003250900000134e-01 4.896749235199999717e+00 2.370949671461999841e+01 4.952710873220000032e+00
3.917366398480000012e+00 7.823942213479999630e+00 1.382860348808000062e+01 4.915884823429999884e+00 1.959061107169999927e+00
5.781229990079999936e+00 2.156358442944999965e+01 2.353984669500000138e+01 9.793681162660000439e+00 4.896522111200000360e+00
7.787854657699999628e+00 1.857066278050000108e+01 3.252105975749999800e+01 7.791541795519999702e+00 1.899248862799999937e+00
9.600533158599999783e-01 2.915025902670000058e+00 1.906375946690000101e+00 9.613292230000000105e-01 -1.915562762999999807e-02
2.929319832540000057e+00 5.855137390320000357e+00 6.822295946799999733e+00 1.927503419690000053e+00 -3.549316319999999692e-02
1.862717603743000083e+01 1.279153729191999922e+01 9.819856508679999152e+00 8.831993616720000162e+00 4.908725992399999960e+00
1.375048503878000083e+01 6.865219636900000033e+00 6.876083151159999574e+00 3.889308682119999805e+00 2.940874192559999933e+00
6.003273156640000252e+01 3.648623540887000161e+01 3.155439242957000090e+01 2.056184475599999928e+01 1.177269159053999914e+01
6.853320197440000427e+00 4.913761316899999620e+00 2.928599103449999852e+00 1.931277898999999909e+00 -3.773674007999999747e-02
1.892233716050000014e+00 9.401656240000000331e-01 1.951317350839999909e+00 3.952801973920000211e+00 -2.642099390999999922e-02
2.166120183784000020e+01 5.887079520000000343e+00 8.853850808189999810e+00 8.806131047339999185e+00 5.907021969479999690e+00
2.160761290203999963e+01 5.870045055570000336e+00 1.181202658940999939e+01 6.768536324560000317e+00 9.891109447390000753e+00
6.997857663499999603e+01 1.167150565829999920e+01 2.463791588655999831e+01 4.549353643540000292e+01 1.372547117525000004e+01
8.870617261439999623e+00 3.957448449010000147e+00 -5.889728051999999769e-02 9.257107568500000383e-01 9.639287560000000532e-01
2.903084011109999807e+00 -3.073689828000000096e-02 -4.156524395999999788e-02 4.943613511309999708e+00 -2.668927805999999833e-02
-1.767414897000000110e-02 2.956066053599999854e+00 3.804377248299999792e+00 -9.831694950000000044e-02 9.553025800000000123e-01
9.312221548000000348e-01 3.836127288100000143e+00 4.425849268956000060e+01 2.967286724291999889e+01 8.831906635679999340e+00
9.826565780799999539e-01 -4.235582420999999681e-02 3.817131249100000012e+00 2.903976458579999864e+00 -4.274547794999999928e-02
-1.187495315999999995e-02 2.970756045119999911e+00 3.870716953000000071e+00 9.342606122200000085e-01 9.704185335099999588e-01
-3.183098310000000153e-02 3.918654534999999939e+00 1.363901459647999914e+01 7.818399241729999893e+00 5.918289138329999588e+00
9.712419608800000326e-01 2.956274878079999890e+00 3.853304528799999851e+00 2.979624923039999818e+00 -3.467389679999999946e-02
7.619966835739999667e+00 3.342578370351999695e+01 1.161578910817899981e+02 1.074382256198000007e+01 2.356001615426999862e+01
3.904984961229999829e+00 6.855138185739999557e+00 2.452452109324000062e+01 9.350579130399999661e-01 7.879499483300000051e+00
9.721841285800000287e-01 -3.882313800000000009e-02 4.857319156099999979e+00 9.823611970000000193e-01 -3.179293334999999665e-02
2.941481483580000056e+00 1.911896172020000062e+00 1.069453741699999938e+01 1.956946601360000093e+00 2.927625596850000012e+00
5.801044119360000195e+00 6.860319945279999665e+00 1.942873071680000008e+00 1.573190548072000006e+01 -2.668484411999999875e-02
1.560794967412000034e+01 1.869895466451999866e+01 4.888818285440000189e+00 2.947430398655999895e+01 1.947083999239999974e+00
3.446905200650000012e+01 2.262784557695000132e+01 3.863987767839999865e+00 4.531005173620000193e+01 -6.741014237999999603e-02
8.790053642460000205e+00 1.847581044500000047e+00 9.368717589999999706e-01 1.470850036871999933e+01 9.730227491199999745e-01
4.889822147600000335e+00 9.306299054800000192e-01 -2.895961814999999800e-02 2.858199002400000133e+00 1.985863217419999938e+00
-3.360277385999999727e-02 -4.633801263000000142e-02 8.989487945199999830e-01 9.808218811000000148e-01 9.682957867599999435e-01
3.935450652880000177e+01 5.108763966658000300e+01 1.277826529231300015e+02 1.167001391288999912e+01 2.240324668714999845e+01
4.893296544590000074e+00 9.848440457740000653e+00 1.564062346222000066e+01 -6.286533686999999648e-02 3.901688929480000123e+00
-2.910789269999999873e-02 -4.048199451000000088e-02 1.898854554799999983e+00 -1.887788186999999826e-02 9.732362513500000256e-01
3.924038433279999794e+00 5.894779289279999723e+00 8.744779925279999588e+00 3.956024948530000085e+00 2.930519775450000086e+00
6.890376310719999786e+00 -3.630279383999999998e-02 8.762960370420000089e+00 3.858149721999999837e+00 1.925104232900000101e+00
2.253932459977999869e+01 8.856617334839999245e+00 7.611826404613999841e+01 2.147141929305999852e+01 1.771857464976000074e+01
3.886348446399999990e+00 -3.574215476999999946e-02 8.784949237919999376e+00 5.869399695360000280e+00 4.928979614720000235e+00
5.890047748799999816e+00 9.656671974399999581e-01 6.785383310440000315e+00 3.873979497730000165e+00 4.930571497999999941e+00
7.876880907200000337e+00 1.961332235390000012e+00 1.755418816009999938e+00 1.185325219307999944e+01 4.922616868699999593e+00
9.812122727500000030e-01 6.921749779899999844e+00 3.816411622419999983e+00 9.670582485099999959e-01 1.951287371929999903e+00
3.907998884559999997e+00 2.964866496240000160e+01 5.308335556037999936e+01 5.839896858000000357e+00 1.775272940621999851e+01
9.686396349999999433e-01 3.886956918400000127e+00 1.371940380787999914e+01 9.495891275500000228e-01 5.919124497000000318e+00
9.662475300399999689e-01 4.865360691110000246e+00 8.662873613040000365e+00 4.935554833460000346e+00 1.904982152959999953e+00
9.640702589499999808e-01 5.857759706999999594e+00 1.364574807059000072e+01 2.939673642959999889e+00 2.910562958999999950e+00
-2.250755504999999920e-02 4.849392209360000372e+00 5.807328986309999941e+00 2.932122638280000082e+00 9.440890436800000174e-01
2.939429386650000087e+00 2.764300110543999978e+01 2.853329256218000154e+01 8.821412354250000476e+00 5.861638391999999698e+00
-3.049664984999999814e-02 1.081760823055999943e+01 1.774570663980000162e+01 6.909990156160000119e+00 6.936560160099999983e+00
9.818059703499999458e-01 1.287093829197999995e+01 7.847166141439999798e+00 1.942720582700000032e+00 3.955149526450000064e+00
9.663336719199999703e-01 6.809047769860000265e+00 2.373500070617999924e+01 3.905568644800000211e+00 5.926952984999999785e+00
-3.810613247999999897e-02 4.834637895740000246e+00 4.852566728960000297e+00 4.948056797899999637e+00 1.956234747439999921e+00
3.792657042400000122e+00 5.819293285529000315e+01 6.918052736913999468e+01 5.710303103100000222e+00 1.476457548287999977e+01
9.653048099200000065e-01 4.866933891739999574e+00 2.869714626599999985e+00 4.954899325549999567e+00 -3.844448082000000155e-02
-2.554139222999999778e-02 5.901446312610000078e+00 3.911154770920000079e+00 1.966479957920000077e+00 3.971756980749999943e+00
1.956616568480000096e+00 1.884574500400000119e+01 2.831865604319999896e+00 2.941070721240000019e+00 9.502343581600000144e-01
9.241083298000000168e-01 -3.591647892000000147e-02 -8.275783526999999640e-02 4.910164515950000030e+00 -8.788382549999999502e-03
7.403020978367999305e+01 1.950644124200000107e+01 6.097029139285999833e+01 7.478858889210999905e+01 1.875113053850000044e+00
8.828076800970000804e+00 3.920465339410000194e+00 6.808745327199999586e+00 1.080221605084999936e+01 1.977012426800000000e+00
6.848049033339999703e+00 5.926211073600000212e+00 5.833525908300000395e+00 7.805074472000000263e+00 9.803888316100000111e-01
3.920720018799999984e+00 9.636338155600000510e-01 2.911002327299999859e+00 9.034678053100000383e-01 -1.040435684999999923e-02
3.961898729950000142e+00 7.883215072369999632e+00 8.876913660359999625e+00 1.933379450479999928e+00 1.964227471849999906e+00
8.807651937359999295e+00 3.622460574421000246e+01 4.843813872423999811e+01 1.267855295394999970e+01 1.781545480181999963e+01
1.956458793439999955e+00 7.836946679240000435e+00 6.858777132610000216e+00 1.921919966569999971e+00 1.958891933000000085e+00
9.750359231199999810e-01 1.923147297200000105e+00 9.242438330800000212e-01 1.962096273560000048e+00 9.762973685200000418e-01
1.941197872610000097e+00 7.775897980399999909e+00 4.844113633760000148e+00 6.894759810400000077e+00 2.940172486319999834e+00
9.414881401600000421e-01 9.794701935999999831e-01 -8.535341952000000121e-02 -7.831330452000000164e-02 -1.463999669999999954e-02
3.334513961833000195e+01 1.075389578435000004e+01 6.698849239903999830e+01 7.107609232439999403e+01 6.828342369999999661e+00
8.812375215839999498e+00 2.925707159639999944e+00 1.571481720475000010e+01 1.972849635920000111e+01 -4.970574233999999758e-02
2.885110424580000110e+00 9.577727835399999501e-01 6.829427063679999854e+00 7.842489684200000255e+00 -2.746774800000000016e-02
1.090654674896000031e+01 9.572087238399999976e-01 7.821656477720000389e+00 6.833756614120000350e+00 -2.971330370999999970e-02
3.928289122929999877e+00 9.676882025199999848e-01 1.916305097600000007e+00 1.926392683700000052e+00 -2.028499199999999822e-02
8.679964611382000328e+01 2.546593681615999927e+01 8.556116877149999311e+01 7.169854112811999869e+01 9.674377849449999900e+00
1.278359468464000059e+01 6.899859651399999905e+00 1.274888866809999932e+01 2.476575729717999863e+01 5.940278797200000405e+00
3.887778119080000039e+00 3.949675307500000176e+00 3.872794888120000056e+00 4.877486323880000363e+00 1.969029893000000087e+00
1.926386361650000101e+00 -3.358862720999999940e-02 -8.702400563999999894e-02 1.921093239259999974e+00 -1.886708700000000113e-02
9.267526201600000402e-01 9.616877306200000142e-01 4.798379136740000384e+00 4.919067072049999823e+00 -4.014668610000000221e-02
1.560411450880000039e+01 1.480468679628000039e+01 7.493619069174999936e+01 1.759761342450000043e+01 1.478456705400000004e+01
2.925159030210000122e+00 9.606624180399999657e-01 4.793817786980000051e+00 2.915025841919999916e+00 -4.007281247999999740e-02
2.925683640479999958e+00 9.609717165400000205e-01 4.798848317900000104e+00 2.917409280689999829e+00 9.593388586000000107e-01
1.488714055512000023e+01 9.437926014999999946e-01 1.269124581352000014e+01 9.877738470400000637e+00 1.939063369519999913e+00
4.895995015849999632e+00 2.940658980419999846e+00 1.180641148391999984e+01 7.800681075740000026e+00 3.950054005989999784e+00
2.940822695190000058e+00 7.965044421650000039e+00 1.884668853079999984e+00 2.881987404779999817e+00 -2.896985168999999943e-02
4.901093828959999676e+00 3.943659753399999968e+00 2.808470899200000037e+00 9.810182365210000199e+00 1.950538543129999969e+00
7.892952641269999958e+00 4.940613403340000431e+00 8.798804833049999274e+00 1.880223111117999935e+01 -5.372131896000000018e-02
1.584872002600000052e+01 1.911505329199999936e+00 1.970423030467999936e+01 1.773166947264000015e+01 2.922982957919999958e+00
1.960125255199999916e+00 4.854118818559999937e+00 1.370793243397999994e+01 1.183167740730000084e+01 2.930087733600000188e+00
1.949644679780000001e+00 7.797959713070000021e+00 1.464562392594000073e+01 1.380324068464999954e+01 3.912485591199999835e+00
9.663182244100000373e-01 4.881389247319999569e+00 1.179319243890000024e+01 6.857140766559999712e+00 8.941063700160000849e+00
-1.348168940999999905e-02 9.468732015999999918e-01 1.903261092499999974e+00 9.451826651800000478e-01 1.977041889739999947e+00
-5.603020370999999694e-02 1.676813399270000104e+01 1.960986455947999829e+01 1.376890042604000008e+01 7.903836846979999997e+00
9.630851085999999617e-01 1.378086276037999980e+01 2.852783429070000043e+00 1.941367390219999933e+00 5.907094030319999689e+00
1.899005822299999924e+00 4.938876791204000227e+01 3.662996743350999651e+01 1.838286525350000034e+00 1.774493629739999889e+01
-3.415675554000000003e-02 7.796521688480000378e+00 5.870799921299999724e+00 3.947457879039999895e+00 2.913840050520000169e+00
-1.443674340000000028e-02 2.914049122049999774e+00 -5.084119386000000157e-02 1.977529537279999916e+00 1.962286043600000029e+00
2.941222019520000064e+00 2.066523772844999840e+01 1.581240997779999979e+01 6.911540198079999975e+00 1.085761451936000022e+01
3.912771877600000003e+00 -1.541333691000000040e-02 2.884254110400000126e+00 9.818925725530000648e+00 -1.794555000000000108e-02
1.265327484250000012e+01 9.477639594100000231e-01 2.652784013951999853e+01 4.831794410404000217e+01 9.327216057399999594e-01
1.677474405439999927e+01 9.667868863599999862e-01 1.369113603583999961e+01 2.758370359743999956e+01 9.558264588400000594e-01
5.911891307160000331e+00 -1.615628267999999826e-02 4.876946643560000183e+00 1.181309771153999932e+01 9.801905306499999471e-01
1.081232873237000014e+01 -2.584830528000000086e-02 8.752486335749999569e+00 2.166388686310000011e+01 9.673191357399999468e-01
1.962759337939999904e+00 9.876241148140000092e+00 2.271006985280000023e+01 5.899051989060000167e+00 4.918821184399999602e+00
3.940837920759999946e+00 5.800250244839999958e+00 1.852505364231999962e+01 1.785453078375000047e+01 4.874040844699999653e+00
-2.639814381000000001e-02 7.909763600779999848e+00 6.787811133159999955e+00 9.286683098500000400e-01 3.941619574000000181e+00
-1.130375898000000011e-02 -3.798013455000000260e-02 -9.087922008000000329e-02 -3.044525615999999976e-02 9.760958631999999691e-01
1.951207705999999931e+00 6.828787814920000088e+00 3.560537729232000004e+01 4.865549765359999945e+00 4.893865789100000363e+00
-1.783801034999999910e-02 8.841858875639999837e+00 1.174629155456999996e+01 -1.436932548000000032e-02 -7.297255494000000342e-02
4.867619979559999699e+00 8.281220184119999317e+01 9.419458325316000469e+01 2.889153725879999968e+00 2.847295395875000068e+01
-1.428564438000000034e-02 4.881019674560000077e+00 5.796944469599999650e+00 -1.264335479999999928e-02 -6.226507097999999657e-02
-9.946261349999999113e-03 9.039447794799999603e-01 3.855087107140000136e+00 -8.821394099999999364e-03 1.955781484400000103e+00
-2.851699283999999807e-02 1.274664840898000051e+01 2.260354333081999911e+01 -2.380097924999999975e-02 6.884233341999999922e+00
9.622270253800000450e-01 -6.235354484999999780e-02 2.947925210969999821e+00 9.671879003500000183e-01 -1.702010232000000095e-02
5.929954397718000081e+01 9.660040943372000299e+01 5.183874017819000102e+01 4.325916446144000105e+01 3.162479204705000058e+01
6.900728540830000313e+00 9.820534686040000238e+00 5.855437109760000425e+00 5.904448912950000405e+00 9.513153387999999655e-01
9.357443847999999953e-01 5.879948187660000158e+00 9.008715033999999955e-01 6.936817407999999574e+00 -3.093464844000000033e-02
1.952751578150000000e+00 2.916459977700000206e+00 3.929251359999999860e+00 4.953956736650000359e+00 -2.272354559999999885e-02
4.947942166699999866e+00 3.869897350450000051e+00 1.371859389617000069e+01 2.913717601200000118e+00 4.947668950459999770e+00
3.858856921660000161e+00 1.865959793253999877e+01 4.025146518140000040e+01 6.761366368180000030e+00 7.851201247159999674e+00
1.955541247310000008e+00 3.887376216519999872e+00 9.761920594479999380e+00 2.923804414560000176e+00 -4.707608867999999586e-02
9.635646367000000323e-01 -7.649570907000000086e-02 9.811633458339999336e+00 2.942644340639999800e+00 1.965593340829999924e+00
8.917503166979999563e+00 8.808740451000000249e+00 2.557181165696000136e+01 6.873011013130000180e+00 3.915137275240000214e+00
-2.042106390000000132e-02 6.875590113880000409e+00 1.184144655891000042e+01 -4.901633999999999852e-02 1.925751451250000024e+00
3.889046576650000198e+00 4.131568191093000308e+01 3.616234498080999771e+01 2.073259429499999840e+01 1.864035447742000073e+01
-3.053237246999999932e-02 9.815451696280000249e+00 9.777385004319999240e+00 3.929523487600000031e+00 6.896431247019999766e+00
1.975149775100000005e+00 1.784584860758999980e+01 1.780579716939000079e+01 9.416469034000000127e-01 7.910719486639999687e+00
-4.551433334999999830e-02 1.472247737880000074e+01 1.965346533992000033e+01 2.890987083120000189e+00 1.683926921005999944e+01
9.114892766200000107e-01 2.953320783780000180e+00 7.907267302280000187e+00 9.013915404100000250e-01 9.895593810699999660e-01
6.916038428427999918e+01 1.655918048699000167e+01 4.308718302583999815e+01 7.208015844825999352e+01 9.016627308400000373e-01
1.674752161085000068e+01 8.864018176860000153e+00 1.272036836883999911e+01 1.173181357974000072e+01 9.708349577499999494e-01
3.847013783680000021e+00 6.918790793200000344e+00 9.832981717899999197e+00 9.853788374200000533e+00 9.828307645299999562e-01
-1.071615744000000009e-01 8.939944125449999390e+00 6.880882059340000190e+00 1.886845038769999983e+00 -1.270626830999999936e-02
9.864897370299999579e+00 1.971009960680000006e+00 4.890023910500000071e+00 9.782503109200000324e+00 1.968831605000000096e+00
1.674552104071999992e+01 5.934268315319999765e+00 8.744411242440000009e+00 2.351164925850000031e+01 2.934961449329999805e+00
2.668109235984000094e+01 9.328873171600000624e-01 1.675733264027000047e+01 2.153369855928999854e+01 6.937401012999999672e+00
1.970354697976999958e+01 9.364147245999999702e-01 9.763765294960000674e+00 3.252462398835000101e+01 5.935531861860000369e+00
7.840135121120000328e+00 -3.282355548000000234e-02 2.877993850440000223e+00 1.975602706040000101e+01 3.966455880669999878e+00
2.946459913680000042e+00 9.359263820800000078e-01 2.962407418050000185e+00 2.905659534899999841e+00 -2.935740590999999858e-02
2.162772990247000138e+01 4.054238778650000086e+01 7.737079374350000371e+00 3.732423350293999675e+01 1.378719440645000027e+01
2.832612548250000195e+00 1.779355874492999945e+01 6.882014489560000392e+00 9.713315209599999278e+00 2.909669439900000043e+00
4.880528431160000125e+00 7.856354988799999717e+00 5.917214003459999816e+00 1.180212998916000089e+01 9.360941881600000070e-01
6.886252027240000295e+00 1.860714777350000126e+00 3.924254714619999973e+00 1.080958573784000087e+01 -6.353339975999999778e-02
1.894949160859999981e+00 7.873574407010000442e+00 -3.820212233999999846e-02 6.882317489500000107e+00 -6.352767467999999307e-02
2.457897528886000060e+01 4.050276306439999985e+01 7.837349866460000314e+00 1.953273009008000116e+01 2.173288519192000123e+01
4.876670111180000156e+00 8.852542953840000450e+00 1.952625934999999924e+00 4.865530877780000374e+00 6.924734217610000186e+00
3.941719878729999849e+00 3.927965348919999933e+00 1.978500043639999983e+00 1.935493725439999979e+00 1.962831026179999938e+00
5.853712347600000143e+00 4.821335343500000370e+00 9.436811374000000363e-01 5.834125050719999983e+00 2.906007945059999820e+00
-7.420648464000000055e-02 1.954862492419999986e+00 1.887677779519999932e+00 4.912974811759999838e+00 9.781254413200000108e-01
4.316302383776000084e+01 3.551728129704000025e+01 7.165862397982000687e+01 6.702100227229999518e+01 9.766283530689999992e+00
6.828642235240000247e+00 7.899464676770000082e+00 2.473184146966000085e+01 8.802400376879999655e+00 3.955245821680000162e+00
3.885861651519999960e+00 2.927884670490000119e+00 1.779997793580000121e+01 6.858083964579999581e+00 9.653792213799999855e-01
2.913876545880000002e+00 9.502094822500000149e-01 8.866571964300000275e+00 8.994835157499999623e-01 -2.409385094999999880e-02
3.902167831449999902e+00 1.948795655599999899e+00 1.087539958972999976e+01 3.853000583590000083e+00 -1.807167671999999892e-02
6.014467343518000320e+01 2.158976467759000073e+01 6.198198032141999647e+01 8.184639474703999440e+01 2.860600219050000170e+00
5.793691715339999604e+00 4.903082269609999599e+00 1.376263134518000086e+01 1.773815411393999852e+01 -3.236042825999999734e-02
9.835908100479999305e+00 6.922320471069999925e+00 7.808215086619999745e+00 7.785191823199999916e+00 1.972763404940000020e+00
1.924565044249999968e+00 1.964644373989999915e+00 5.912586711600000378e+00 -9.935834220000000494e-02 9.877742082999999562e-01
4.927261611199999614e+00 9.537682374999999491e-01 8.743963855140000518e+00 9.906735462760000388e+00 9.454745227599999913e-01
6.813659939829999956e+00 1.087595660000000031e+01 5.532090981535999674e+01 7.762496815519999593e+00 9.860245846479999798e+00
2.901726236460000052e+00 1.941324873319999922e+00 1.865913992128000132e+01 1.856778118220000051e+00 5.929449008099999752e+00
-5.317068176999999868e-02 9.653775155199999514e-01 5.799074296559999731e+00 2.934997235940000060e+00 9.612177054399999587e-01
5.887671305999999660e+00 9.257004050499999526e-01 1.759534381422000138e+01 1.385286603125000049e+01 6.915175167040000126e+00
-3.531229343999999631e-02 5.904849026219999963e+00 4.945174860019999841e+00 -1.544456160000000008e-02 9.660328735600000050e-01
3.239732158169999821e+01 1.062709689196800014e+02 4.601093350168999763e+01 5.750043760499999657e+00 4.644031902878000295e+01
3.928770341499999930e+00 4.803765972079999891e+00 2.889902067870000035e+00 3.967674716019999881e+00 9.275647966300000213e-01
-3.561392852999999831e-02 8.993866170700000051e-01 -6.167862936000000074e-02 1.984593520550000045e+00 1.963026820190000077e+00
3.929268881920000123e+00 1.080491769650000045e+01 8.886021905430000700e+00 1.969108751360000076e+00 2.929518238800000063e+00
1.974415160990000029e+00 2.893889779679999830e+00 5.834547652020000363e+00 -1.090633004999999947e-02 9.535031649999999859e-01
1.172157099932999991e+01 8.677442451849999827e+01 1.192018768730499971e+02 1.877199684320000062e+00 2.749524906538000124e+01
1.978327759069999914e+00 9.098479250200000035e-01 2.861874153840000101e+00 9.904579586199999675e-01 9.593623000000000012e-01
-1.380474899999999984e-02 -5.894541395999999822e-02 9.046558201600000126e-01 -6.583569840000000166e-03 -2.627131320000000020e-02
3.954098118100000114e+00 6.805284926199999695e+00 2.573697771799999856e+01 -1.995494859000000037e-02 5.918413517880000363e+00
4.928581595299999840e+00 5.900576345880000240e+00 1.177641382080000021e+01 9.770559254200000154e+00 4.946229698719999845e+00
5.923975765199999799e+00 3.893187151659999845e+00 1.376401837945999951e+01 1.777379058720000060e+01 9.449446734099999912e-01
2.938297699200000057e+00 4.911740842370000415e+00 4.808764588999999923e+00 9.798128994160000715e+00 1.954463821760000108e+00
1.947359395999999965e+00 9.251019567999999582e-01 6.851248033840000140e+00 9.828276990850000061e+00 1.960813131499999917e+00
8.891235213659999914e+00 6.845852590359999823e+00 2.467570878880000151e+01 2.064963719325000113e+01 3.918917738020000208e+00
9.108461252799999741e-01 9.646265774800000248e-01 -8.262057348000000079e-02 1.912412555119999968e+00 -2.381322240000000034e-02
8.195143477025000323e+01 1.857312521452000098e+01 8.505205017656000166e+01 5.493266892514999711e+01 1.272446780799999999e+01
2.657808162882000147e+01 6.824935714120000441e+00 1.763045551440000125e+01 2.357942373969000016e+01 6.888379476039999894e+00
6.871450278400000222e+00 2.945401642200000225e+00 8.901501198400000314e-01 7.873039129040000361e+00 9.673479296200000466e-01
1.917339059359999931e+00 -3.416436143999999897e-02 1.920074899160000070e+00 3.916405526260000158e+00 -2.106136889999999859e-02
-1.991947787999999789e-02 8.857124331659999683e+00 1.569201431721999995e+01 1.941656671999999917e+00 1.931318618509999974e+00
5.939826493200000002e+00 1.757839342373999969e+01 6.112910103560000152e+01 2.482061556940000102e+01 1.077324337063999948e+01
1.988615124380000099e+00 2.919375336989999958e+00 8.301708478000000557e-01 2.966549713500000074e+00 -4.129949754000000056e-02
-6.251583239999999701e-03 9.553222824400000590e-01 1.896168102320000104e+00 -1.945632959999999897e-02 -2.342692043999999862e-02
-2.655614807999999785e-02 1.681879536494000149e+01 2.255760363487999953e+01 9.201032888500000340e-01 1.897582086919999966e+00
9.813567362499999724e-01 3.912660084640000147e+00 1.902859513129999902e+00 3.946402607800000073e+00 2.959638245939999912e+00
1.861430149100000042e+00 4.138333655424000312e+01 6.731065853069000582e+01 1.463950280048999986e+01 1.371180850592000056e+01
4.961500032560000051e+00 6.822418548399999949e+00 1.380285637124000075e+01 7.892331568100000361e+00 3.921348066070000193e+00
1.978273070299999992e+00 3.904648772349999852e+00 -1.140679835099999984e-01 4.937224196479999883e+00 -4.326666434999999755e-02
1.946194565779999941e+00 1.374796598900000077e+01 1.072388391383000084e+01 5.847634381379999802e+00 6.887217058000000058e+00
1.478018775984000044e+01 4.915378943600000383e+00 2.848060971929999852e+00 8.757774567360000262e+00 9.736742791000000397e-01
5.117823648745000042e+01 2.367825845982000033e+01 5.735610209920000102e+01 6.905912061067000707e+01 3.905087785870000161e+00
4.049065173380000004e+01 6.800194290040000311e+00 2.761634480409999881e+01 3.740580088202000297e+01 1.939490817860000105e+00
9.788164158700000783e+00 2.914907839500000097e+00 1.283419428384999961e+01 8.741514839580000640e+00 -2.609473239000000000e-02
-7.570487529000000104e-02 -3.033913805999999963e-02 1.938009362689999904e+00 2.914045737059999919e+00 9.911122847200000141e-01
3.887745544930000019e+00 4.911619344800000064e+00 1.764753868169999862e+01 2.893169832239999906e+00 9.276771411999999994e-01
2.851585013072000052e+01 3.158304680731999881e+01 8.739890585845999738e+01 3.554165578544999704e+01 1.368442068224000074e+01
4.853213470220000048e+00 6.881637849279999664e+00 2.754547716052000084e+01 7.869018118939999695e+00 4.910098723700000001e+00
5.904742797960000011e+00 3.920906403040000043e+00 1.568852439009999955e+01 9.065158466499999568e-01 3.938024376850000063e+00
3.911603374839999869e+00 9.261428983299999640e-01 1.371637689295999962e+01 5.910226852740000147e+00 9.430638169599999676e-01
2.883737016930000063e+00 -8.186185781999999467e-02 -1.354848184799999911e-01 5.923529055060000381e+00 9.703151459200000106e-01
6.999712144244000456e+01 4.821117459069999711e+01 6.585155078098000558e+01 3.935910989487999956e+01 1.173787598100000018e+01
2.258551066208000080e+01 2.167748660110000003e+01 2.457892734657999867e+01 1.874664794727999961e+01 8.895153389400000776e+00
7.867551447080000315e+00 2.894159476470000047e+00 4.851808770649999936e+00 3.919860422500000219e+00 2.967200325749999923e+00
-6.329344617000000339e-02 9.480479389300000559e-01 9.264303324999999534e-01 -4.082770169999999643e-02 -1.616131439999999794e-02
-4.443014996999999910e-02 -5.914050407999999620e-02 6.793801713339999715e+00 3.937437132519999938e+00 -5.051094147000000090e-02
1.472818055802000003e+01 1.564064006641000049e+01 8.375030863960000715e+01 1.562785917361000010e+01 1.472710547742000031e+01
4.924416886340000410e+00 2.894587839300000187e+00 1.065093111640999979e+01 4.898100321680000313e+00 2.919541061369999913e+00
9.531335247400000155e-01 3.939620366020000208e+00 6.788244807159999894e+00 2.938173028860000091e+00 -4.867998911999999595e-02
2.910535304789999778e+00 6.882889201270000257e+00 1.459867213823999954e+01 5.876422447200000398e+00 4.906513981219999820e+00
